0 0.4534375 0.5858333333333333 0.093125 0.12333333333333334
0 0.486875 0.26625 0.0925 0.12416666666666666
0 0.7809375 0.10583333333333333 0.096875 0.12833333333333333
0 0.17875 0.38083333333333336 0.095 0.12666666666666668
0 0.14125 0.63 0.09875 0.13166666666666665
0 0.623125 0.16083333333333333 0.095 0.12666666666666668
0 0.918125 0.2175 0.09 0.12
0 0.329375 0.11958333333333333 0.09 0.12083333333333333
0 0.293125 0.43916666666666665 0.10375 0.13833333333333334
0 0.3965625 0.45625 0.103125 0.1375
0 0.825625 0.6241666666666666 0.10375 0.13833333333333334
0 0.28 0.61125 0.10875 0.14583333333333334
0 0.5453125 0.8470833333333333 0.093125 0.12416666666666666
0 0.469375 0.8583333333333333 0.10875 0.145
0 0.6621875 0.29 0.104375 0.13833333333333334
0 0.765625 0.5425 0.07875 0.105
0 0.921875 0.4041666666666667 0.11 0.14666666666666667
0 0.583125 0.6954166666666667 0.0875 0.11583333333333333
0 0.3959375 0.6704166666666667 0.098125 0.13083333333333333
0 0.5603125 0.63875 0.113125 0.15083333333333335
0 0.61875 0.36833333333333335 0.11 0.14666666666666667
0 0.7153125 0.5808333333333333 0.094375 0.125
0 0.688125 0.36125 0.09875 0.1325
0 0.3653125 0.7870833333333334 0.113125 0.15083333333333335
1 0.670625 0.53375 0.11125 0.14916666666666667