0 0.6828125 0.4191666666666667 0.060625 0.08166666666666667
0 0.50625 0.33458333333333334 0.06375 0.0875
0 0.7078125 0.60375 0.063125 0.0825
0 0.239375 0.7683333333333333 0.06125 0.085
0 0.389375 0.68125 0.06375 0.08416666666666667
0 0.25625 0.215 0.07125 0.07333333333333333
1 0.6909375 0.9058333333333334 0.071875 0.09666666666666666
0 0.745625 0.81375 0.05875 0.07583333333333334
0 0.8178125 0.5095833333333334 0.060625 0.07916666666666666
0 0.614375 0.43833333333333335 0.07875 0.09333333333333334
0 0.551875 0.23 0.07625 0.08833333333333333
0 0.7171875 0.7391666666666666 0.066875 0.09
0 0.2628125 0.29583333333333334 0.066875 0.08833333333333333
0 0.5846875 0.8870833333333333 0.065625 0.09416666666666666
0 0.31875 0.3566666666666667 0.0675 0.09166666666666666
0 0.375 0.48625 0.055 0.0825
0 0.4378125 0.27625 0.061875 0.0725
0 0.6009375 0.7416666666666667 0.066875 0.09666666666666666
0 0.5009375 0.5795833333333333 0.061875 0.07916666666666666
0 0.4334375 0.7433333333333333 0.063125 0.09166666666666666
0 0.469375 0.94625 0.0675 0.08583333333333333
0 0.1565625 0.19 0.063125 0.09166666666666666
1 0.20375 0.5616666666666666 0.08125 0.10166666666666667
0 0.835625 0.0525 0.06 0.09166666666666666
0 0.2746875 0.08083333333333333 0.059375 0.07666666666666666
0 0.1571875 0.12916666666666668 0.064375 0.10166666666666667
0 0.2909375 0.5758333333333333 0.054375 0.085
0 0.3325 0.805 0.06875 0.095
0 0.2125 0.3279166666666667 0.06625 0.08583333333333333
0 0.75875 0.93125 0.0625 0.0825
0 0.2296875 0.44 0.058125 0.08333333333333333
0 0.538125 0.78 0.065 0.09166666666666666
0 0.169375 0.73125 0.06 0.07583333333333334
0 0.3865625 0.8345833333333333 0.080625 0.0875
0 0.2503125 0.95375 0.064375 0.09083333333333334
0 0.4284375 0.49291666666666667 0.060625 0.08583333333333333
0 0.1875 0.8216666666666667 0.06875 0.08666666666666667
0 0.8378125 0.2475 0.071875 0.09833333333333333
0 0.5671875 0.3854166666666667 0.065625 0.0875
0 0.59625 0.35083333333333333 0.06875 0.08666666666666667
0 0.3215625 0.52125 0.060625 0.08083333333333333
0 0.364375 0.87875 0.06375 0.0825
0 0.59125 0.27791666666666665 0.09 0.08916666666666667
0 0.8021875 0.17125 0.099375 0.07916666666666666
0 0.199375 0.86 0.06625 0.08666666666666667
0 0.753125 0.06625 0.05875 0.08083333333333333
0 0.38625 0.7895833333333333 0.06125 0.0875
0 0.4478125 0.54375 0.059375 0.09416666666666666
0 0.771875 0.08416666666666667 0.075 0.09166666666666666
0 0.8409375 0.4325 0.055625 0.08666666666666667