0 0.430625 0.13833333333333334 0.11125 0.14833333333333334
0 0.80625 0.4583333333333333 0.09875 0.13166666666666665
0 0.634375 0.89 0.10125 0.135
0 0.65125 0.6358333333333334 0.10375 0.13833333333333334
0 0.2275 0.8283333333333334 0.09875 0.13166666666666665
0 0.1175 0.4666666666666667 0.10375 0.13833333333333334
0 0.8265625 0.09541666666666666 0.113125 0.15083333333333335
0 0.9240625 0.48125 0.108125 0.14416666666666667
0 0.8665625 0.60125 0.093125 0.12416666666666666
0 0.4390625 0.38416666666666666 0.106875 0.14333333333333334
0 0.7709375 0.585 0.109375 0.145
0 0.4659375 0.22875 0.115625 0.15416666666666667
0 0.586875 0.14791666666666667 0.10625 0.14083333333333334
0 0.3803125 0.14708333333333334 0.104375 0.13916666666666666
0 0.52375 0.7458333333333333 0.10625 0.14166666666666666
0 0.6740625 0.35625 0.099375 0.1325
0 0.515625 0.5483333333333333 0.11375 0.15166666666666667
0 0.2590625 0.22375 0.116875 0.15583333333333332
0 0.4546875 0.7179166666666666 0.111875 0.14916666666666667
0 0.78375 0.3570833333333333 0.11125 0.14916666666666667
0 0.50625 0.4033333333333333 0.10875 0.145
0 0.3115625 0.33125 0.111875 0.14916666666666667
0 0.611875 0.39875 0.10875 0.14583333333333334
0 0.3184375 0.53375 0.115625 0.15416666666666667
0 0.56875 0.6479166666666667 0.1075 0.1425
0 0.6884375 0.13875 0.106875 0.1425
0 0.44 0.8429166666666666 0.10875 0.14583333333333334
0 0.92 0.24333333333333335 0.1075 0.14333333333333334
0 0.7196875 0.6479166666666667 0.104375 0.13916666666666666
0 0.7403125 0.40458333333333335 0.113125 0.15083333333333335
0 0.3128125 0.855 0.101875 0.135
0 0.6684375 0.8170833333333334 0.086875 0.11583333333333333
0 0.0834375 0.6945833333333333 0.110625 0.1475
0 0.3821875 0.30541666666666667 0.101875 0.13583333333333333
1 0.1578125 0.7408333333333333 0.139375 0.18666666666666668
0 0.575625 0.50875 0.1025 0.1375
0 0.7321875 0.07541666666666667 0.096875 0.12916666666666668
0 0.406875 0.29333333333333333 0.09875 0.13166666666666665
0 0.08625 0.6495833333333333 0.1075 0.14416666666666667
0 0.8565625 0.32708333333333334 0.139375 0.18583333333333332