0 0.8053125 0.45375 0.099375 0.1325
0 0.0715625 0.76125 0.098125 0.13083333333333333
0 0.753125 0.5916666666666667 0.105 0.14
0 0.92625 0.23083333333333333 0.095 0.12666666666666668
0 0.3246875 0.13208333333333333 0.090625 0.12083333333333333
0 0.3153125 0.63 0.091875 0.12333333333333334
0 0.680625 0.32416666666666666 0.10375 0.13833333333333334
0 0.343125 0.21083333333333334 0.09375 0.125
0 0.593125 0.2841666666666667 0.09 0.12
0 0.88125 0.43333333333333335 0.08625 0.115
0 0.3265625 0.8320833333333333 0.099375 0.1325
0 0.7134375 0.5070833333333333 0.099375 0.1325
0 0.530625 0.38416666666666666 0.11125 0.14833333333333334
0 0.4271875 0.27375 0.104375 0.13916666666666666
0 0.635 0.11166666666666666 0.08125 0.10833333333333334
0 0.71375 0.3854166666666667 0.10375 0.1375
0 0.8390625 0.5041666666666667 0.094375 0.125
0 0.695625 0.6116666666666667 0.095 0.12666666666666668
0 0.690625 0.7116666666666667 0.095 0.12666666666666668
0 0.6425 0.23916666666666667 0.10125 0.135
0 0.5934375 0.7475 0.099375 0.13333333333333333
0 0.13125 0.6058333333333333 0.1125 0.15
0 0.5453125 0.2995833333333333 0.103125 0.1375
0 0.946875 0.54625 0.09625 0.12916666666666668
0 0.578125 0.385 0.11 0.14666666666666667
1 0.1921875 0.42041666666666666 0.131875 0.17583333333333334
1 0.8646875 0.5983333333333334 0.125625 0.16833333333333333
1 0.684375 0.22916666666666666 0.12375 0.165
1 0.5075 0.16791666666666666 0.1175 0.1575
0 0.56875 0.13083333333333333 0.08875 0.11833333333333333
0 0.269375 0.5008333333333334 0.095 0.12666666666666668
0 0.2984375 0.46 0.095625 0.12833333333333333
0 0.2425 0.41083333333333333 0.10125 0.135
0 0.2053125 0.50625 0.088125 0.1175
0 0.1596875 0.5320833333333334 0.078125 0.10416666666666667
0 0.2940625 0.56 0.080625 0.10833333333333334