0 0.1015625 0.44875 0.105625 0.14083333333333334
0 0.8921875 0.3575 0.108125 0.145
0 0.135 0.6841666666666667 0.11 0.14666666666666667
0 0.86875 0.2758333333333333 0.0825 0.11
0 0.7025 0.8216666666666667 0.09375 0.125
0 0.7121875 0.6429166666666667 0.093125 0.12416666666666666
0 0.7875 0.6783333333333333 0.1075 0.14333333333333334
0 0.169375 0.46041666666666664 0.10875 0.14583333333333334
0 0.8603125 0.49125 0.111875 0.14916666666666667
0 0.3678125 0.16708333333333333 0.095625 0.1275
0 0.5 0.53 0.0875 0.11666666666666667
0 0.6515625 0.7920833333333334 0.098125 0.13083333333333333
0 0.5803125 0.14125 0.091875 0.1225
0 0.5909375 0.7716666666666666 0.089375 0.12
0 0.675625 0.09166666666666666 0.10375 0.13833333333333334
0 0.595 0.8758333333333334 0.10875 0.145
0 0.23125 0.6079166666666667 0.09625 0.1275
0 0.311875 0.7245833333333334 0.10625 0.1425
0 0.25625 0.7408333333333333 0.10375 0.13833333333333334
0 0.64125 0.6908333333333333 0.095 0.12666666666666668
0 0.578125 0.7245833333333334 0.0925 0.1225
0 0.705 0.44666666666666666 0.0925 0.12333333333333334
0 0.4203125 0.2970833333333333 0.111875 0.14916666666666667
0 0.5596875 0.8466666666666667 0.098125 0.13
0 0.719375 0.5425 0.1125 0.15
0 0.479375 0.82625 0.085 0.1125
0 0.4359375 0.17291666666666666 0.085625 0.11416666666666667
0 0.4928125 0.16375 0.090625 0.12083333333333333
0 0.674375 0.545 0.095 0.12666666666666668
0 0.491875 0.12125 0.09875 0.13083333333333333
0 0.555 0.46166666666666667 0.10125 0.135
0 0.4440625 0.5454166666666667 0.106875 0.1425
0 0.51875 0.8858333333333334 0.08125 0.10833333333333334
0 0.7753125 0.4379166666666667 0.104375 0.13916666666666666
0 0.9390625 0.20375 0.091875 0.1225
1 0.614375 0.5770833333333333 0.11375 0.1525
0 0.58625 0.4395833333333333 0.1025 0.13583333333333333
0 0.5496875 0.595 0.109375 0.145
0 0.591875 0.67875 0.1025 0.13583333333333333
0 0.7678125 0.47375 0.093125 0.12416666666666666
0 0.2721875 0.79125 0.099375 0.1325
0 0.1878125 0.89625 0.108125 0.14416666666666667
0 0.23125 0.86625 0.09875 0.1325
0 0.2340625 0.9354166666666667 0.086875 0.11583333333333333
0 0.4 0.09083333333333334 0.10375 0.13833333333333334