0 0.2771875 0.7379166666666667 0.078125 0.09916666666666667
0 0.2459375 0.6916666666666667 0.083125 0.10166666666666667
0 0.519375 0.33 0.07125 0.11166666666666666
0 0.778125 0.6158333333333333 0.075 0.095
0 0.1671875 0.16708333333333333 0.074375 0.09416666666666666
0 0.4403125 0.06916666666666667 0.070625 0.09666666666666666
0 0.575 0.6683333333333333 0.075 0.1
0 0.4159375 0.28791666666666665 0.076875 0.09083333333333334
0 0.579375 0.1675 0.0825 0.1
0 0.75375 0.8225 0.0725 0.09666666666666666
0 0.398125 0.16583333333333333 0.085 0.11
0 0.330625 0.47875 0.07625 0.10083333333333333
0 0.0659375 0.32958333333333334 0.064375 0.0825
0 0.899375 0.4058333333333333 0.07125 0.09166666666666666
0 0.77125 0.445 0.07 0.095
0 0.8609375 0.90625 0.069375 0.1075
0 0.3378125 0.8383333333333334 0.084375 0.12333333333333334
0 0.611875 0.44708333333333333 0.07375 0.10416666666666667
1 0.6853125 0.5825 0.086875 0.13833333333333334
0 0.175 0.5804166666666667 0.07875 0.1075
0 0.5421875 0.4375 0.068125 0.095
0 0.3525 0.05333333333333334 0.06625 0.095
0 0.6278125 0.2816666666666667 0.070625 0.08166666666666667
0 0.7821875 0.21625 0.068125 0.09083333333333334
0 0.050625 0.5558333333333333 0.06875 0.09166666666666666
0 0.2840625 0.07875 0.073125 0.12416666666666666
0 0.456875 0.34291666666666665 0.06375 0.11416666666666667
0 0.364375 0.3541666666666667 0.08125 0.10666666666666667
0 0.476875 0.6608333333333334 0.08375 0.105
0 0.526875 0.6175 0.07125 0.105
0 0.705 0.31666666666666665 0.07375 0.11333333333333333
0 0.5525 0.8095833333333333 0.05625 0.0925
0 0.053125 0.91625 0.06375 0.09583333333333334
1 0.6 0.9475 0.06125 0.10333333333333333