0 0.5715625 0.12791666666666668 0.064375 0.08583333333333333
0 0.1621875 0.7141666666666666 0.073125 0.09333333333333334
0 0.786875 0.7958333333333333 0.08375 0.085
0 0.891875 0.8795833333333334 0.07 0.0925
0 0.2759375 0.67875 0.083125 0.0825
0 0.2940625 0.5645833333333333 0.059375 0.09416666666666666
0 0.3478125 0.7741666666666667 0.089375 0.08833333333333333
0 0.31625 0.36375 0.0725 0.07583333333333334
0 0.476875 0.8083333333333333 0.05125 0.09666666666666666
0 0.41125 0.8320833333333333 0.06875 0.0875
0 0.3828125 0.9491666666666667 0.076875 0.08333333333333333
0 0.35875 0.6275 0.08375 0.09
0 0.668125 0.7816666666666666 0.06625 0.08
0 0.6415625 0.48583333333333334 0.075625 0.09166666666666666
0 0.9221875 0.5391666666666667 0.068125 0.08166666666666667
0 0.19875 0.2125 0.08875 0.075
0 0.6021875 0.7425 0.070625 0.08333333333333333
0 0.953125 0.62 0.07625 0.06333333333333334
0 0.8525 0.52125 0.07125 0.08416666666666667
0 0.525625 0.8816666666666667 0.09375 0.07666666666666666
0 0.90875 0.7991666666666667 0.08 0.06666666666666667
0 0.5015625 0.4716666666666667 0.085625 0.075
0 0.4209375 0.235 0.070625 0.09333333333333334
0 0.725625 0.22375 0.08 0.09416666666666666
0 0.75125 0.12625 0.0775 0.10083333333333333
0 0.39625 0.5629166666666666 0.0675 0.0875
0 0.8625 0.3904166666666667 0.06625 0.0975
0 0.3090625 0.24375 0.066875 0.09583333333333334
0 0.5446875 0.8029166666666666 0.081875 0.09583333333333334
0 0.776875 0.7108333333333333 0.08 0.09666666666666666
0 0.8365625 0.20416666666666666 0.068125 0.10333333333333333
0 0.1978125 0.09208333333333334 0.079375 0.07083333333333333
0 0.665625 0.08458333333333333 0.06875 0.0925
0 0.9503125 0.18875 0.076875 0.0875
0 0.434375 0.9029166666666667 0.09125 0.08083333333333333
0 0.1225 0.7691666666666667 0.1 0.06833333333333333
0 0.2215625 0.5120833333333333 0.066875 0.0825
0 0.50375 0.6754166666666667 0.0925 0.07916666666666666
0 0.6090625 0.05416666666666667 0.055625 0.10833333333333334
0 0.544375 0.4295833333333333 0.08 0.0825
0 0.4971875 0.28 0.083125 0.08833333333333333
0 0.1071875 0.67 0.088125 0.08166666666666667
0 0.201875 0.30625 0.09375 0.08916666666666667
0 0.0775 0.5920833333333333 0.07375 0.08916666666666667
0 0.905 0.04416666666666667 0.09125 0.08666666666666667
0 0.164375 0.8775 0.0975 0.07666666666666666
0 0.82125 0.29875 0.07125 0.10583333333333333
0 0.2965625 0.47833333333333333 0.101875 0.065
0 0.803125 0.17083333333333334 0.0675 0.13666666666666666
0 0.1859375 0.5816666666666667 0.081875 0.09166666666666666
0 0.386875 0.7070833333333333 0.09125 0.0775
0 0.9403125 0.3904166666666667 0.063125 0.10416666666666667
0 0.10375 0.36833333333333335 0.08375 0.10833333333333334
0 0.8375 0.60125 0.09 0.0825
0 0.6946875 0.32666666666666666 0.084375 0.08666666666666667
0 0.4484375 0.4225 0.081875 0.09666666666666666