0 0.4603125 0.34625 0.065625 0.0875
0 0.24375 0.6475 0.06375 0.10666666666666667
0 0.3434375 0.26666666666666666 0.074375 0.10166666666666667
0 0.3934375 0.9166666666666666 0.069375 0.09666666666666666
0 0.2534375 0.19 0.064375 0.08
0 0.1675 0.19375 0.065 0.08583333333333333
0 0.6903125 0.22916666666666666 0.066875 0.11
0 0.5840625 0.25375 0.059375 0.08916666666666667
0 0.2415625 0.8529166666666667 0.069375 0.0925
0 0.4146875 0.7083333333333334 0.056875 0.07833333333333334
0 0.6953125 0.5291666666666667 0.073125 0.09666666666666666
0 0.615625 0.5875 0.07125 0.09333333333333334
0 0.2578125 0.29333333333333333 0.068125 0.09833333333333333
0 0.3346875 0.77375 0.070625 0.09916666666666667
0 0.4140625 0.40791666666666665 0.066875 0.0925
0 0.7859375 0.41458333333333336 0.065625 0.09416666666666666
0 0.771875 0.6525 0.07 0.08333333333333333
0 0.5325 0.0625 0.06125 0.09333333333333334
0 0.4784375 0.7266666666666667 0.059375 0.08
0 0.7934375 0.10458333333333333 0.066875 0.0875
0 0.405625 0.24666666666666667 0.0575 0.07666666666666666
0 0.7965625 0.85125 0.073125 0.09416666666666666
0 0.6559375 0.7258333333333333 0.068125 0.08666666666666667
0 0.7584375 0.32458333333333333 0.063125 0.0925
0 0.5903125 0.9225 0.071875 0.08333333333333333
0 0.8221875 0.2791666666666667 0.060625 0.09166666666666666
0 0.5021875 0.2525 0.058125 0.07833333333333334
0 0.7275 0.13125 0.06375 0.0875
0 0.2121875 0.43 0.066875 0.08666666666666667
0 0.3153125 0.495 0.063125 0.09166666666666666
0 0.8490625 0.49875 0.050625 0.0675
0 0.8115625 0.5525 0.055625 0.08
0 0.63125 0.41208333333333336 0.05875 0.0825
0 0.2971875 0.8554166666666667 0.056875 0.09416666666666666
0 0.65625 0.9183333333333333 0.0625 0.085
0 0.75125 0.24333333333333335 0.05375 0.08333333333333333
0 0.825 0.74 0.0575 0.075
1 0.4865625 0.6183333333333333 0.074375 0.10333333333333333
0 0.583125 0.085 0.05125 0.07666666666666666
0 0.2678125 0.044583333333333336 0.060625 0.0825
0 0.180625 0.11125 0.06375 0.08083333333333333
0 0.210625 0.5354166666666667 0.055 0.07083333333333333
0 0.5546875 0.5945833333333334 0.051875 0.0825
1 0.455625 0.5591666666666667 0.0825 0.11166666666666666
0 0.5028125 0.40708333333333335 0.060625 0.06916666666666667
0 0.210625 0.050833333333333335 0.0625 0.09666666666666666
0 0.7775 0.7716666666666666 0.0525 0.065
0 0.636875 0.515 0.0575 0.07166666666666667
0 0.64125 0.195 0.05125 0.07
0 0.5759375 0.37875 0.053125 0.06916666666666667
0 0.7321875 0.4558333333333333 0.058125 0.07333333333333333
0 0.7521875 0.5625 0.053125 0.07166666666666667
0 0.361875 0.4504166666666667 0.06625 0.07083333333333333
0 0.3584375 0.6975 0.048125 0.06666666666666667
0 0.20375 0.57625 0.0525 0.06416666666666666
0 0.6575 0.7683333333333333 0.05125 0.075