0 0.7109375 0.37916666666666665 0.073125 0.10166666666666667
0 0.7103125 0.5125 0.079375 0.10666666666666667
0 0.324375 0.77625 0.07875 0.0975
0 0.48375 0.39 0.08125 0.10166666666666667
0 0.5315625 0.7 0.076875 0.095
0 0.779375 0.21916666666666668 0.0775 0.09666666666666666
0 0.4775 0.10416666666666667 0.07875 0.105
0 0.4534375 0.585 0.079375 0.11166666666666666
0 0.4015625 0.8820833333333333 0.079375 0.10083333333333333
0 0.245625 0.11916666666666667 0.06875 0.105
0 0.628125 0.52375 0.06125 0.08583333333333333
0 0.6503125 0.6370833333333333 0.075625 0.11416666666666667
0 0.3665625 0.43916666666666665 0.053125 0.11
0 0.4471875 0.4583333333333333 0.074375 0.10666666666666667
0 0.5684375 0.4945833333333333 0.069375 0.08916666666666667
1 0.7171875 0.13708333333333333 0.094375 0.10916666666666666
0 0.285 0.6891666666666667 0.07625 0.10666666666666667
1 0.56625 0.185 0.09 0.13
0 0.6028125 0.6741666666666667 0.068125 0.09
0 0.58375 0.6079166666666667 0.065 0.09416666666666666
0 0.81625 0.18333333333333332 0.06125 0.09833333333333333
0 0.49625 0.5241666666666667 0.07 0.09166666666666666
0 0.5421875 0.5545833333333333 0.086875 0.09583333333333334
0 0.62875 0.295 0.07 0.1
0 0.326875 0.6779166666666666 0.07125 0.10416666666666667
0 0.6159375 0.27375 0.071875 0.10083333333333333
0 0.7390625 0.07375 0.083125 0.06916666666666667
0 0.494375 0.18625 0.07875 0.0725