0 0.8959375 0.8966666666666666 0.073125 0.085
0 0.296875 0.4370833333333333 0.06875 0.08083333333333333
0 0.206875 0.5870833333333333 0.07 0.0875
0 0.7103125 0.61375 0.070625 0.0875
0 0.209375 0.7204166666666667 0.07 0.08916666666666667
0 0.486875 0.6166666666666667 0.07625 0.085
0 0.191875 0.8108333333333333 0.05625 0.08833333333333333
0 0.1484375 0.8645833333333334 0.071875 0.0825
0 0.86875 0.1375 0.07375 0.10833333333333334
0 0.8078125 0.52375 0.076875 0.0925
0 0.1246875 0.14875 0.066875 0.08416666666666667
0 0.82 0.77875 0.07 0.08416666666666667
0 0.41375 0.4245833333333333 0.06375 0.0875
0 0.89 0.30583333333333335 0.06375 0.085
0 0.61875 0.8229166666666666 0.0675 0.09916666666666667
0 0.1921875 0.14625 0.070625 0.07916666666666666
0 0.6490625 0.6733333333333333 0.063125 0.08666666666666667
0 0.8628125 0.6091666666666666 0.078125 0.09166666666666666
0 0.199375 0.44333333333333336 0.08 0.095
0 0.250625 0.80625 0.065 0.08583333333333333
0 0.8553125 0.25375 0.065625 0.09416666666666666
0 0.4490625 0.4866666666666667 0.068125 0.09
0 0.3571875 0.6141666666666666 0.073125 0.095
0 0.2690625 0.7254166666666667 0.058125 0.07583333333333334
0 0.30625 0.15083333333333335 0.05875 0.095
0 0.320625 0.7641666666666667 0.0575 0.07333333333333333
0 0.5825 0.6004166666666667 0.06625 0.09416666666666666
0 0.39 0.77625 0.0775 0.10083333333333333
0 0.31125 0.22583333333333333 0.0725 0.09
0 0.8071875 0.11833333333333333 0.068125 0.10166666666666667
0 0.165625 0.9066666666666666 0.075 0.09
0 0.9509375 0.27541666666666664 0.071875 0.0875
0 0.36875 0.71375 0.06375 0.0775
0 0.8934375 0.7895833333333333 0.061875 0.0775
0 0.9309375 0.19541666666666666 0.068125 0.08416666666666667
0 0.1478125 0.6158333333333333 0.070625 0.09166666666666666
0 0.29875 0.65 0.08625 0.09666666666666666
1 0.5328125 0.89375 0.076875 0.10083333333333333
0 0.0740625 0.08583333333333333 0.058125 0.08666666666666667
0 0.8240625 0.37041666666666667 0.068125 0.0825
0 0.05625 0.8483333333333334 0.07 0.095
0 0.9034375 0.4091666666666667 0.068125 0.09833333333333333
0 0.2578125 0.91875 0.059375 0.08916666666666667
0 0.130625 0.46 0.06625 0.09666666666666666
0 0.299375 0.8645833333333334 0.08 0.09083333333333334
0 0.9140625 0.7154166666666667 0.064375 0.0975
0 0.158125 0.65 0.06875 0.09
0 0.2659375 0.3616666666666667 0.065625 0.08333333333333333
0 0.5821875 0.68 0.083125 0.09
0 0.9571875 0.4575 0.068125 0.105
0 0.18625 0.49666666666666665 0.0725 0.09
0 0.6678125 0.20416666666666666 0.060625 0.07833333333333334
0 0.365625 0.4795833333333333 0.0575 0.07916666666666666
0 0.9478125 0.955 0.078125 0.08833333333333333
0 0.1571875 0.2945833333333333 0.068125 0.13583333333333333
0 0.8696875 0.7108333333333333 0.056875 0.11166666666666666
1 0.765625 0.215 0.0725 0.11333333333333333
0 0.7975 0.27666666666666667 0.05625 0.08833333333333333
0 0.770625 0.3275 0.065 0.085
0 0.2421875 0.5033333333333333 0.061875 0.08833333333333333
0 0.2684375 0.54375 0.066875 0.09083333333333334
0 0.3271875 0.5920833333333333 0.059375 0.08916666666666667
0 0.303125 0.5233333333333333 0.07375 0.08666666666666667
0 0.276875 0.29375 0.06375 0.0925
1 0.33625 0.5025 0.075 0.10166666666666667
0 0.5890625 0.74125 0.059375 0.0775
0 0.5575 0.7979166666666667 0.06125 0.08916666666666667
0 0.5084375 0.7895833333333333 0.059375 0.07916666666666666