0 0.7296875 0.8345833333333333 0.096875 0.12916666666666668
0 0.68125 0.21416666666666667 0.0975 0.13
0 0.4796875 0.8 0.095625 0.12833333333333333
0 0.3640625 0.4825 0.103125 0.13833333333333334
0 0.58875 0.29375 0.1 0.13416666666666666
0 0.5371875 0.7216666666666667 0.098125 0.13
0 0.1309375 0.47208333333333335 0.104375 0.13916666666666666
0 0.4634375 0.14166666666666666 0.108125 0.14333333333333334
0 0.3315625 0.28875 0.106875 0.1425
0 0.705 0.28041666666666665 0.09875 0.1325
0 0.4884375 0.3129166666666667 0.095625 0.1275
0 0.1965625 0.4220833333333333 0.091875 0.1225
0 0.575 0.855 0.09625 0.12833333333333333
0 0.544375 0.5625 0.11125 0.14833333333333334
0 0.3240625 0.36791666666666667 0.095625 0.1275
0 0.5628125 0.6404166666666666 0.104375 0.13916666666666666
0 0.5265625 0.81625 0.103125 0.1375
0 0.739375 0.21166666666666667 0.10125 0.135
0 0.646875 0.32208333333333333 0.1 0.13416666666666666
0 0.586875 0.6845833333333333 0.10125 0.13416666666666666
0 0.6115625 0.37916666666666665 0.084375 0.11166666666666666
0 0.7878125 0.5666666666666667 0.095625 0.12833333333333333
0 0.5321875 0.48375 0.124375 0.16583333333333333
0 0.81375 0.46375 0.11125 0.14916666666666667
0 0.829375 0.5341666666666667 0.08625 0.115
0 0.5546875 0.4504166666666667 0.096875 0.12916666666666668
0 0.5221875 0.42625 0.104375 0.13916666666666666
0 0.538125 0.37666666666666665 0.10875 0.145
0 0.534375 0.32083333333333336 0.105 0.14