0 0.520625 0.37 0.07 0.09
0 0.3475 0.61375 0.065 0.08583333333333333
0 0.28375 0.3804166666666667 0.07125 0.1025
0 0.4259375 0.87625 0.064375 0.07583333333333334
0 0.6278125 0.12375 0.073125 0.0975
0 0.7746875 0.7458333333333333 0.059375 0.08166666666666667
0 0.3678125 0.7875 0.049375 0.07666666666666666
0 0.6878125 0.595 0.069375 0.10333333333333333
0 0.6809375 0.17291666666666666 0.066875 0.0725
0 0.371875 0.9270833333333334 0.0575 0.08916666666666667
0 0.300625 0.7766666666666666 0.065 0.08166666666666667
0 0.6090625 0.5008333333333334 0.063125 0.09166666666666666
0 0.3 0.9058333333333334 0.06375 0.075
0 0.6796875 0.8370833333333333 0.069375 0.08583333333333333
0 0.2428125 0.25666666666666665 0.063125 0.09333333333333334
0 0.1903125 0.685 0.066875 0.10166666666666667
0 0.5959375 0.22458333333333333 0.068125 0.0875
0 0.715 0.42333333333333334 0.0575 0.07833333333333334
0 0.6375 0.39958333333333335 0.07 0.08583333333333333
0 0.548125 0.28625 0.06125 0.08583333333333333
0 0.491875 0.7291666666666666 0.06875 0.08666666666666667
0 0.8003125 0.16041666666666668 0.069375 0.11083333333333334
0 0.8396875 0.4741666666666667 0.063125 0.08333333333333333
0 0.6028125 0.6729166666666667 0.073125 0.0975
0 0.3434375 0.3466666666666667 0.060625 0.09833333333333333
0 0.7525 0.31416666666666665 0.06 0.09166666666666666
0 0.36375 0.11916666666666667 0.06375 0.08333333333333333
0 0.794375 0.27416666666666667 0.0625 0.06666666666666667
0 0.2984375 0.7041666666666667 0.046875 0.065
0 0.5115625 0.21416666666666667 0.065625 0.095
0 0.5603125 0.8329166666666666 0.063125 0.08083333333333333
0 0.429375 0.7641666666666667 0.06625 0.09
0 0.4078125 0.4216666666666667 0.075625 0.09
0 0.470625 0.6604166666666667 0.06875 0.07583333333333334
0 0.44875 0.395 0.06375 0.075
0 0.3403125 0.8495833333333334 0.048125 0.08083333333333333
0 0.1921875 0.9533333333333334 0.063125 0.07833333333333334
0 0.328125 0.43625 0.07 0.0825
0 0.2346875 0.8179166666666666 0.064375 0.07583333333333334
1 0.20375 0.8791666666666667 0.0925 0.10833333333333334
0 0.378125 0.20833333333333334 0.06125 0.08166666666666667
0 0.223125 0.78875 0.06625 0.08083333333333333
0 0.7771875 0.4325 0.054375 0.07166666666666667
0 0.60875 0.5791666666666667 0.0625 0.08666666666666667
0 0.6078125 0.7870833333333334 0.071875 0.07916666666666666
1 0.4428125 0.2525 0.085625 0.09833333333333333
0 0.2065625 0.1925 0.058125 0.09333333333333334
0 0.158125 0.15666666666666668 0.0575 0.08166666666666667
0 0.1771875 0.3275 0.060625 0.10166666666666667
0 0.434375 0.7183333333333334 0.06 0.09
0 0.3671875 0.5575 0.064375 0.07833333333333334
0 0.361875 0.52125 0.05875 0.0925
0 0.4190625 0.16041666666666668 0.068125 0.0925
0 0.813125 0.41833333333333333 0.0575 0.08166666666666667
0 0.69125 0.42291666666666666 0.0525 0.09083333333333334
0 0.760625 0.3675 0.06875 0.058333333333333334