0 0.5096875 0.6970833333333334 0.063125 0.08083333333333333
0 0.6515625 0.7183333333333334 0.073125 0.09666666666666666
0 0.285625 0.6916666666666667 0.07875 0.10166666666666667
0 0.1271875 0.9295833333333333 0.070625 0.0925
0 0.0646875 0.64125 0.068125 0.0825
0 0.129375 0.7304166666666667 0.06125 0.08083333333333333
0 0.6090625 0.8991666666666667 0.070625 0.08
0 0.578125 0.7345833333333334 0.07625 0.10083333333333333
0 0.1096875 0.4375 0.056875 0.08
0 0.179375 0.8333333333333334 0.06 0.08
0 0.56 0.28375 0.055 0.08583333333333333
0 0.7840625 0.1975 0.074375 0.08833333333333333
0 0.3053125 0.7916666666666666 0.069375 0.09166666666666666
0 0.8346875 0.39125 0.075625 0.09583333333333334
0 0.066875 0.7345833333333334 0.0675 0.0975
0 0.61 0.22916666666666666 0.06875 0.08666666666666667
0 0.9540625 0.26625 0.078125 0.09416666666666666
0 0.7065625 0.18125 0.064375 0.08583333333333333
0 0.251875 0.08 0.06375 0.07166666666666667
0 0.485 0.12833333333333333 0.06375 0.095
0 0.5175 0.61625 0.06125 0.08416666666666667
0 0.7734375 0.27708333333333335 0.073125 0.0825
1 0.0515625 0.40958333333333335 0.074375 0.0875
0 0.571875 0.46166666666666667 0.07125 0.09
0 0.3471875 0.9075 0.059375 0.08
0 0.4340625 0.7225 0.063125 0.07833333333333334
0 0.8765625 0.8141666666666667 0.059375 0.07333333333333333
0 0.2284375 0.7283333333333334 0.066875 0.08666666666666667
0 0.7803125 0.6225 0.056875 0.075
0 0.85 0.93625 0.07 0.10083333333333333
0 0.8109375 0.8566666666666667 0.065625 0.07
0 0.5490625 0.8225 0.069375 0.08
0 0.2365625 0.5416666666666666 0.060625 0.07833333333333334
0 0.3328125 0.4975 0.063125 0.08666666666666667
0 0.5659375 0.051666666666666666 0.063125 0.08833333333333333
0 0.090625 0.2941666666666667 0.05125 0.07333333333333333
0 0.67125 0.44208333333333333 0.07125 0.06916666666666667
0 0.7721875 0.7966666666666666 0.055625 0.08
0 0.7228125 0.7333333333333333 0.066875 0.09333333333333334
0 0.0609375 0.16666666666666666 0.063125 0.075
0 0.74875 0.3545833333333333 0.0575 0.0775
0 0.9559375 0.57625 0.054375 0.07916666666666666
0 0.8640625 0.5204166666666666 0.064375 0.07916666666666666
1 0.6234375 0.31416666666666665 0.079375 0.08666666666666667
0 0.7053125 0.9208333333333333 0.064375 0.085
0 0.64875 0.9616666666666667 0.07 0.06833333333333333
0 0.8365625 0.06666666666666667 0.063125 0.09166666666666666
0 0.4221875 0.14875 0.074375 0.08916666666666667
0 0.8459375 0.175 0.059375 0.075
0 0.0459375 0.050416666666666665 0.059375 0.08416666666666667
0 0.1934375 0.23625 0.060625 0.08083333333333333
0 0.6409375 0.60625 0.068125 0.08083333333333333
0 0.356875 0.17833333333333334 0.05 0.07166666666666667
0 0.2853125 0.4170833333333333 0.066875 0.08916666666666667
0 0.2259375 0.14583333333333334 0.066875 0.056666666666666664
0 0.570625 0.14875 0.06 0.0775
0 0.1171875 0.23333333333333334 0.054375 0.06666666666666667
0 0.12375 0.36583333333333334 0.0575 0.07666666666666666
0 0.3928125 0.36625 0.048125 0.06916666666666667
0 0.3296875 0.3129166666666667 0.056875 0.07083333333333333
0 0.741875 0.10041666666666667 0.07625 0.06916666666666667
0 0.156875 0.16583333333333333 0.06 0.08666666666666667
0 0.53375 0.40166666666666667 0.06 0.075
0 0.2740625 0.5008333333333334 0.063125 0.06833333333333333
0 0.781875 0.08625 0.0675 0.06916666666666667
0 0.5828125 0.3829166666666667 0.049375 0.06583333333333333
0 0.5784375 0.5875 0.061875 0.08
0 0.91625 0.16666666666666666 0.0575 0.07666666666666666
0 0.8446875 0.24833333333333332 0.048125 0.075
0 0.1653125 0.3954166666666667 0.055625 0.08583333333333333
0 0.2078125 0.36125 0.061875 0.08583333333333333
0 0.8784375 0.1175 0.056875 0.06833333333333333
0 0.87375 0.4479166666666667 0.05375 0.07083333333333333
0 0.960625 0.7204166666666667 0.05125 0.0975
0 0.57375 0.5383333333333333 0.06625 0.07333333333333333
0 0.6271875 0.8225 0.050625 0.07666666666666666
0 0.494375 0.7670833333333333 0.0525 0.0675
0 0.34125 0.3904166666666667 0.05125 0.0725
0 0.368125 0.08833333333333333 0.07 0.08166666666666667
0 0.4103125 0.5491666666666667 0.061875 0.075
0 0.9246875 0.7820833333333334 0.050625 0.06916666666666667
0 0.514375 0.20791666666666667 0.06 0.08416666666666667
0 0.4278125 0.6141666666666666 0.054375 0.06666666666666667
0 0.266875 0.61375 0.05375 0.0675
0 0.924375 0.09416666666666666 0.0575 0.06166666666666667
0 0.9221875 0.665 0.046875 0.07333333333333333
0 0.2978125 0.18625 0.070625 0.06916666666666667
0 0.264375 0.4195833333333333 0.0725 0.08083333333333333
0 0.3790625 0.43666666666666665 0.048125 0.07166666666666667
0 0.954375 0.4175 0.0525 0.075
0 0.6828125 0.7925 0.054375 0.056666666666666664
1 0.1928125 0.59875 0.085625 0.12416666666666666
1 0.4246875 0.06541666666666666 0.096875 0.10083333333333333
0 0.2478125 0.7795833333333333 0.059375 0.06916666666666667
0 0.1709375 0.2975 0.044375 0.07333333333333333
0 0.24125 0.20291666666666666 0.04375 0.0625
0 0.535 0.255 0.0775 0.07166666666666667
0 0.8675 0.7341666666666666 0.05375 0.05333333333333334
0 0.0396875 0.10125 0.060625 0.0675