0 0.679375 0.6641666666666667 0.0875 0.11666666666666667
0 0.5284375 0.47541666666666665 0.093125 0.12416666666666666
0 0.8415625 0.295 0.093125 0.125
0 0.4775 0.905 0.09 0.12
0 0.7253125 0.5004166666666666 0.084375 0.1125
0 0.6125 0.6541666666666667 0.0825 0.11
0 0.926875 0.2808333333333333 0.0925 0.12333333333333334
0 0.430625 0.51 0.09375 0.125
0 0.344375 0.41333333333333333 0.09625 0.12833333333333333
0 0.1346875 0.40625 0.100625 0.13416666666666666
0 0.573125 0.12541666666666668 0.08 0.10583333333333333
0 0.4865625 0.64375 0.096875 0.12916666666666668
0 0.7415625 0.32625 0.084375 0.1125
0 0.7746875 0.75875 0.085625 0.11416666666666667
0 0.0684375 0.5804166666666667 0.093125 0.12416666666666666
0 0.7875 0.475 0.0825 0.11
0 0.7209375 0.7295833333333334 0.094375 0.12583333333333332
0 0.434375 0.3433333333333333 0.0775 0.10333333333333333
0 0.9265625 0.4766666666666667 0.089375 0.12
0 0.630625 0.29 0.0925 0.12333333333333334
0 0.5909375 0.20083333333333334 0.096875 0.13
0 0.545 0.7441666666666666 0.08625 0.115
0 0.446875 0.5825 0.09125 0.12166666666666667
0 0.4834375 0.7416666666666667 0.084375 0.11333333333333333
0 0.5184375 0.14291666666666666 0.098125 0.13083333333333333
0 0.8465625 0.39708333333333334 0.091875 0.1225
0 0.4 0.8820833333333333 0.09125 0.12083333333333333
0 0.9259375 0.36583333333333334 0.075625 0.10166666666666667
0 0.4309375 0.68 0.090625 0.12
0 0.6978125 0.40375 0.106875 0.1425
0 0.2878125 0.35375 0.093125 0.12416666666666666
0 0.6609375 0.16708333333333333 0.089375 0.11916666666666667
0 0.655625 0.7704166666666666 0.0875 0.1175
0 0.1728125 0.88 0.081875 0.11
0 0.6946875 0.5804166666666667 0.094375 0.12583333333333332
0 0.8121875 0.6954166666666667 0.085625 0.11416666666666667
1 0.3559375 0.3304166666666667 0.111875 0.14916666666666667
0 0.3109375 0.6833333333333333 0.080625 0.10833333333333334
0 0.830625 0.55125 0.1025 0.1375
0 0.7134375 0.11958333333333333 0.095625 0.1275
0 0.6565625 0.58875 0.086875 0.11583333333333333
0 0.766875 0.5633333333333334 0.08875 0.11833333333333333
0 0.1846875 0.48 0.086875 0.11666666666666667
0 0.849375 0.4579166666666667 0.08625 0.11583333333333333
0 0.40375 0.21166666666666667 0.1025 0.13666666666666666
0 0.16625 0.7183333333333334 0.0975 0.13
0 0.4603125 0.20541666666666666 0.089375 0.11916666666666667
0 0.8725 0.225 0.08375 0.11166666666666666
0 0.3540625 0.7608333333333334 0.078125 0.10333333333333333
0 0.823125 0.6645833333333333 0.0875 0.1175
0 0.51 0.8366666666666667 0.0775 0.10333333333333333
0 0.2665625 0.58625 0.089375 0.11916666666666667
0 0.545 0.8783333333333333 0.07875 0.105
0 0.255 0.7675 0.125 0.16666666666666666
0 0.3978125 0.7520833333333333 0.095625 0.1275
1 0.329375 0.6045833333333334 0.1175 0.15583333333333332
0 0.6103125 0.85125 0.088125 0.1175
0 0.6115625 0.87625 0.088125 0.1175
0 0.285 0.8941666666666667 0.09125 0.12166666666666667
0 0.724375 0.83375 0.105 0.14083333333333334
1 0.1821875 0.7983333333333333 0.108125 0.14333333333333334
1 0.7046875 0.22625 0.111875 0.14916666666666667
0 0.6753125 0.11708333333333333 0.093125 0.12416666666666666
0 0.258125 0.8754166666666666 0.0975 0.13083333333333333
0 0.228125 0.86125 0.09375 0.12583333333333332
0 0.2353125 0.5366666666666666 0.098125 0.13
0 0.21625 0.49416666666666664 0.09375 0.125
0 0.9203125 0.18125 0.085625 0.11416666666666667