0 0.435 0.5129166666666667 0.06875 0.0875
0 0.633125 0.8491666666666666 0.0675 0.08333333333333333
0 0.843125 0.3258333333333333 0.07625 0.08666666666666667
0 0.831875 0.20958333333333334 0.0675 0.08416666666666667
0 0.2775 0.8108333333333333 0.0625 0.10166666666666667
0 0.8190625 0.68625 0.059375 0.09416666666666666
0 0.4915625 0.8504166666666667 0.070625 0.0925
0 0.7496875 0.7275 0.066875 0.1
0 0.1009375 0.58 0.070625 0.095
0 0.5621875 0.6116666666666667 0.069375 0.08166666666666667
0 0.949375 0.6725 0.06375 0.08666666666666667
0 0.394375 0.6066666666666667 0.06125 0.08333333333333333
0 0.4703125 0.6245833333333334 0.065625 0.08583333333333333
0 0.4071875 0.43083333333333335 0.070625 0.09666666666666666
0 0.0540625 0.8279166666666666 0.073125 0.10083333333333333
0 0.7753125 0.5891666666666666 0.059375 0.09
0 0.244375 0.38125 0.06875 0.08416666666666667
0 0.506875 0.4995833333333333 0.065 0.07916666666666666
0 0.876875 0.6508333333333334 0.0675 0.09
1 0.4309375 0.18458333333333332 0.085625 0.1125
0 0.9396875 0.8525 0.065625 0.09833333333333333
0 0.6053125 0.4575 0.083125 0.105
0 0.49125 0.395 0.065 0.07666666666666666
0 0.223125 0.14083333333333334 0.0775 0.095
0 0.6178125 0.71625 0.064375 0.08916666666666667
0 0.35625 0.20166666666666666 0.065 0.09166666666666666
0 0.2465625 0.5983333333333334 0.066875 0.09
0 0.2171875 0.30916666666666665 0.065625 0.08333333333333333
0 0.8659375 0.08458333333333333 0.066875 0.10416666666666667
0 0.2790625 0.25416666666666665 0.070625 0.075
0 0.7925 0.5029166666666667 0.0675 0.0775
0 0.13 0.65625 0.06875 0.10416666666666667
1 0.284375 0.6754166666666667 0.08375 0.10916666666666666
0 0.5953125 0.94875 0.063125 0.08916666666666667
0 0.5390625 0.7095833333333333 0.063125 0.0875
0 0.5690625 0.5133333333333333 0.064375 0.08
0 0.6559375 0.7141666666666666 0.063125 0.08833333333333333
0 0.033125 0.16541666666666666 0.065 0.08583333333333333
0 0.7975 0.8954166666666666 0.075 0.09416666666666666
0 0.44625 0.6783333333333333 0.065 0.08833333333333333
0 0.27375 0.17916666666666667 0.07875 0.09166666666666666
0 0.463125 0.7920833333333334 0.07125 0.1025
0 0.506875 0.73625 0.0725 0.10583333333333333
0 0.9390625 0.7545833333333334 0.059375 0.08583333333333333
0 0.8434375 0.4025 0.080625 0.06833333333333333
0 0.7646875 0.3883333333333333 0.058125 0.10666666666666667
0 0.2671875 0.44416666666666665 0.078125 0.07666666666666666
0 0.8103125 0.07958333333333334 0.071875 0.1175
0 0.429375 0.2608333333333333 0.09375 0.08
1 0.729375 0.92125 0.0725 0.11583333333333333
0 0.693125 0.88875 0.05625 0.1025
0 0.7646875 0.9508333333333333 0.068125 0.09333333333333334
0 0.17625 0.94375 0.07375 0.08583333333333333
0 0.8371875 0.4345833333333333 0.079375 0.0975