0 0.9140625 0.7104166666666667 0.066875 0.0975
0 0.598125 0.3883333333333333 0.06125 0.08666666666666667
0 0.255 0.3516666666666667 0.0625 0.08666666666666667
0 0.200625 0.37583333333333335 0.06125 0.09166666666666666
0 0.140625 0.4025 0.05875 0.08
0 0.1084375 0.8158333333333333 0.068125 0.095
0 0.2284375 0.08291666666666667 0.064375 0.09416666666666666
0 0.7215625 0.35041666666666665 0.063125 0.08083333333333333
0 0.6484375 0.785 0.056875 0.07833333333333334
0 0.5646875 0.47708333333333336 0.063125 0.09583333333333334
0 0.91 0.16 0.065 0.08833333333333333
0 0.2965625 0.2758333333333333 0.070625 0.09333333333333334
0 0.1928125 0.19458333333333333 0.064375 0.08916666666666667
0 0.3546875 0.86875 0.065625 0.0875
0 0.55 0.33375 0.065 0.0775
0 0.6703125 0.13666666666666666 0.064375 0.085
0 0.7734375 0.955 0.073125 0.08833333333333333
0 0.5878125 0.7379166666666667 0.056875 0.08416666666666667
0 0.340625 0.215 0.065 0.07833333333333334
0 0.6965625 0.86625 0.065625 0.0975
0 0.17875 0.82875 0.06125 0.08416666666666667
0 0.7490625 0.6495833333333333 0.071875 0.0875
0 0.0490625 0.28208333333333335 0.063125 0.09916666666666667
0 0.7246875 0.8458333333333333 0.049375 0.10333333333333333
0 0.9046875 0.39916666666666667 0.066875 0.09333333333333334
0 0.81125 0.8625 0.07 0.09666666666666666
0 0.76875 0.5308333333333334 0.06125 0.08333333333333333
0 0.664375 0.68375 0.08125 0.0875
0 0.8746875 0.7854166666666667 0.076875 0.08416666666666667
0 0.32875 0.55125 0.0625 0.08583333333333333
0 0.0690625 0.44666666666666666 0.061875 0.08
0 0.838125 0.14041666666666666 0.05125 0.10583333333333333
0 0.4559375 0.8841666666666667 0.053125 0.08833333333333333
0 0.4140625 0.12 0.070625 0.07
0 0.8109375 0.7391666666666666 0.059375 0.07666666666666666
0 0.5878125 0.11333333333333333 0.065625 0.095
0 0.4871875 0.6391666666666667 0.061875 0.08166666666666667
0 0.2484375 0.83625 0.058125 0.07416666666666667
0 0.153125 0.04 0.06875 0.08
0 0.6328125 0.30833333333333335 0.060625 0.07
0 0.0796875 0.18291666666666667 0.073125 0.07416666666666667
0 0.129375 0.3104166666666667 0.065 0.07416666666666667
0 0.90625 0.34208333333333335 0.0625 0.0975
0 0.503125 0.1125 0.07625 0.075
0 0.9078125 0.8641666666666666 0.061875 0.07166666666666667
0 0.8971875 0.5458333333333333 0.073125 0.08
0 0.469375 0.44958333333333333 0.0725 0.09416666666666666
0 0.6040625 0.15916666666666668 0.063125 0.07333333333333333
0 0.6534375 0.06958333333333333 0.055625 0.10916666666666666
0 0.446875 0.5108333333333334 0.0775 0.09
0 0.060625 0.3383333333333333 0.05125 0.09333333333333334
0 0.42625 0.8020833333333334 0.07 0.08583333333333333
0 0.4684375 0.5541666666666667 0.078125 0.07833333333333334
0 0.3678125 0.2791666666666667 0.059375 0.065
0 0.96125 0.21583333333333332 0.0625 0.09333333333333334
0 0.8515625 0.64125 0.060625 0.07916666666666666
0 0.2975 0.10625 0.04625 0.0975
0 0.6778125 0.6004166666666667 0.065625 0.07083333333333333
0 0.07375 0.49875 0.06375 0.0875
0 0.26875 0.2075 0.0625 0.085
0 0.084375 0.10166666666666667 0.05375 0.085
0 0.253125 0.43166666666666664 0.05875 0.07333333333333333
1 0.1328125 0.67 0.084375 0.12333333333333334
0 0.834375 0.39916666666666667 0.06375 0.07
1 0.671875 0.23125 0.0775 0.11083333333333334
0 0.278125 0.6004166666666667 0.0575 0.07416666666666667
0 0.3778125 0.7270833333333333 0.074375 0.0725
0 0.3884375 0.36583333333333334 0.066875 0.10666666666666667
0 0.2490625 0.5020833333333333 0.061875 0.0875
0 0.7021875 0.26666666666666666 0.065625 0.06666666666666667
0 0.4046875 0.085 0.054375 0.07666666666666666
0 0.5203125 0.15625 0.071875 0.07083333333333333
0 0.6353125 0.2125 0.053125 0.07666666666666666
0 0.8378125 0.7495833333333334 0.063125 0.07583333333333334
0 0.67375 0.6429166666666667 0.0575 0.08083333333333333
0 0.3621875 0.7066666666666667 0.054375 0.07833333333333334
0 0.121875 0.2679166666666667 0.06125 0.09083333333333334
0 0.08125 0.13916666666666666 0.07 0.07