0 0.5528125 0.9075 0.061875 0.07166666666666667
0 0.6315625 0.90375 0.060625 0.07916666666666666
0 0.2478125 0.25375 0.064375 0.07583333333333334
0 0.541875 0.5141666666666667 0.06625 0.09333333333333334
0 0.530625 0.25916666666666666 0.06125 0.08666666666666667
0 0.4409375 0.485 0.071875 0.08833333333333333
0 0.775625 0.36666666666666664 0.0675 0.08333333333333333
0 0.6196875 0.31625 0.071875 0.09583333333333334
0 0.7846875 0.8245833333333333 0.069375 0.09083333333333334
0 0.1140625 0.3570833333333333 0.073125 0.09583333333333334
0 0.106875 0.7975 0.07375 0.07666666666666666
0 0.059375 0.43166666666666664 0.07 0.09833333333333333
0 0.4584375 0.6558333333333334 0.071875 0.08666666666666667
0 0.35875 0.32708333333333334 0.07 0.08916666666666667
0 0.234375 0.4625 0.07625 0.09
0 0.5209375 0.8145833333333333 0.069375 0.09583333333333334
0 0.28875 0.7695833333333333 0.06625 0.0775
0 0.2359375 0.9066666666666666 0.074375 0.09
0 0.435 0.28458333333333335 0.06375 0.0875
0 0.4 0.7933333333333333 0.065 0.08333333333333333
0 0.3646875 0.7258333333333333 0.069375 0.09
0 0.054375 0.6829166666666666 0.06625 0.1025
0 0.69875 0.8520833333333333 0.07375 0.08916666666666667
0 0.6853125 0.69875 0.058125 0.0825
0 0.1709375 0.455 0.054375 0.08
0 0.1175 0.4970833333333333 0.07375 0.0975
0 0.541875 0.3408333333333333 0.075 0.085
0 0.089375 0.23291666666666666 0.07125 0.08583333333333333
0 0.0925 0.6020833333333333 0.07 0.0925
0 0.37125 0.91125 0.06125 0.0875
0 0.7525 0.16291666666666665 0.05625 0.09083333333333334
0 0.6815625 0.24333333333333335 0.061875 0.07
0 0.3903125 0.4454166666666667 0.054375 0.08083333333333333
0 0.8678125 0.35791666666666666 0.073125 0.09083333333333334
0 0.361875 0.64125 0.06375 0.07416666666666667
0 0.62125 0.6666666666666666 0.06875 0.08666666666666667
0 0.3853125 0.5741666666666667 0.059375 0.07666666666666666
0 0.7575 0.29041666666666666 0.0625 0.08416666666666667
0 0.9040625 0.4404166666666667 0.061875 0.08583333333333333
1 0.92125 0.8483333333333334 0.0875 0.12
0 0.6575 0.5304166666666666 0.05375 0.07083333333333333
0 0.724375 0.049166666666666664 0.0675 0.07833333333333334
0 0.033125 0.07333333333333333 0.0525 0.08666666666666667
0 0.65125 0.5958333333333333 0.06 0.07333333333333333
0 0.9 0.51875 0.0475 0.06583333333333333
0 0.9415625 0.41208333333333336 0.066875 0.09916666666666667
0 0.7740625 0.5945833333333334 0.060625 0.08583333333333333
0 0.8165625 0.19875 0.065625 0.07083333333333333
0 0.53625 0.7554166666666666 0.075 0.1025
0 0.2240625 0.38375 0.058125 0.07583333333333334
0 0.718125 0.22458333333333333 0.05625 0.08916666666666667
0 0.6446875 0.7745833333333333 0.065625 0.0825
0 0.92125 0.5808333333333333 0.065 0.075
1 0.7546875 0.5670833333333334 0.090625 0.10916666666666666
0 0.3484375 0.06333333333333334 0.061875 0.06166666666666667
0 0.4146875 0.8904166666666666 0.059375 0.09416666666666666
0 0.11875 0.15708333333333332 0.06875 0.07583333333333334
0 0.62875 0.7358333333333333 0.065 0.08166666666666667
0 0.7296875 0.66625 0.055625 0.08916666666666667
0 0.575625 0.60875 0.0625 0.07916666666666666
0 0.965 0.58625 0.05125 0.07416666666666667
0 0.1121875 0.7016666666666667 0.054375 0.07333333333333333
0 0.4159375 0.0375 0.060625 0.075
0 0.3178125 0.69375 0.055625 0.0825
0 0.8790625 0.8270833333333333 0.050625 0.07416666666666667