0 0.5378125 0.23083333333333333 0.068125 0.10166666666666667
0 0.4421875 0.3491666666666667 0.074375 0.09166666666666666
0 0.67625 0.8533333333333334 0.05875 0.09166666666666666
0 0.719375 0.18333333333333332 0.07125 0.09166666666666666
0 0.4625 0.7083333333333334 0.06875 0.09166666666666666
0 0.4696875 0.435 0.066875 0.08666666666666667
0 0.32375 0.8458333333333333 0.065 0.08166666666666667
0 0.7496875 0.38708333333333333 0.064375 0.10083333333333333
0 0.5559375 0.44166666666666665 0.076875 0.10166666666666667
0 0.7265625 0.8166666666666667 0.059375 0.06666666666666667
0 0.248125 0.22416666666666665 0.08125 0.1
0 0.618125 0.56875 0.08125 0.1025