0 0.8171875 0.2554166666666667 0.064375 0.08916666666666667
0 0.640625 0.8970833333333333 0.0625 0.08416666666666667
0 0.7553125 0.8854166666666666 0.063125 0.08083333333333333
0 0.47125 0.7129166666666666 0.0575 0.09083333333333334
0 0.245 0.9025 0.0725 0.09666666666666666
0 0.589375 0.17 0.0625 0.09166666666666666
0 0.76875 0.39625 0.0575 0.0775
0 0.683125 0.3233333333333333 0.0725 0.10166666666666667
0 0.6896875 0.8425 0.073125 0.09
0 0.5934375 0.45416666666666666 0.063125 0.10166666666666667
0 0.2421875 0.5516666666666666 0.073125 0.10333333333333333
0 0.825625 0.34458333333333335 0.065 0.08416666666666667
0 0.3934375 0.18416666666666667 0.073125 0.09166666666666666
0 0.825625 0.42916666666666664 0.065 0.08833333333333333
0 0.2303125 0.21875 0.061875 0.08916666666666667
0 0.6234375 0.2608333333333333 0.059375 0.08
1 0.3846875 0.6958333333333333 0.090625 0.115
0 0.589375 0.07416666666666667 0.0725 0.1
0 0.25875 0.32625 0.08 0.10083333333333333
0 0.799375 0.5333333333333333 0.0575 0.08833333333333333
0 0.45 0.05291666666666667 0.05875 0.06916666666666667
0 0.4490625 0.13 0.065625 0.08
0 0.653125 0.6166666666666667 0.06625 0.09333333333333334
0 0.420625 0.5704166666666667 0.06625 0.08583333333333333
0 0.1975 0.17833333333333334 0.06125 0.09166666666666666
0 0.306875 0.82625 0.0675 0.0825
0 0.3321875 0.7604166666666666 0.063125 0.08583333333333333
0 0.2271875 0.08875 0.059375 0.08416666666666667
0 0.801875 0.8454166666666667 0.0875 0.09583333333333334
0 0.54 0.49875 0.07125 0.1025
0 0.179375 0.3283333333333333 0.0725 0.08166666666666667
0 0.3115625 0.51 0.076875 0.09666666666666666
0 0.2725 0.06166666666666667 0.05375 0.08666666666666667
0 0.7884375 0.5145833333333333 0.066875 0.08583333333333333
0 0.6653125 0.46458333333333335 0.066875 0.09583333333333334
0 0.1653125 0.5279166666666667 0.063125 0.09583333333333334
0 0.1725 0.5883333333333334 0.05375 0.10333333333333333
0 0.39 0.50375 0.0675 0.09416666666666666
0 0.796875 0.7370833333333333 0.07375 0.09916666666666667
0 0.2196875 0.8183333333333334 0.061875 0.09166666666666666
0 0.2946875 0.44708333333333333 0.064375 0.0975
0 0.315625 0.1375 0.06625 0.085
0 0.5275 0.07208333333333333 0.06 0.0775
0 0.1709375 0.44916666666666666 0.063125 0.085
0 0.7496875 0.6420833333333333 0.068125 0.0875
0 0.7371875 0.5495833333333333 0.068125 0.10083333333333333
0 0.23375 0.4266666666666667 0.08625 0.07166666666666667
0 0.6821875 0.55875 0.065625 0.07583333333333334
1 0.4884375 0.9279166666666666 0.071875 0.11583333333333333
0 0.684375 0.395 0.0675 0.08333333333333333
0 0.2671875 0.14166666666666666 0.068125 0.09
0 0.4784375 0.5925 0.055625 0.07666666666666666
0 0.5134375 0.09375 0.069375 0.0925
1 0.163125 0.8483333333333334 0.07375 0.10666666666666667
0 0.5165625 0.5820833333333333 0.064375 0.08583333333333333
0 0.73875 0.6675 0.05875 0.09666666666666666
0 0.7559375 0.7329166666666667 0.053125 0.0725
0 0.8421875 0.6141666666666666 0.063125 0.08833333333333333