0 0.349375 0.19166666666666668 0.07375 0.1
0 0.4959375 0.6575 0.078125 0.11
0 0.445625 0.30541666666666667 0.0775 0.10583333333333333
0 0.455 0.4666666666666667 0.085 0.09666666666666666
0 0.3515625 0.52 0.068125 0.08333333333333333
0 0.6040625 0.24333333333333335 0.065625 0.08666666666666667
0 0.290625 0.2654166666666667 0.06625 0.10416666666666667
0 0.7984375 0.8229166666666666 0.065625 0.08583333333333333
0 0.3009375 0.4170833333333333 0.070625 0.07916666666666666
0 0.6346875 0.8429166666666666 0.080625 0.10916666666666666
0 0.2834375 0.7133333333333334 0.078125 0.105
0 0.3521875 0.26958333333333334 0.086875 0.10083333333333333
0 0.8321875 0.29125 0.070625 0.08583333333333333
0 0.3740625 0.8133333333333334 0.086875 0.10666666666666667
0 0.1996875 0.8091666666666667 0.069375 0.09666666666666666
0 0.69 0.7925 0.06 0.11333333333333333
0 0.628125 0.7458333333333333 0.08625 0.1
0 0.7128125 0.6233333333333333 0.070625 0.10333333333333333
0 0.7340625 0.5666666666666667 0.069375 0.11166666666666666
0 0.5175 0.5195833333333333 0.07 0.09583333333333334
0 0.1640625 0.6575 0.073125 0.10166666666666667
0 0.5134375 0.05583333333333333 0.073125 0.09833333333333333
0 0.2809375 0.59875 0.085625 0.1025
0 0.2271875 0.3204166666666667 0.080625 0.10916666666666666
0 0.385625 0.45916666666666667 0.07 0.09333333333333334
0 0.80375 0.5483333333333333 0.09375 0.10333333333333333
0 0.273125 0.81875 0.07375 0.09083333333333334
0 0.6496875 0.9075 0.081875 0.11
0 0.5253125 0.89125 0.074375 0.08916666666666667
0 0.4065625 0.15125 0.069375 0.07916666666666666
0 0.4684375 0.5925 0.076875 0.07
0 0.5103125 0.3570833333333333 0.083125 0.10416666666666667
0 0.7184375 0.8445833333333334 0.075625 0.07583333333333334
0 0.1909375 0.3725 0.069375 0.095
0 0.17625 0.5504166666666667 0.08 0.0925
1 0.25375 0.5479166666666667 0.0825 0.09583333333333334
0 0.4465625 0.4033333333333333 0.069375 0.08166666666666667
0 0.7646875 0.4091666666666667 0.099375 0.09833333333333333
0 0.1675 0.2995833333333333 0.07 0.1375
0 0.7621875 0.7991666666666667 0.076875 0.09833333333333333
0 0.264375 0.91625 0.06625 0.1075
0 0.3334375 0.7908333333333334 0.060625 0.11166666666666666
0 0.33 0.8808333333333334 0.05875 0.09
0 0.679375 0.35541666666666666 0.08875 0.10583333333333333
0 0.81375 0.6508333333333334 0.08625 0.11
0 0.175 0.5108333333333334 0.07875 0.08166666666666667
0 0.740625 0.7645833333333333 0.0725 0.0875
0 0.8009375 0.47875 0.091875 0.0775
0 0.7290625 0.33625 0.098125 0.09416666666666666
0 0.75375 0.33958333333333335 0.09 0.08416666666666667
0 0.60375 0.11791666666666667 0.07125 0.0775
1 0.2390625 0.46291666666666664 0.076875 0.08083333333333333
1 0.2365625 0.8954166666666666 0.056875 0.07583333333333334