0 0.6221875 0.35 0.056875 0.075
0 0.4940625 0.13875 0.074375 0.0875
0 0.1703125 0.44958333333333333 0.066875 0.0875
0 0.190625 0.18083333333333335 0.07125 0.09833333333333333
0 0.2478125 0.9283333333333333 0.066875 0.08666666666666667
0 0.8046875 0.48291666666666666 0.071875 0.1025
0 0.39625 0.8433333333333334 0.06 0.07833333333333334
0 0.135 0.6745833333333333 0.0625 0.08416666666666667
1 0.4765625 0.8141666666666667 0.080625 0.10166666666666667
0 0.229375 0.61625 0.0725 0.09083333333333334
0 0.80625 0.2708333333333333 0.07875 0.09666666666666666
0 0.7575 0.6208333333333333 0.06375 0.08333333333333333
0 0.0725 0.15875 0.05625 0.0875
0 0.916875 0.36875 0.06625 0.08583333333333333
0 0.068125 0.06375 0.0675 0.08416666666666667
0 0.5621875 0.7045833333333333 0.066875 0.09083333333333334
0 0.489375 0.9004166666666666 0.0675 0.09916666666666667
0 0.626875 0.15041666666666667 0.055 0.0925
0 0.9025 0.15458333333333332 0.06375 0.07083333333333333
0 0.3575 0.9158333333333334 0.075 0.075
0 0.445625 0.7391666666666666 0.07 0.085
0 0.5765625 0.475 0.069375 0.08
0 0.7203125 0.8279166666666666 0.070625 0.0875
0 0.706875 0.92625 0.05875 0.0825
0 0.2896875 0.4275 0.063125 0.08833333333333333
0 0.4325 0.38916666666666666 0.065 0.08166666666666667
0 0.205 0.13541666666666666 0.075 0.0875
0 0.7415625 0.24583333333333332 0.071875 0.1
0 0.1303125 0.38 0.064375 0.07166666666666667
0 0.878125 0.8466666666666667 0.06625 0.08833333333333333
0 0.188125 0.905 0.0625 0.09166666666666666
0 0.7215625 0.6875 0.061875 0.08333333333333333
1 0.300625 0.6941666666666667 0.09 0.09166666666666666
0 0.069375 0.6920833333333334 0.06875 0.09583333333333334
0 0.8825 0.3120833333333333 0.055 0.07583333333333334
0 0.409375 0.5916666666666667 0.06625 0.08333333333333333
0 0.730625 0.3779166666666667 0.06875 0.0875
0 0.5653125 0.585 0.058125 0.07333333333333333
0 0.2996875 0.6191666666666666 0.054375 0.06333333333333334
0 0.6121875 0.5679166666666666 0.063125 0.0725
0 0.674375 0.3416666666666667 0.05875 0.09833333333333333
0 0.3934375 0.67625 0.076875 0.0875
0 0.5396875 0.39416666666666667 0.053125 0.075
0 0.9265625 0.855 0.050625 0.085
1 0.8790625 0.21875 0.085625 0.0975
0 0.3446875 0.4425 0.055625 0.07166666666666667
0 0.718125 0.75 0.06625 0.06833333333333333
0 0.346875 0.36375 0.05875 0.07583333333333334
0 0.76375 0.4191666666666667 0.06125 0.08
0 0.628125 0.95625 0.0625 0.08083333333333333
0 0.1240625 0.1525 0.056875 0.08
0 0.37125 0.5545833333333333 0.05375 0.06916666666666667
0 0.5171875 0.27625 0.063125 0.0875
0 0.2809375 0.195 0.064375 0.07166666666666667
0 0.5459375 0.3329166666666667 0.054375 0.0675
0 0.333125 0.57125 0.0675 0.07416666666666667
0 0.430625 0.3145833333333333 0.06375 0.07916666666666666
0 0.836875 0.08666666666666667 0.05125 0.06833333333333333
0 0.54875 0.88875 0.0675 0.0775
0 0.591875 0.09291666666666666 0.08 0.08916666666666667
0 0.36625 0.04666666666666667 0.06 0.09
0 0.3415625 0.5079166666666667 0.059375 0.06583333333333333
0 0.71625 0.4125 0.05875 0.09333333333333334
0 0.543125 0.94875 0.05625 0.0875
0 0.265 0.1525 0.05375 0.075
0 0.0275 0.63625 0.05375 0.0775
0 0.615625 0.1425 0.0675 0.07333333333333333