0 0.589375 0.78125 0.07625 0.0975
0 0.489375 0.7804166666666666 0.08 0.10583333333333333
0 0.291875 0.2658333333333333 0.0725 0.105
0 0.58125 0.47833333333333333 0.07625 0.10833333333333334
0 0.34875 0.5420833333333334 0.07125 0.1025
0 0.709375 0.8725 0.0725 0.10333333333333333
0 0.963125 0.5133333333333333 0.0675 0.10166666666666667
0 0.7959375 0.4708333333333333 0.078125 0.105
0 0.435 0.4379166666666667 0.08375 0.10583333333333333
0 0.2125 0.36875 0.075 0.10583333333333333
0 0.8684375 0.42083333333333334 0.070625 0.09333333333333334
0 0.785 0.16166666666666665 0.07875 0.09166666666666666
0 0.1571875 0.5966666666666667 0.076875 0.10666666666666667
0 0.4809375 0.6708333333333333 0.064375 0.08166666666666667
0 0.3959375 0.7004166666666667 0.085625 0.10083333333333333
0 0.544375 0.32208333333333333 0.0825 0.07083333333333333
0 0.53 0.4295833333333333 0.08 0.09916666666666667
0 0.5028125 0.59125 0.066875 0.0925
0 0.90125 0.7854166666666667 0.065 0.10416666666666667
1 0.7709375 0.7895833333333333 0.081875 0.12583333333333332
0 0.8625 0.6529166666666667 0.0775 0.1075
0 0.3571875 0.21333333333333335 0.079375 0.10166666666666667
1 0.735 0.5891666666666666 0.0975 0.12
0 0.368125 0.6370833333333333 0.0675 0.09083333333333334
0 0.4178125 0.6116666666666667 0.070625 0.08666666666666667
0 0.1465625 0.3804166666666667 0.071875 0.09083333333333334
0 0.73625 0.9216666666666666 0.07375 0.08166666666666667
0 0.480625 0.495 0.06875 0.09333333333333334
0 0.4578125 0.55625 0.071875 0.11583333333333333
0 0.865625 0.76375 0.06875 0.10583333333333333
0 0.6525 0.6720833333333334 0.075 0.0925
0 0.365625 0.26916666666666667 0.0775 0.095
0 0.6684375 0.655 0.075625 0.095
0 0.8184375 0.81875 0.051875 0.11083333333333334
0 0.734375 0.49333333333333335 0.05375 0.105
1 0.83875 0.056666666666666664 0.09875 0.11166666666666666