0 0.214375 0.21708333333333332 0.105 0.13916666666666666
0 0.6109375 0.08458333333333333 0.100625 0.13416666666666666
0 0.7009375 0.5691666666666667 0.109375 0.14666666666666667
0 0.7653125 0.8225 0.116875 0.15666666666666668
0 0.438125 0.33958333333333335 0.1 0.13416666666666666
0 0.38625 0.14666666666666667 0.11125 0.14833333333333334
0 0.449375 0.27125 0.11 0.14583333333333334
0 0.29125 0.5904166666666667 0.10125 0.13416666666666666
0 0.4540625 0.8795833333333334 0.106875 0.1425
0 0.37625 0.6633333333333333 0.0925 0.12333333333333334
0 0.151875 0.5691666666666667 0.10625 0.14166666666666666
0 0.8171875 0.7020833333333333 0.104375 0.13916666666666666
0 0.528125 0.6429166666666667 0.105 0.14083333333333334
0 0.27 0.43375 0.12 0.16083333333333333
0 0.3753125 0.85625 0.106875 0.1425
0 0.5396875 0.48291666666666666 0.098125 0.13083333333333333
0 0.27625 0.1325 0.1025 0.13666666666666666
0 0.290625 0.17583333333333334 0.1125 0.15
0 0.5596875 0.8266666666666667 0.115625 0.15333333333333332
0 0.7478125 0.40458333333333335 0.110625 0.1475
0 0.918125 0.6675 0.105 0.14
0 0.1896875 0.39875 0.108125 0.14416666666666667
0 0.1425 0.4925 0.11125 0.14833333333333334
0 0.4846875 0.42375 0.109375 0.14583333333333334
0 0.9309375 0.7604166666666666 0.104375 0.13916666666666666
0 0.6503125 0.18208333333333335 0.101875 0.13583333333333333
0 0.6240625 0.4845833333333333 0.099375 0.1325
0 0.5153125 0.07708333333333334 0.105625 0.14083333333333334
0 0.550625 0.915 0.0975 0.13
0 0.339375 0.06666666666666667 0.095 0.12666666666666668
0 0.7440625 0.63625 0.103125 0.1375
0 0.19 0.6783333333333333 0.1075 0.14333333333333334
0 0.45375 0.12416666666666666 0.10375 0.13833333333333334
0 0.16125 0.6541666666666667 0.1075 0.14333333333333334
0 0.6165625 0.9279166666666666 0.104375 0.13916666666666666
0 0.3615625 0.20625 0.109375 0.14583333333333334
0 0.341875 0.8916666666666667 0.105 0.14
0 0.345 0.3333333333333333 0.11125 0.14833333333333334
0 0.5146875 0.7175 0.094375 0.125
0 0.094375 0.21583333333333332 0.095 0.12666666666666668
0 0.8275 0.4791666666666667 0.10875 0.145
0 0.554375 0.3154166666666667 0.1 0.13416666666666666
0 0.9240625 0.6229166666666667 0.105625 0.14083333333333334
0 0.353125 0.7583333333333333 0.105 0.14
0 0.615 0.35125 0.115 0.1525
0 0.384375 0.7591666666666667 0.10375 0.13833333333333334
0 0.6015625 0.58375 0.104375 0.13916666666666666
0 0.3728125 0.6054166666666667 0.098125 0.13083333333333333
0 0.4925 0.11666666666666667 0.10125 0.135
0 0.565 0.5325 0.11125 0.14833333333333334
0 0.620625 0.6020833333333333 0.1025 0.1375