0 0.3196875 0.28583333333333333 0.069375 0.09833333333333333
0 0.7815625 0.6725 0.064375 0.10333333333333333
0 0.6 0.67625 0.0675 0.08916666666666667
0 0.3303125 0.14041666666666666 0.073125 0.1075
0 0.655625 0.2775 0.075 0.10666666666666667
0 0.333125 0.4558333333333333 0.07875 0.11166666666666666
0 0.7284375 0.27458333333333335 0.073125 0.1025
0 0.4340625 0.3575 0.070625 0.09
0 0.733125 0.7325 0.0725 0.09666666666666666
0 0.7328125 0.49666666666666665 0.076875 0.11666666666666667
0 0.21875 0.48541666666666666 0.08125 0.09916666666666667
0 0.459375 0.4558333333333333 0.08 0.10666666666666667
0 0.6925 0.685 0.07125 0.11833333333333333
0 0.66875 0.42291666666666666 0.06875 0.09416666666666666
0 0.2165625 0.14333333333333334 0.066875 0.08666666666666667
0 0.2203125 0.3275 0.079375 0.10833333333333334
0 0.7321875 0.11166666666666666 0.063125 0.095
0 0.5771875 0.39458333333333334 0.073125 0.09583333333333334
0 0.6053125 0.47458333333333336 0.070625 0.1075
0 0.5171875 0.32458333333333333 0.074375 0.0975
0 0.2875 0.37416666666666665 0.0725 0.11166666666666666
0 0.810625 0.5079166666666667 0.08 0.0975
0 0.2728125 0.6016666666666667 0.081875 0.08
0 0.3978125 0.44625 0.056875 0.11916666666666667
0 0.7971875 0.25333333333333335 0.076875 0.10666666666666667
0 0.834375 0.17083333333333334 0.07375 0.09833333333333333
0 0.64125 0.6270833333333333 0.07625 0.1125
0 0.67 0.52 0.06625 0.10666666666666667
0 0.5740625 0.5925 0.078125 0.07833333333333334
0 0.2821875 0.5095833333333334 0.068125 0.11916666666666667
0 0.455625 0.63375 0.08375 0.10416666666666667
0 0.539375 0.7320833333333333 0.0725 0.11083333333333334
0 0.38125 0.615 0.07375 0.10666666666666667
0 0.2234375 0.7670833333333333 0.079375 0.09583333333333334
0 0.2815625 0.6875 0.089375 0.09833333333333333
0 0.5203125 0.6495833333333333 0.073125 0.09416666666666666
0 0.4434375 0.335 0.074375 0.095