0 0.6371875 0.48 0.065625 0.08666666666666667
0 0.5540625 0.40166666666666667 0.063125 0.09
0 0.715 0.5583333333333333 0.05875 0.08833333333333333
0 0.4775 0.68625 0.05375 0.08916666666666667
0 0.534375 0.18208333333333335 0.06875 0.09083333333333334
0 0.781875 0.8608333333333333 0.0475 0.08666666666666667
0 0.3140625 0.13083333333333333 0.061875 0.09833333333333333
0 0.5828125 0.6508333333333334 0.058125 0.075
0 0.5865625 0.26375 0.064375 0.08083333333333333
0 0.7871875 0.72875 0.064375 0.0825
0 0.31 0.9079166666666667 0.05 0.06916666666666667
0 0.3596875 0.08125 0.068125 0.0975
0 0.7525 0.6833333333333333 0.06625 0.08166666666666667
0 0.33375 0.74875 0.04625 0.10916666666666666
0 0.2615625 0.8983333333333333 0.061875 0.09833333333333333
0 0.663125 0.15583333333333332 0.08125 0.09666666666666666
0 0.3134375 0.3908333333333333 0.084375 0.11333333333333333
0 0.7265625 0.92375 0.073125 0.10583333333333333
0 0.38375 0.8675 0.075 0.11166666666666666
0 0.730625 0.07916666666666666 0.065 0.10833333333333334