0 0.6771875 0.7475 0.079375 0.10666666666666667
0 0.4784375 0.4395833333333333 0.086875 0.09916666666666667
0 0.2284375 0.14416666666666667 0.070625 0.1
0 0.3125 0.1825 0.08375 0.10166666666666667
0 0.2821875 0.26416666666666666 0.080625 0.09833333333333333
1 0.3821875 0.52125 0.074375 0.10916666666666666
0 0.1740625 0.30291666666666667 0.069375 0.0975
0 0.734375 0.5325 0.07625 0.09833333333333333
0 0.2378125 0.23083333333333333 0.069375 0.095
0 0.2334375 0.3729166666666667 0.063125 0.08583333333333333
0 0.2096875 0.5883333333333334 0.070625 0.09666666666666666
0 0.21625 0.4504166666666667 0.07375 0.08416666666666667
0 0.78125 0.5875 0.0775 0.085
0 0.293125 0.49875 0.0625 0.07583333333333334
0 0.46 0.19375 0.05875 0.09083333333333334
0 0.431875 0.5829166666666666 0.0625 0.0875
0 0.3825 0.7029166666666666 0.0575 0.1025
0 0.435625 0.78375 0.0575 0.0975
0 0.3453125 0.26916666666666667 0.066875 0.08166666666666667
0 0.354375 0.19708333333333333 0.06375 0.0975
0 0.4190625 0.22041666666666668 0.060625 0.09416666666666666
0 0.520625 0.64375 0.05625 0.09083333333333334
0 0.435 0.6695833333333333 0.0725 0.09583333333333334
0 0.40125 0.7341666666666666 0.0625 0.09
0 0.4875 0.7041666666666667 0.06125 0.08666666666666667
0 0.5421875 0.7395833333333334 0.069375 0.0875
0 0.555 0.8629166666666667 0.0575 0.08083333333333333
0 0.576875 0.78875 0.05625 0.0825
0 0.8021875 0.31625 0.073125 0.0925
0 0.4125 0.3416666666666667 0.0675 0.08166666666666667
0 0.7975 0.17333333333333334 0.06625 0.07666666666666666
0 0.8203125 0.24875 0.061875 0.08583333333333333
0 0.826875 0.1825 0.05625 0.10333333333333333
0 0.454375 0.105 0.07125 0.08166666666666667
0 0.4296875 0.06333333333333334 0.070625 0.08
0 0.238125 0.3254166666666667 0.06125 0.09416666666666666
0 0.1859375 0.22833333333333333 0.055625 0.09666666666666666
0 0.1640625 0.38166666666666665 0.065625 0.07833333333333334
0 0.57625 0.9366666666666666 0.06875 0.08833333333333333
1 0.753125 0.28 0.075 0.13333333333333333
0 0.82375 0.5133333333333333 0.0575 0.09833333333333333
0 0.7659375 0.08666666666666667 0.049375 0.07166666666666667