0 0.0484375 0.44625 0.074375 0.10416666666666667
0 0.2609375 0.7925 0.075625 0.08666666666666667
0 0.141875 0.59375 0.07625 0.10416666666666667
0 0.245625 0.63125 0.0775 0.0925
0 0.716875 0.8029166666666666 0.07625 0.11416666666666667
0 0.264375 0.7054166666666667 0.08 0.09083333333333334
0 0.9603125 0.8716666666666667 0.071875 0.10333333333333333
0 0.9153125 0.6991666666666667 0.079375 0.09833333333333333
0 0.16375 0.89625 0.0675 0.11583333333333333
0 0.62375 0.057916666666666665 0.0725 0.09083333333333334
0 0.100625 0.7791666666666667 0.08625 0.09333333333333334
0 0.2321875 0.44208333333333333 0.085625 0.09416666666666666
0 0.20125 0.35125 0.07875 0.11583333333333333
0 0.1940625 0.685 0.075625 0.10666666666666667
0 0.0503125 0.9154166666666667 0.066875 0.09916666666666667
0 0.7515625 0.6441666666666667 0.070625 0.095
0 0.3378125 0.4975 0.075625 0.10666666666666667
0 0.6778125 0.3591666666666667 0.068125 0.09166666666666666
0 0.9578125 0.49125 0.069375 0.10416666666666667
0 0.7546875 0.9429166666666666 0.074375 0.09916666666666667
0 0.7953125 0.42625 0.083125 0.12083333333333333
0 0.91125 0.39375 0.0825 0.11583333333333333
1 0.6771875 0.21416666666666667 0.066875 0.085
0 0.8921875 0.9283333333333333 0.086875 0.10666666666666667
0 0.75125 0.22333333333333333 0.0825 0.07833333333333334
0 0.25875 0.33166666666666667 0.0675 0.10833333333333334
0 0.29875 0.3883333333333333 0.0725 0.1
0 0.2490625 0.5241666666666667 0.084375 0.09166666666666666
0 0.8478125 0.6370833333333333 0.088125 0.08416666666666667
0 0.75875 0.725 0.08875 0.08666666666666667
0 0.1025 0.9016666666666666 0.05375 0.10333333333333333
0 0.855625 0.75 0.07625 0.08666666666666667
0 0.22 0.87375 0.065 0.11583333333333333
0 0.6275 0.28041666666666665 0.07375 0.12416666666666666
0 0.8753125 0.46416666666666667 0.081875 0.12
0 0.9478125 0.7833333333333333 0.093125 0.085
0 0.3946875 0.9420833333333334 0.073125 0.11083333333333334