0 0.62625 0.23583333333333334 0.095 0.12666666666666668
0 0.585625 0.1525 0.09125 0.12166666666666667
0 0.316875 0.5133333333333333 0.0925 0.12333333333333334
0 0.2465625 0.47541666666666665 0.088125 0.1175
0 0.6371875 0.65 0.094375 0.12666666666666668
0 0.5121875 0.9370833333333334 0.093125 0.12416666666666666
0 0.290625 0.7775 0.09375 0.125
0 0.740625 0.9033333333333333 0.105 0.14
0 0.6615625 0.56875 0.084375 0.1125
0 0.44875 0.5204166666666666 0.10875 0.14583333333333334
0 0.455625 0.8675 0.08625 0.115
0 0.673125 0.9108333333333334 0.085 0.11333333333333333
0 0.65375 0.16125 0.09125 0.1225
0 0.9375 0.7166666666666667 0.0875 0.11666666666666667
0 0.5475 0.31916666666666665 0.085 0.11333333333333333
0 0.5309375 0.47541666666666665 0.103125 0.1375
0 0.8325 0.6808333333333333 0.09 0.12
0 0.4378125 0.27625 0.085625 0.11416666666666667
0 0.390625 0.2075 0.08625 0.115
0 0.3621875 0.28791666666666665 0.091875 0.1225
0 0.900625 0.8175 0.08375 0.11166666666666666
0 0.524375 0.6675 0.0875 0.11666666666666667
0 0.240625 0.5583333333333333 0.0875 0.11666666666666667
0 0.380625 0.4925 0.08625 0.115
0 0.7475 0.5325 0.09375 0.125
0 0.848125 0.4091666666666667 0.08375 0.11166666666666666
0 0.4040625 0.7725 0.101875 0.135
0 0.6934375 0.37041666666666667 0.081875 0.10916666666666666
0 0.3446875 0.8245833333333333 0.099375 0.1325
0 0.1996875 0.3104166666666667 0.095625 0.1275
0 0.723125 0.44 0.0825 0.11
0 0.448125 0.21125 0.0925 0.1225
0 0.7059375 0.63375 0.080625 0.1075
0 0.82625 0.34791666666666665 0.09375 0.12416666666666666
0 0.8009375 0.7604166666666666 0.091875 0.1225
0 0.4271875 0.64 0.098125 0.13
0 0.4609375 0.7229166666666667 0.096875 0.12916666666666668
0 0.7678125 0.3675 0.076875 0.10333333333333333
1 0.698125 0.7666666666666667 0.10375 0.13833333333333334
0 0.6025 0.7716666666666666 0.0875 0.11666666666666667
0 0.7584375 0.8154166666666667 0.099375 0.1325
0 0.4840625 0.7408333333333333 0.104375 0.14
1 0.67125 0.31583333333333335 0.11 0.14666666666666667
0 0.2571875 0.72375 0.075625 0.10083333333333333
0 0.0940625 0.605 0.088125 0.11666666666666667
0 0.8284375 0.8470833333333333 0.085625 0.11416666666666667
0 0.6009375 0.7170833333333333 0.075625 0.10083333333333333
0 0.7509375 0.7016666666666667 0.078125 0.10333333333333333
0 0.07875 0.3 0.095 0.12666666666666668
0 0.665 0.7091666666666666 0.075 0.1
1 0.7990625 0.28708333333333336 0.115625 0.15416666666666667
0 0.65375 0.7883333333333333 0.07375 0.09833333333333333
0 0.7609375 0.5575 0.088125 0.11833333333333333