0 0.1365625 0.14583333333333334 0.099375 0.13333333333333333
0 0.5790625 0.39875 0.095625 0.1275
0 0.274375 0.7695833333333333 0.105 0.14083333333333334
0 0.2959375 0.09791666666666667 0.101875 0.13583333333333333
0 0.458125 0.45375 0.09375 0.12583333333333332
0 0.88875 0.6570833333333334 0.08125 0.10916666666666666
0 0.5746875 0.28541666666666665 0.091875 0.1225
0 0.2065625 0.5545833333333333 0.099375 0.1325
0 0.925625 0.5833333333333334 0.09125 0.12166666666666667
0 0.2515625 0.20791666666666667 0.096875 0.12916666666666668
0 0.6290625 0.31416666666666665 0.091875 0.12333333333333334
0 0.674375 0.19541666666666666 0.10125 0.13416666666666666
0 0.368125 0.7216666666666667 0.09875 0.13166666666666665
0 0.651875 0.4033333333333333 0.09375 0.125
0 0.8090625 0.41541666666666666 0.084375 0.1125
0 0.6759375 0.5745833333333333 0.086875 0.11583333333333333
0 0.2015625 0.2916666666666667 0.100625 0.135
0 0.4253125 0.6220833333333333 0.098125 0.13083333333333333
0 0.5934375 0.12708333333333333 0.103125 0.1375
0 0.475 0.7966666666666666 0.1075 0.14333333333333334
0 0.32375 0.8883333333333333 0.09 0.12
0 0.5503125 0.8379166666666666 0.100625 0.13416666666666666
0 0.21875 0.115 0.095 0.12666666666666668
0 0.6265625 0.7495833333333334 0.101875 0.13583333333333333
0 0.363125 0.47333333333333333 0.09875 0.13166666666666665
0 0.4271875 0.5304166666666666 0.093125 0.12416666666666666
0 0.5928125 0.9316666666666666 0.076875 0.10333333333333333
0 0.1290625 0.335 0.090625 0.12166666666666667
0 0.5053125 0.37625 0.104375 0.13916666666666666
0 0.88125 0.4125 0.095 0.12666666666666668
0 0.905625 0.8225 0.10375 0.13833333333333334
0 0.9478125 0.67375 0.091875 0.1225
0 0.145625 0.43833333333333335 0.1 0.13333333333333333
0 0.8209375 0.82875 0.110625 0.1475
0 0.8109375 0.645 0.099375 0.13333333333333333
0 0.6034375 0.8358333333333333 0.091875 0.12166666666666667
0 0.7234375 0.6429166666666667 0.096875 0.12916666666666668
0 0.583125 0.645 0.1 0.13333333333333333
0 0.0803125 0.5054166666666666 0.090625 0.12083333333333333
0 0.4346875 0.23625 0.099375 0.1325
0 0.115 0.5683333333333334 0.0975 0.13
0 0.735625 0.81125 0.09 0.11916666666666667
0 0.5609375 0.6929166666666666 0.098125 0.13083333333333333
0 0.4584375 0.36333333333333334 0.084375 0.11333333333333333
0 0.301875 0.3541666666666667 0.1 0.13333333333333333
0 0.309375 0.2704166666666667 0.08625 0.11583333333333333
0 0.14625 0.23583333333333334 0.08625 0.115
0 0.436875 0.69625 0.0975 0.13083333333333333
0 0.3846875 0.7620833333333333 0.089375 0.11916666666666667
0 0.8409375 0.5404166666666667 0.095625 0.1275
0 0.26125 0.47333333333333333 0.10625 0.14166666666666666
0 0.8021875 0.3129166666666667 0.085625 0.11416666666666667
0 0.3209375 0.21541666666666667 0.091875 0.1225
0 0.52375 0.18333333333333332 0.08625 0.115
0 0.7390625 0.24541666666666667 0.085625 0.11416666666666667
0 0.856875 0.48875 0.10375 0.1375
0 0.193125 0.39166666666666666 0.1025 0.13666666666666666
0 0.11 0.24875 0.1025 0.1375
0 0.3834375 0.2579166666666667 0.099375 0.1325
0 0.346875 0.5891666666666666 0.08375 0.11166666666666666
0 0.394375 0.8675 0.0975 0.13
0 0.6965625 0.33125 0.093125 0.12416666666666666
0 0.3353125 0.6304166666666666 0.104375 0.13916666666666666
0 0.1915625 0.66375 0.091875 0.1225
0 0.66125 0.6591666666666667 0.1 0.13333333333333333
0 0.65875 0.8275 0.095 0.12666666666666668
0 0.7590625 0.75875 0.084375 0.1125
0 0.150625 0.49083333333333334 0.09125 0.12166666666666667
0 0.2334375 0.38666666666666666 0.099375 0.13166666666666665
0 0.3946875 0.5758333333333333 0.099375 0.13333333333333333
0 0.5034375 0.27166666666666667 0.094375 0.12666666666666668
0 0.308125 0.5483333333333333 0.0875 0.11666666666666667
0 0.771875 0.3120833333333333 0.0975 0.13083333333333333
0 0.3559375 0.35625 0.094375 0.12583333333333332
0 0.7884375 0.5345833333333333 0.096875 0.12916666666666668
0 0.5890625 0.4925 0.090625 0.12166666666666667
0 0.621875 0.4708333333333333 0.0825 0.11
0 0.5090625 0.10958333333333334 0.099375 0.1325
0 0.214375 0.47333333333333333 0.08625 0.115
0 0.3846875 0.07458333333333333 0.083125 0.11083333333333334
0 0.513125 0.22791666666666666 0.10125 0.13416666666666666
0 0.49875 0.6470833333333333 0.09625 0.12916666666666668
0 0.476875 0.12833333333333333 0.08625 0.115
1 0.724375 0.8916666666666667 0.08375 0.11166666666666666
0 0.380625 0.16458333333333333 0.0875 0.1175
0 0.536875 0.5616666666666666 0.095 0.12666666666666668
0 0.9346875 0.7125 0.088125 0.11833333333333333
0 0.280625 0.31375 0.095 0.1275
0 0.48375 0.5579166666666666 0.1175 0.15583333333333332
0 0.814375 0.8758333333333334 0.08875 0.11833333333333333
1 0.49375 0.6 0.08875 0.11833333333333333
0 0.811875 0.9391666666666667 0.08 0.10666666666666667
0 0.4178125 0.9070833333333334 0.095625 0.1275
0 0.519375 0.8958333333333334 0.0825 0.11
0 0.6790625 0.6966666666666667 0.091875 0.12166666666666667
0 0.7653125 0.72625 0.084375 0.1125
0 0.9259375 0.55125 0.088125 0.1175
0 0.7628125 0.2225 0.084375 0.11333333333333333
0 0.78875 0.47625 0.08875 0.1175
0 0.805625 0.5979166666666667 0.0925 0.1225
0 0.7409375 0.6020833333333333 0.095625 0.1275
0 0.706875 0.72 0.0825 0.11
0 0.443125 0.12958333333333333 0.09 0.11916666666666667
0 0.4375 0.3525 0.095 0.12666666666666668
0 0.4090625 0.135 0.091875 0.12333333333333334
0 0.3103125 0.5054166666666666 0.093125 0.12416666666666666
0 0.165 0.6683333333333333 0.0975 0.13
0 0.609375 0.5145833333333333 0.08875 0.1175
0 0.6009375 0.065 0.084375 0.11166666666666666
0 0.7703125 0.90375 0.104375 0.13916666666666666
0 0.6875 0.90875 0.07875 0.10416666666666667
0 0.66625 0.8666666666666667 0.085 0.11333333333333333
0 0.3740625 0.2916666666666667 0.089375 0.12