0 0.1825 0.685 0.0875 0.11666666666666667
0 0.158125 0.6125 0.0825 0.11
0 0.2259375 0.785 0.098125 0.13166666666666665
0 0.5446875 0.07291666666666667 0.105625 0.14083333333333334
0 0.90625 0.21416666666666667 0.08875 0.11833333333333333
0 0.5834375 0.34125 0.093125 0.12416666666666666
0 0.585625 0.5416666666666666 0.10375 0.13833333333333334
0 0.3840625 0.45708333333333334 0.101875 0.13583333333333333
0 0.7575 0.74875 0.095 0.12583333333333332
0 0.4696875 0.5429166666666667 0.099375 0.1325
0 0.590625 0.8016666666666666 0.1 0.13333333333333333
0 0.545 0.24875 0.085 0.1125
0 0.805625 0.15333333333333332 0.095 0.12666666666666668
0 0.4275 0.20958333333333334 0.1025 0.1375
0 0.80125 0.6358333333333334 0.09625 0.12833333333333333
0 0.5134375 0.8845833333333334 0.078125 0.10416666666666667
0 0.4778125 0.4666666666666667 0.101875 0.135
0 0.8521875 0.49333333333333335 0.095625 0.12666666666666668
0 0.2825 0.32 0.08875 0.11833333333333333
0 0.1921875 0.48291666666666666 0.099375 0.1325
0 0.1209375 0.8245833333333333 0.103125 0.1375
0 0.7775 0.36541666666666667 0.1 0.1325
0 0.3865625 0.54625 0.084375 0.1125
0 0.309375 0.5375 0.095 0.12666666666666668
0 0.620625 0.8729166666666667 0.0825 0.10916666666666666
0 0.3184375 0.5654166666666667 0.090625 0.12083333333333333
0 0.26875 0.2025 0.1 0.13333333333333333
0 0.77 0.49541666666666667 0.0875 0.1175
1 0.324375 0.22833333333333333 0.11 0.14666666666666667
0 0.55625 0.6875 0.09125 0.12166666666666667
0 0.5734375 0.18083333333333335 0.076875 0.10333333333333333
0 0.389375 0.7066666666666667 0.09875 0.13166666666666665
0 0.6953125 0.7875 0.086875 0.11666666666666667
0 0.6075 0.7483333333333333 0.10125 0.135
0 0.3140625 0.67875 0.093125 0.12416666666666666
0 0.7296875 0.42041666666666666 0.091875 0.1225
0 0.3590625 0.16958333333333334 0.086875 0.11583333333333333
0 0.0459375 0.7170833333333333 0.086875 0.11583333333333333
0 0.66375 0.0925 0.09625 0.12833333333333333
0 0.1034375 0.47 0.090625 0.12
0 0.52375 0.7229166666666667 0.08 0.10583333333333333
0 0.8971875 0.5491666666666667 0.080625 0.10666666666666667
0 0.243125 0.7275 0.1 0.13333333333333333
0 0.379375 0.8958333333333334 0.08125 0.10833333333333334
1 0.83375 0.3745833333333333 0.09375 0.12416666666666666
0 0.793125 0.42625 0.09 0.11916666666666667
0 0.9140625 0.4820833333333333 0.080625 0.1075
0 0.0475 0.67875 0.085 0.1125
0 0.1634375 0.3254166666666667 0.084375 0.1125
0 0.7140625 0.32375 0.098125 0.13083333333333333
0 0.734375 0.5541666666666667 0.08125 0.10833333333333334
0 0.2184375 0.5570833333333334 0.081875 0.10916666666666666
0 0.3090625 0.8925 0.076875 0.10333333333333333
0 0.2684375 0.9408333333333333 0.070625 0.09333333333333334
0 0.459375 0.39791666666666664 0.085 0.1125
0 0.7259375 0.16916666666666666 0.068125 0.09
0 0.5953125 0.45625 0.084375 0.1125
0 0.6684375 0.3525 0.079375 0.10666666666666667
0 0.6725 0.23166666666666666 0.095 0.12666666666666668
0 0.2853125 0.6704166666666667 0.083125 0.11083333333333334
0 0.4315625 0.81875 0.083125 0.11083333333333334
0 0.36 0.08375 0.0875 0.11583333333333333
0 0.6496875 0.21833333333333332 0.071875 0.09666666666666666
0 0.6384375 0.605 0.076875 0.10333333333333333
0 0.69 0.5883333333333334 0.07 0.09333333333333334
0 0.7009375 0.5283333333333333 0.081875 0.10833333333333334
0 0.5084375 0.5916666666666667 0.076875 0.10333333333333333
0 0.4609375 0.7279166666666667 0.073125 0.0975
0 0.399375 0.11041666666666666 0.0775 0.10416666666666667
0 0.17375 0.38708333333333333 0.0675 0.08916666666666667
0 0.3496875 0.33708333333333335 0.085625 0.11416666666666667
0 0.2478125 0.5025 0.079375 0.105
0 0.230625 0.91125 0.07375 0.0975
0 0.1796875 0.8975 0.073125 0.09833333333333333
0 0.1471875 0.80625 0.080625 0.1075
0 0.4153125 0.32875 0.079375 0.10583333333333333
0 0.1421875 0.5229166666666667 0.068125 0.09083333333333334
0 0.3934375 0.60125 0.064375 0.08583333333333333
0 0.1940625 0.8425 0.065625 0.08833333333333333
0 0.0484375 0.49041666666666667 0.069375 0.0925
0 0.738125 0.09041666666666667 0.08625 0.11583333333333333
0 0.66625 0.2891666666666667 0.07375 0.09833333333333333
0 0.701875 0.10875 0.06875 0.09083333333333334
0 0.4496875 0.11833333333333333 0.070625 0.095
1 0.4615625 0.3204166666666667 0.143125 0.19083333333333333
0 0.3771875 0.3095833333333333 0.098125 0.13083333333333333
0 0.8559375 0.4475 0.085625 0.11333333333333333