0 0.48125 0.27625 0.065 0.08583333333333333
0 0.63625 0.3258333333333333 0.05875 0.08166666666666667
0 0.2146875 0.265 0.056875 0.08333333333333333
0 0.2921875 0.33458333333333334 0.070625 0.0925
0 0.3540625 0.2808333333333333 0.066875 0.09166666666666666
0 0.468125 0.84375 0.06 0.10083333333333333
0 0.3584375 0.55375 0.069375 0.09416666666666666
0 0.6209375 0.21083333333333334 0.078125 0.08833333333333333
0 0.31 0.42125 0.06125 0.0875
0 0.2115625 0.7341666666666666 0.069375 0.1
0 0.3025 0.9295833333333333 0.06875 0.10083333333333333
0 0.3265625 0.12291666666666666 0.061875 0.08416666666666667
0 0.5409375 0.11916666666666667 0.078125 0.08333333333333333
0 0.21875 0.07916666666666666 0.06625 0.085
0 0.7178125 0.7166666666666667 0.073125 0.09
0 0.74125 0.47 0.0675 0.09333333333333334
0 0.61 0.7554166666666666 0.06 0.09416666666666666
0 0.6940625 0.043333333333333335 0.065625 0.07166666666666667
0 0.7146875 0.3929166666666667 0.060625 0.0825
0 0.164375 0.3125 0.07 0.095
0 0.171875 0.5575 0.0675 0.09333333333333334
0 0.665 0.4454166666666667 0.0575 0.0775
0 0.6334375 0.5420833333333334 0.061875 0.09083333333333334
0 0.415 0.5195833333333333 0.06625 0.1025
0 0.633125 0.11666666666666667 0.055 0.07166666666666667
0 0.5225 0.5920833333333333 0.0575 0.07416666666666667
0 0.3190625 0.2025 0.054375 0.07833333333333334
0 0.3825 0.64375 0.0825 0.0875
0 0.838125 0.19166666666666668 0.06625 0.09333333333333334
0 0.7240625 0.23791666666666667 0.053125 0.0825
0 0.5221875 0.20708333333333334 0.083125 0.09916666666666667
0 0.7753125 0.5566666666666666 0.073125 0.09166666666666666
0 0.7771875 0.6566666666666666 0.060625 0.07666666666666666
0 0.1734375 0.8358333333333333 0.066875 0.09166666666666666
0 0.3671875 0.7591666666666667 0.051875 0.07
0 0.2809375 0.66875 0.058125 0.0825
0 0.8375 0.7170833333333333 0.055 0.0825
0 0.6840625 0.62625 0.049375 0.06916666666666667
0 0.37125 0.17708333333333334 0.055 0.0825
0 0.6090625 0.4425 0.055625 0.06833333333333333
0 0.1925 0.19 0.0575 0.07166666666666667
0 0.514375 0.8979166666666667 0.05875 0.0725
0 0.7340625 0.6054166666666667 0.049375 0.0775
0 0.73625 0.36041666666666666 0.06625 0.07583333333333334
0 0.7821875 0.39916666666666667 0.051875 0.07666666666666666
0 0.84125 0.38 0.065 0.09
0 0.41875 0.7541666666666667 0.04625 0.06833333333333333
0 0.2134375 0.835 0.060625 0.08333333333333333
0 0.325625 0.6808333333333333 0.055 0.07
0 0.5584375 0.042916666666666665 0.056875 0.0775
0 0.266875 0.8170833333333334 0.05375 0.08916666666666667
0 0.4725 0.93 0.05625 0.056666666666666664
0 0.4028125 0.32083333333333336 0.045625 0.075
0 0.151875 0.25833333333333336 0.0525 0.075
0 0.1546875 0.7208333333333333 0.046875 0.07166666666666667
0 0.4784375 0.5320833333333334 0.058125 0.060833333333333336