0 0.7815625 0.4970833333333333 0.091875 0.1225
0 0.3971875 0.5395833333333333 0.084375 0.1125
0 0.395625 0.15833333333333333 0.105 0.14
0 0.7603125 0.39791666666666664 0.091875 0.1225
0 0.7334375 0.6520833333333333 0.098125 0.13083333333333333
0 0.6915625 0.12625 0.090625 0.12083333333333333
0 0.9225 0.4895833333333333 0.0875 0.1175
0 0.2690625 0.17416666666666666 0.103125 0.13666666666666666
0 0.5940625 0.56125 0.088125 0.1175
0 0.47 0.18833333333333332 0.1 0.13333333333333333
0 0.2928125 0.5066666666666667 0.086875 0.115
0 0.530625 0.38916666666666666 0.12 0.16
0 0.7775 0.30333333333333334 0.095 0.12666666666666668
0 0.5778125 0.26958333333333334 0.098125 0.13083333333333333
0 0.5403125 0.6075 0.094375 0.12666666666666668
0 0.6228125 0.92625 0.095625 0.1275
0 0.2896875 0.6654166666666667 0.099375 0.1325
0 0.8359375 0.8795833333333334 0.089375 0.11916666666666667
0 0.7165625 0.20958333333333334 0.091875 0.1225
0 0.709375 0.39666666666666667 0.095 0.12666666666666668
0 0.5678125 0.8966666666666666 0.084375 0.11333333333333333
0 0.8903125 0.83375 0.088125 0.1175
0 0.8328125 0.4033333333333333 0.080625 0.10833333333333334
0 0.394375 0.39708333333333334 0.085 0.11416666666666667
0 0.7159375 0.28 0.084375 0.11333333333333333
0 0.1884375 0.3304166666666667 0.085625 0.11416666666666667
0 0.3003125 0.3779166666666667 0.089375 0.11916666666666667
0 0.270625 0.08 0.08375 0.11166666666666666
0 0.2478125 0.6045833333333334 0.079375 0.10583333333333333
0 0.284375 0.72875 0.09 0.11916666666666667
0 0.365 0.4775 0.0925 0.12333333333333334
0 0.235625 0.7875 0.0925 0.12333333333333334
0 0.493125 0.6583333333333333 0.09875 0.13166666666666665
0 0.536875 0.7420833333333333 0.0825 0.10916666666666666
0 0.6509375 0.83125 0.095625 0.1275
0 0.616875 0.6866666666666666 0.07125 0.095
0 0.22625 0.38625 0.0775 0.1025
0 0.781875 0.8554166666666667 0.0975 0.13083333333333333
0 0.3375 0.39416666666666667 0.0825 0.11
0 0.4334375 0.6529166666666667 0.081875 0.10916666666666666
0 0.3634375 0.3204166666666667 0.083125 0.11083333333333334
0 0.134375 0.14916666666666667 0.08625 0.115
0 0.7115625 0.7395833333333334 0.088125 0.1175
0 0.1965625 0.15458333333333332 0.078125 0.10416666666666667
0 0.3790625 0.7770833333333333 0.076875 0.1025
0 0.6534375 0.32625 0.081875 0.10916666666666666
0 0.1421875 0.19875 0.084375 0.1125
0 0.6590625 0.44125 0.104375 0.13916666666666666
0 0.466875 0.81375 0.0875 0.11583333333333333
0 0.3771875 0.6983333333333334 0.085625 0.115
0 0.0771875 0.26208333333333333 0.085625 0.11416666666666667
0 0.6846875 0.9383333333333334 0.078125 0.10333333333333333
0 0.3409375 0.9354166666666667 0.081875 0.10916666666666666
0 0.7353125 0.80875 0.098125 0.13083333333333333
0 0.594375 0.7525 0.07375 0.09833333333333333
1 0.546875 0.19625 0.12375 0.16416666666666666
0 0.324375 0.8279166666666666 0.08625 0.11416666666666667
0 0.6053125 0.35625 0.085625 0.11416666666666667
0 0.380625 0.635 0.08875 0.11833333333333333
0 0.4178125 0.70875 0.083125 0.11083333333333334
1 0.6025 0.42041666666666666 0.1175 0.15583333333333332
0 0.328125 0.5795833333333333 0.06625 0.08916666666666667
0 0.1165625 0.6445833333333333 0.076875 0.1025
0 0.5628125 0.8466666666666667 0.098125 0.13
0 0.5940625 0.6220833333333333 0.065625 0.0875
0 0.6459375 0.64875 0.070625 0.09416666666666666
0 0.591875 0.82 0.0975 0.13
0 0.705 0.85875 0.0925 0.12416666666666666