0 0.6665625 0.48375 0.085625 0.11416666666666667
0 0.134375 0.40625 0.09125 0.1225
0 0.6803125 0.19041666666666668 0.103125 0.1375
0 0.6453125 0.7129166666666666 0.100625 0.13416666666666666
1 0.316875 0.48833333333333334 0.1125 0.15
0 0.4434375 0.51 0.108125 0.145
0 0.2103125 0.23958333333333334 0.098125 0.13083333333333333
0 0.7946875 0.2679166666666667 0.094375 0.12583333333333332
0 0.715625 0.66 0.09125 0.12166666666666667
0 0.6259375 0.26208333333333333 0.098125 0.13083333333333333
0 0.8353125 0.49625 0.090625 0.12083333333333333
0 0.54625 0.6891666666666667 0.11 0.14666666666666667
0 0.529375 0.47875 0.09875 0.13083333333333333
0 0.44 0.3175 0.09375 0.125
0 0.0553125 0.3858333333333333 0.095625 0.12833333333333333
0 0.4403125 0.12708333333333333 0.095625 0.1275
1 0.25875 0.7629166666666667 0.10875 0.14583333333333334
0 0.310625 0.155 0.09625 0.12833333333333333
0 0.295625 0.27 0.095 0.12666666666666668
0 0.268125 0.13625 0.09 0.12083333333333333
0 0.2490625 0.5525 0.098125 0.13166666666666665
0 0.4640625 0.46041666666666664 0.094375 0.12583333333333332
0 0.820625 0.5929166666666666 0.095 0.1275
0 0.48625 0.3875 0.095 0.12666666666666668
0 0.7421875 0.5908333333333333 0.096875 0.12833333333333333
0 0.7640625 0.62125 0.100625 0.13416666666666666