0 0.6115625 0.26375 0.069375 0.09083333333333334
0 0.335 0.16208333333333333 0.0625 0.0825
0 0.3475 0.51375 0.06375 0.09416666666666666
0 0.600625 0.49333333333333335 0.07375 0.09833333333333333
0 0.7934375 0.8975 0.070625 0.09333333333333334
0 0.6346875 0.6916666666666667 0.065625 0.11
0 0.4575 0.13958333333333334 0.06625 0.0975
0 0.2175 0.8245833333333333 0.08125 0.1075
0 0.5440625 0.355 0.055625 0.095
0 0.6225 0.37 0.08 0.09333333333333334
0 0.7046875 0.49375 0.073125 0.09416666666666666
0 0.6725 0.055 0.0725 0.105
0 0.41625 0.9358333333333333 0.0725 0.10166666666666667
0 0.3746875 0.9275 0.068125 0.09333333333333334
1 0.2171875 0.7041666666666667 0.089375 0.12
0 0.51375 0.24708333333333332 0.0675 0.1075