0 0.0778125 0.6729166666666667 0.089375 0.11916666666666667
0 0.4128125 0.21291666666666667 0.090625 0.12083333333333333
0 0.5403125 0.51375 0.085625 0.11416666666666667
0 0.701875 0.7441666666666666 0.09375 0.125
0 0.64875 0.17458333333333334 0.10375 0.1375
0 0.613125 0.525 0.09 0.12
0 0.149375 0.6470833333333333 0.1 0.1325
0 0.165625 0.8283333333333334 0.1 0.13333333333333333
0 0.9353125 0.27708333333333335 0.096875 0.12916666666666668
0 0.725 0.17833333333333334 0.0875 0.11666666666666667
0 0.354375 0.7083333333333334 0.1 0.13333333333333333
0 0.439375 0.10166666666666667 0.09875 0.13166666666666665
0 0.18625 0.4170833333333333 0.085 0.1125
0 0.3353125 0.20541666666666666 0.101875 0.13583333333333333
0 0.0640625 0.5733333333333334 0.103125 0.13833333333333334
0 0.225625 0.9075 0.08875 0.11833333333333333
0 0.5190625 0.12083333333333333 0.085625 0.115
0 0.0896875 0.4216666666666667 0.090625 0.12
0 0.3996875 0.93375 0.085625 0.11416666666666667
0 0.803125 0.15125 0.09125 0.1225
0 0.4475 0.4533333333333333 0.09375 0.125
0 0.8415625 0.2525 0.119375 0.16
0 0.5653125 0.44083333333333335 0.105625 0.14
0 0.3390625 0.8704166666666666 0.103125 0.1375
0 0.140625 0.5254166666666666 0.09 0.11916666666666667
0 0.24125 0.7083333333333334 0.10625 0.14166666666666666
0 0.2621875 0.8175 0.103125 0.13833333333333334
0 0.4803125 0.9208333333333333 0.103125 0.13666666666666666
0 0.465625 0.625 0.105 0.14
0 0.701875 0.6366666666666667 0.095 0.12666666666666668
0 0.7409375 0.63375 0.100625 0.13416666666666666
0 0.2046875 0.58125 0.075625 0.10083333333333333
0 0.2603125 0.3075 0.090625 0.12
0 0.35 0.8179166666666666 0.10625 0.14083333333333334
0 0.2775 0.7591666666666667 0.11375 0.15166666666666667
0 0.5965625 0.28291666666666665 0.084375 0.1125
0 0.3165625 0.4870833333333333 0.098125 0.13083333333333333
0 0.325625 0.6066666666666667 0.08625 0.115
0 0.4034375 0.6366666666666667 0.099375 0.13166666666666665
0 0.43875 0.6991666666666667 0.085 0.11333333333333333
0 0.2403125 0.5179166666666667 0.073125 0.0975
0 0.36375 0.5741666666666667 0.0975 0.13
0 0.2421875 0.205 0.105625 0.14166666666666666
0 0.885 0.4483333333333333 0.09375 0.125
0 0.4903125 0.34833333333333333 0.089375 0.11833333333333333
0 0.5296875 0.32125 0.098125 0.13083333333333333
0 0.478125 0.7445833333333334 0.08375 0.11083333333333334
0 0.3153125 0.3958333333333333 0.108125 0.145
0 0.27375 0.4483333333333333 0.09125 0.12166666666666667
0 0.8984375 0.39875 0.103125 0.1375
0 0.4378125 0.4245833333333333 0.080625 0.1075
0 0.270625 0.5425 0.0875 0.11666666666666667
0 0.29 0.2920833333333333 0.09 0.11916666666666667