0 0.2275 0.34958333333333336 0.0725 0.08916666666666667
0 0.2490625 0.64 0.080625 0.08333333333333333
0 0.2075 0.7233333333333334 0.0725 0.08166666666666667
0 0.8103125 0.39458333333333334 0.080625 0.08916666666666667
0 0.81 0.86875 0.07 0.07083333333333333
0 0.7859375 0.9525 0.058125 0.09333333333333334
0 0.409375 0.13625 0.07 0.0975
0 0.2959375 0.7820833333333334 0.066875 0.07916666666666666
0 0.7978125 0.7591666666666667 0.071875 0.07333333333333333
0 0.7990625 0.66625 0.075625 0.1025
0 0.7709375 0.3025 0.069375 0.08833333333333333
0 0.5496875 0.4295833333333333 0.068125 0.08083333333333333
0 0.618125 0.7729166666666667 0.05625 0.07583333333333334
0 0.5153125 0.6475 0.080625 0.09666666666666666
0 0.7203125 0.0475 0.050625 0.085
0 0.47875 0.33625 0.07625 0.10083333333333333
0 0.64125 0.6 0.06125 0.09666666666666666
0 0.35125 0.38375 0.075 0.0925
0 0.4459375 0.46958333333333335 0.055625 0.09083333333333334
0 0.6296875 0.24666666666666667 0.070625 0.09166666666666666
0 0.365625 0.6204166666666666 0.05625 0.08416666666666667
0 0.71 0.285 0.06125 0.08666666666666667
0 0.5665625 0.9541666666666667 0.063125 0.07666666666666666
0 0.284375 0.2725 0.06625 0.1
0 0.8115625 0.075 0.065625 0.09
0 0.2209375 0.05875 0.068125 0.0875
0 0.3453125 0.25625 0.059375 0.0775
0 0.3084375 0.5508333333333333 0.064375 0.08666666666666667
0 0.4409375 0.5545833333333333 0.065625 0.08916666666666667
0 0.1609375 0.6129166666666667 0.068125 0.08416666666666667
0 0.7690625 0.21458333333333332 0.074375 0.10083333333333333
0 0.67125 0.7058333333333333 0.07 0.08666666666666667
0 0.7303125 0.3779166666666667 0.066875 0.09583333333333334
0 0.749375 0.06041666666666667 0.05625 0.09916666666666667
0 0.5796875 0.4841666666666667 0.073125 0.09
0 0.644375 0.4195833333333333 0.07125 0.0675
0 0.2309375 0.83 0.078125 0.09166666666666666
0 0.46 0.9454166666666667 0.0575 0.0775
0 0.375625 0.5354166666666667 0.055 0.08416666666666667
0 0.6925 0.5204166666666666 0.0675 0.0975
0 0.34 0.7275 0.08125 0.06666666666666667
0 0.621875 0.33916666666666667 0.06125 0.08166666666666667
0 0.5559375 0.345 0.065625 0.07333333333333333
0 0.4240625 0.36625 0.063125 0.0975
0 0.296875 0.95 0.06625 0.08166666666666667
0 0.261875 0.8608333333333333 0.06875 0.095
0 0.605 0.9366666666666666 0.06875 0.08
0 0.661875 0.8454166666666667 0.075 0.1025
0 0.6684375 0.34375 0.065625 0.0875
0 0.1615625 0.7104166666666667 0.068125 0.08916666666666667
0 0.253125 0.23333333333333334 0.07 0.08833333333333333
0 0.56625 0.6220833333333333 0.07125 0.10583333333333333
0 0.16125 0.7895833333333333 0.06125 0.07916666666666666
0 0.3584375 0.4816666666666667 0.070625 0.095
0 0.7184375 0.6295833333333334 0.058125 0.07583333333333334
0 0.2425 0.5120833333333333 0.0725 0.11416666666666667
0 0.7309375 0.77375 0.065625 0.09083333333333334
0 0.5515625 0.23125 0.068125 0.09916666666666667
0 0.2009375 0.15708333333333332 0.064375 0.08916666666666667
0 0.469375 0.7666666666666667 0.0625 0.075
0 0.565625 0.8666666666666667 0.05875 0.08833333333333333
0 0.2815625 0.39416666666666667 0.069375 0.08333333333333333
0 0.328125 0.20083333333333334 0.06125 0.09
0 0.1575 0.36375 0.06625 0.09416666666666666
0 0.4265625 0.775 0.056875 0.08833333333333333
0 0.401875 0.8829166666666667 0.065 0.08583333333333333
0 0.4065625 0.29041666666666666 0.070625 0.09083333333333334
0 0.193125 0.24833333333333332 0.06 0.08166666666666667
0 0.795625 0.5675 0.06375 0.08166666666666667
0 0.4784375 0.43166666666666664 0.059375 0.1
0 0.4675 0.8933333333333333 0.06 0.07666666666666666
0 0.8103125 0.5179166666666667 0.056875 0.08416666666666667
0 0.76625 0.7916666666666666 0.0775 0.09
0 0.6590625 0.09333333333333334 0.065625 0.09
0 0.475625 0.26375 0.0575 0.07416666666666667
0 0.299375 0.09875 0.06375 0.0825
0 0.62625 0.9254166666666667 0.06625 0.07416666666666667
0 0.5440625 0.835 0.066875 0.08666666666666667
0 0.4771875 0.72 0.058125 0.07
0 0.52625 0.7820833333333334 0.0625 0.09083333333333334
0 0.5003125 0.7633333333333333 0.064375 0.095
0 0.48375 0.8866666666666667 0.06 0.09833333333333333
0 0.5671875 0.5825 0.055625 0.08
0 0.6278125 0.5725 0.056875 0.095
0 0.6590625 0.66625 0.065625 0.0875
0 0.6 0.52875 0.0675 0.09083333333333334
0 0.575625 0.06291666666666666 0.05125 0.08916666666666667
0 0.74875 0.20583333333333334 0.06125 0.105
0 0.730625 0.485 0.0575 0.07666666666666666
0 0.796875 0.60625 0.07 0.08916666666666667
0 0.736875 0.44958333333333333 0.05875 0.08583333333333333
0 0.7565625 0.5791666666666667 0.068125 0.085
0 0.735 0.5229166666666667 0.06 0.08416666666666667
0 0.7434375 0.3954166666666667 0.063125 0.07583333333333334
0 0.760625 0.41458333333333336 0.0575 0.0725
0 0.7471875 0.70625 0.053125 0.0875
0 0.8215625 0.9316666666666666 0.075625 0.105
0 0.339375 0.6941666666666667 0.0625 0.09
0 0.2971875 0.6025 0.075625 0.09833333333333333
0 0.30875 0.6958333333333333 0.0675 0.09833333333333333
0 0.335 0.5829166666666666 0.06875 0.0925
0 0.36625 0.6441666666666667 0.06 0.08166666666666667
0 0.420625 0.46708333333333335 0.06 0.08916666666666667
0 0.618125 0.40125 0.0675 0.09083333333333334
0 0.6196875 0.285 0.064375 0.08333333333333333
0 0.61875 0.17458333333333334 0.06375 0.08083333333333333
0 0.3090625 0.30041666666666667 0.063125 0.08916666666666667
0 0.3015625 0.17583333333333334 0.065625 0.08
0 0.37125 0.1275 0.06875 0.08
0 0.1775 0.13166666666666665 0.06 0.07666666666666666
0 0.3759375 0.45 0.064375 0.09
0 0.224375 0.245 0.06 0.09333333333333334
0 0.1971875 0.21458333333333332 0.063125 0.08583333333333333
0 0.2321875 0.16 0.053125 0.07166666666666667
0 0.559375 0.05333333333333334 0.06375 0.09666666666666666
0 0.6909375 0.15458333333333332 0.063125 0.08583333333333333
0 0.81 0.12125 0.05875 0.07916666666666666
0 0.81375 0.25833333333333336 0.0625 0.07666666666666666
0 0.68375 0.1175 0.05125 0.07666666666666666
0 0.7103125 0.18583333333333332 0.064375 0.09833333333333333
0 0.744375 0.29083333333333333 0.05875 0.08
0 0.8378125 0.77625 0.060625 0.07583333333333334
0 0.5378125 0.9279166666666666 0.059375 0.09916666666666667
0 0.5065625 0.9525 0.054375 0.08
0 0.3715625 0.91125 0.058125 0.08916666666666667
0 0.5115625 0.25125 0.071875 0.08083333333333333
0 0.4253125 0.95375 0.054375 0.07416666666666667
0 0.4059375 0.7608333333333334 0.053125 0.07833333333333334
0 0.395 0.795 0.05375 0.09
0 0.33375 0.8391666666666666 0.06 0.08666666666666667
0 0.36625 0.8225 0.0625 0.09333333333333334
0 0.295625 0.8725 0.06375 0.07666666666666666
0 0.564375 0.19875 0.0625 0.07416666666666667
0 0.565 0.305 0.0675 0.09
0 0.5153125 0.43166666666666664 0.059375 0.08833333333333333
0 0.5759375 0.6029166666666667 0.053125 0.07583333333333334
0 0.5253125 0.19583333333333333 0.053125 0.10333333333333333
0 0.690625 0.06458333333333334 0.05 0.09916666666666667
0 0.8209375 0.16291666666666665 0.076875 0.07583333333333334
0 0.8375 0.48 0.07 0.09333333333333334
0 0.2425 0.4708333333333333 0.065 0.095
0 0.269375 0.4295833333333333 0.05625 0.07416666666666667
0 0.310625 0.4033333333333333 0.06625 0.08833333333333333
0 0.3371875 0.17041666666666666 0.054375 0.0775
0 0.2675 0.4708333333333333 0.06 0.08333333333333333
0 0.16125 0.835 0.06125 0.08166666666666667
0 0.4071875 0.5820833333333333 0.053125 0.09083333333333334