0 0.6134375 0.6929166666666666 0.083125 0.11083333333333334
0 0.22875 0.6783333333333333 0.0825 0.11
0 0.3578125 0.82875 0.091875 0.1225
0 0.3196875 0.13583333333333333 0.104375 0.14
0 0.861875 0.5525 0.09625 0.12833333333333333
0 0.81625 0.4725 0.1 0.13333333333333333
0 0.7559375 0.89375 0.098125 0.13083333333333333
0 0.2190625 0.41791666666666666 0.096875 0.12916666666666668
0 0.6021875 0.5908333333333333 0.088125 0.11666666666666667
0 0.531875 0.8983333333333333 0.08875 0.11833333333333333
0 0.508125 0.5633333333333334 0.08375 0.11166666666666666
0 0.73125 0.34125 0.085 0.1125
0 0.6396875 0.2 0.086875 0.11666666666666667
0 0.67 0.5075 0.095 0.12666666666666668
0 0.56125 0.4166666666666667 0.08875 0.11833333333333333
0 0.1409375 0.26375 0.081875 0.10916666666666666
0 0.216875 0.7670833333333333 0.07875 0.10583333333333333
0 0.465625 0.6154166666666666 0.0875 0.1175
0 0.375625 0.3225 0.10375 0.13833333333333334
0 0.7315625 0.4579166666666667 0.088125 0.1175
0 0.5225 0.3154166666666667 0.09 0.12083333333333333
0 0.4215625 0.9070833333333334 0.086875 0.11583333333333333
0 0.5078125 0.83625 0.089375 0.11916666666666667
0 0.1728125 0.55875 0.093125 0.12416666666666666
0 0.90375 0.6266666666666667 0.0925 0.12333333333333334
0 0.6578125 0.845 0.098125 0.13
0 0.5778125 0.32416666666666666 0.083125 0.11
0 0.5915625 0.2625 0.093125 0.125
0 0.2640625 0.21 0.085625 0.115
0 0.7003125 0.6504166666666666 0.100625 0.13416666666666666
1 0.3665625 0.19875 0.110625 0.1475
0 0.57375 0.46958333333333335 0.0925 0.12416666666666666
0 0.886875 0.715 0.0975 0.13
1 0.441875 0.1625 0.13 0.17333333333333334
0 0.151875 0.35625 0.0975 0.13083333333333333
0 0.3109375 0.24958333333333332 0.096875 0.12916666666666668
0 0.1015625 0.20041666666666666 0.081875 0.10916666666666666
0 0.8003125 0.41291666666666665 0.099375 0.1325
0 0.4559375 0.7141666666666666 0.094375 0.12666666666666668
0 0.6609375 0.27791666666666665 0.101875 0.13583333333333333
0 0.676875 0.7141666666666666 0.09125 0.12166666666666667
0 0.5671875 0.7566666666666667 0.094375 0.12666666666666668
0 0.46375 0.49541666666666667 0.09875 0.13083333333333333
0 0.4740625 0.2733333333333333 0.100625 0.13333333333333333
0 0.18875 0.06916666666666667 0.1 0.13333333333333333
0 0.3440625 0.93125 0.098125 0.13083333333333333
1 0.8515625 0.3954166666666667 0.114375 0.1525
0 0.5328125 0.7391666666666666 0.089375 0.12
0 0.1896875 0.15708333333333332 0.101875 0.13583333333333333
0 0.45875 0.7529166666666667 0.10375 0.1375
0 0.125625 0.4525 0.08 0.10666666666666667
0 0.6421875 0.9358333333333333 0.093125 0.12333333333333334
1 0.24625 0.10083333333333333 0.10875 0.145
0 0.416875 0.25333333333333335 0.08375 0.11166666666666666
0 0.23875 0.31708333333333333 0.105 0.14083333333333334
0 0.49125 0.42916666666666664 0.09375 0.125
0 0.7384375 0.56875 0.088125 0.1175
1 0.35875 0.45 0.13625 0.18166666666666667
1 0.3903125 0.6916666666666667 0.158125 0.21
0 0.5703125 0.5375 0.091875 0.12333333333333334
0 0.6940625 0.8895833333333333 0.098125 0.13083333333333333
0 0.07875 0.2816666666666667 0.10375 0.13833333333333334
0 0.1375 0.14333333333333334 0.0975 0.13
0 0.101875 0.37333333333333335 0.09875 0.13166666666666665
0 0.739375 0.5325 0.0975 0.13