0 0.361875 0.43666666666666665 0.065 0.085
0 0.299375 0.07708333333333334 0.06 0.08416666666666667
0 0.585 0.6170833333333333 0.06625 0.08416666666666667
0 0.518125 0.29833333333333334 0.07125 0.1
0 0.2621875 0.37041666666666667 0.059375 0.0825
0 0.335625 0.5845833333333333 0.0725 0.08416666666666667
0 0.184375 0.34625 0.06625 0.08583333333333333
0 0.3303125 0.285 0.058125 0.085
0 0.4921875 0.12083333333333333 0.061875 0.08166666666666667
0 0.3246875 0.7958333333333333 0.061875 0.07833333333333334
0 0.3940625 0.52625 0.066875 0.0875
0 0.0625 0.31583333333333335 0.07375 0.07666666666666666
0 0.210625 0.43291666666666667 0.0625 0.08583333333333333
0 0.8225 0.9266666666666666 0.05875 0.08666666666666667
0 0.7215625 0.45875 0.064375 0.0875
0 0.465625 0.69875 0.0625 0.09916666666666667
0 0.194375 0.71875 0.05875 0.09416666666666666
0 0.3196875 0.5041666666666667 0.061875 0.08833333333333333
0 0.8509375 0.5458333333333333 0.058125 0.08166666666666667
0 0.2678125 0.16291666666666665 0.065625 0.08916666666666667
0 0.5925 0.8895833333333333 0.05625 0.0825
0 0.3275 0.3625 0.05875 0.08166666666666667
0 0.5909375 0.7520833333333333 0.069375 0.09083333333333334
0 0.8675 0.39958333333333335 0.06625 0.0775
0 0.756875 0.31 0.06375 0.08833333333333333
0 0.1278125 0.3958333333333333 0.064375 0.09166666666666666
0 0.7515625 0.08458333333333333 0.055625 0.08083333333333333
0 0.183125 0.8208333333333333 0.06125 0.085
0 0.6759375 0.7658333333333334 0.053125 0.06666666666666667
0 0.638125 0.6770833333333334 0.07125 0.08916666666666667
0 0.3878125 0.28791666666666665 0.060625 0.0775
0 0.739375 0.8054166666666667 0.06125 0.08583333333333333
0 0.785625 0.69125 0.06125 0.08083333333333333
0 0.2725 0.7404166666666666 0.06125 0.0825
0 0.818125 0.65125 0.06875 0.09583333333333334
0 0.7078125 0.6841666666666667 0.061875 0.09666666666666666
0 0.1403125 0.9520833333333333 0.063125 0.0925
0 0.4471875 0.15666666666666668 0.059375 0.08166666666666667
0 0.431875 0.46875 0.06375 0.09083333333333334
0 0.599375 0.2916666666666667 0.06375 0.08166666666666667
0 0.065625 0.2225 0.06625 0.08833333333333333
0 0.6425 0.09666666666666666 0.06625 0.09166666666666666
0 0.261875 0.4945833333333333 0.06625 0.0925
0 0.93 0.5283333333333333 0.0675 0.095
0 0.4625 0.88625 0.0625 0.0825
0 0.29375 0.9120833333333334 0.06375 0.0825
0 0.8740625 0.7175 0.061875 0.09833333333333333
0 0.4134375 0.21458333333333332 0.056875 0.07916666666666666
0 0.739375 0.22916666666666666 0.06 0.08
0 0.6246875 0.8208333333333333 0.066875 0.075
0 0.668125 0.8675 0.07 0.09166666666666666
0 0.646875 0.4475 0.06375 0.08333333333333333
0 0.52625 0.8858333333333334 0.06125 0.08
0 0.503125 0.4775 0.0625 0.09166666666666666
0 0.734375 0.9104166666666667 0.06375 0.08083333333333333
0 0.943125 0.34208333333333335 0.06125 0.08083333333333333
0 0.080625 0.10458333333333333 0.0625 0.08583333333333333
0 0.826875 0.4708333333333333 0.0575 0.07833333333333334
0 0.52875 0.04791666666666667 0.05875 0.08583333333333333
0 0.4378125 0.06041666666666667 0.068125 0.0975
0 0.7846875 0.5395833333333333 0.059375 0.08083333333333333
0 0.568125 0.42333333333333334 0.07125 0.09666666666666666
0 0.5428125 0.6941666666666667 0.064375 0.09166666666666666
0 0.224375 0.6208333333333333 0.06375 0.09333333333333334
0 0.2390625 0.87875 0.063125 0.08583333333333333
0 0.67375 0.6070833333333333 0.06125 0.07416666666666667
0 0.5734375 0.22625 0.068125 0.0925
0 0.2446875 0.6645833333333333 0.073125 0.08916666666666667
0 0.355 0.20416666666666666 0.0575 0.08166666666666667
0 0.699375 0.36 0.07 0.09166666666666666
0 0.5671875 0.3695833333333333 0.060625 0.07916666666666666
0 0.8759375 0.6304166666666666 0.064375 0.08083333333333333
0 0.7046875 0.16291666666666665 0.059375 0.07583333333333334
0 0.970625 0.92875 0.0575 0.08583333333333333
0 0.803125 0.14083333333333334 0.0575 0.08333333333333333
0 0.886875 0.47 0.06625 0.07666666666666666
0 0.2046875 0.9270833333333334 0.066875 0.08416666666666667
0 0.259375 0.8466666666666667 0.0725 0.09166666666666666
0 0.956875 0.2425 0.06875 0.08666666666666667
0 0.194375 0.22583333333333333 0.065 0.08666666666666667
0 0.8571875 0.82875 0.073125 0.0675
0 0.6596875 0.3325 0.066875 0.08666666666666667
0 0.6765625 0.24375 0.069375 0.0825
0 0.49875 0.5741666666666667 0.0575 0.08333333333333333
0 0.615 0.53375 0.065 0.0775
0 0.155625 0.48541666666666666 0.06 0.09083333333333334
0 0.5803125 0.5229166666666667 0.074375 0.08916666666666667
0 0.9684375 0.37833333333333335 0.054375 0.08833333333333333
0 0.725 0.64 0.07125 0.09333333333333334
0 0.1403125 0.6266666666666667 0.074375 0.08833333333333333
0 0.1178125 0.5570833333333334 0.063125 0.0725
0 0.4659375 0.25958333333333333 0.070625 0.0725
0 0.4025 0.3670833333333333 0.0625 0.06916666666666667
0 0.41 0.6895833333333333 0.0625 0.08083333333333333
0 0.5215625 0.21166666666666667 0.060625 0.08833333333333333
0 0.9015625 0.91875 0.066875 0.0825
0 0.17125 0.15125 0.05625 0.08583333333333333
0 0.4296875 0.62 0.068125 0.07666666666666666
0 0.819375 0.245 0.05875 0.07
0 0.2725 0.28291666666666665 0.06 0.08416666666666667
0 0.3684375 0.10583333333333333 0.054375 0.08
0 0.1059375 0.8845833333333334 0.066875 0.08416666666666667
0 0.961875 0.7933333333333333 0.06 0.10666666666666667
0 0.958125 0.6520833333333333 0.06875 0.09583333333333334
0 0.0640625 0.7333333333333333 0.053125 0.09333333333333334
0 0.951875 0.12416666666666666 0.07125 0.08166666666666667
0 0.9146875 0.4425 0.069375 0.085
0 0.888125 0.27375 0.06 0.07916666666666666
0 0.080625 0.4870833333333333 0.0625 0.0925
0 0.25125 0.5741666666666667 0.08125 0.09
0 0.1846875 0.03791666666666667 0.058125 0.07583333333333334
0 0.5959375 0.13958333333333334 0.065625 0.07083333333333333
0 0.2075 0.07375 0.06875 0.0725
0 0.37 0.9154166666666667 0.05875 0.09083333333333334
0 0.6421875 0.23541666666666666 0.066875 0.08416666666666667
0 0.21 0.16625 0.07375 0.0925
0 0.9096875 0.6070833333333333 0.064375 0.08916666666666667
0 0.4390625 0.7675 0.056875 0.075
0 0.3159375 0.65625 0.061875 0.0675
0 0.435 0.9570833333333333 0.06375 0.08416666666666667
0 0.1403125 0.18416666666666667 0.058125 0.08333333333333333
1 0.196875 0.53625 0.09 0.11583333333333333
0 0.9378125 0.20833333333333334 0.054375 0.06833333333333333
0 0.933125 0.09208333333333334 0.05375 0.0875
0 0.8853125 0.9 0.065625 0.06833333333333333
0 0.8903125 0.8033333333333333 0.066875 0.065
0 0.8809375 0.7525 0.056875 0.075
0 0.76 0.5475 0.05875 0.08
0 0.4665625 0.8495833333333334 0.065625 0.08583333333333333
0 0.653125 0.7525 0.05 0.07333333333333333
0 0.06 0.485 0.05 0.065
0 0.24375 0.28291666666666665 0.0575 0.06916666666666667
0 0.2046875 0.25708333333333333 0.069375 0.0825
0 0.1065625 0.12666666666666668 0.053125 0.07166666666666667
0 0.1603125 0.050833333333333335 0.063125 0.08333333333333333
0 0.10375 0.18958333333333333 0.05625 0.06916666666666667
0 0.338125 0.18666666666666668 0.05625 0.07833333333333334
0 0.396875 0.09166666666666666 0.07 0.085
0 0.5965625 0.035 0.069375 0.06833333333333333
0 0.81125 0.04 0.07 0.075
0 0.8228125 0.16583333333333333 0.073125 0.06666666666666667
0 0.85625 0.265 0.06 0.08166666666666667
0 0.873125 0.3729166666666667 0.06125 0.0875
0 0.635 0.35541666666666666 0.0575 0.08083333333333333
0 0.395 0.6345833333333334 0.06625 0.07416666666666667
0 0.4165625 0.7829166666666667 0.056875 0.07416666666666667
0 0.5159375 0.6679166666666667 0.053125 0.07583333333333334
0 0.1765625 0.7 0.051875 0.08333333333333333
0 0.345 0.9475 0.05375 0.08333333333333333
0 0.3425 0.8895833333333333 0.05125 0.08916666666666667
0 0.0971875 0.8533333333333334 0.058125 0.08166666666666667
0 0.0725 0.78625 0.06 0.0875
0 0.1303125 0.5916666666666667 0.064375 0.07166666666666667
0 0.488125 0.54875 0.05875 0.08916666666666667
0 0.5009375 0.21916666666666668 0.064375 0.08666666666666667
0 0.5821875 0.12 0.064375 0.075
0 0.695 0.125 0.05375 0.08166666666666667
0 0.035 0.9604166666666667 0.06 0.07416666666666667
0 0.0296875 0.03916666666666667 0.055625 0.07333333333333333