0 0.7946875 0.5183333333333333 0.078125 0.09833333333333333
0 0.4584375 0.28583333333333333 0.070625 0.095
0 0.7121875 0.6125 0.065625 0.09166666666666666
0 0.4084375 0.4920833333333333 0.065625 0.0825
0 0.785625 0.7908333333333334 0.0775 0.09333333333333334
0 0.6809375 0.715 0.074375 0.09833333333333333
0 0.5171875 0.26458333333333334 0.070625 0.09083333333333334
0 0.7240625 0.35875 0.074375 0.10416666666666667
0 0.6321875 0.36625 0.076875 0.09583333333333334
0 0.184375 0.18958333333333333 0.07375 0.1025
0 0.2609375 0.075 0.073125 0.09666666666666666
0 0.6646875 0.19541666666666666 0.074375 0.10083333333333333
0 0.419375 0.37333333333333335 0.065 0.10333333333333333
0 0.2459375 0.49541666666666667 0.083125 0.10416666666666667
0 0.505625 0.6241666666666666 0.065 0.09833333333333333
0 0.6571875 0.9158333333333334 0.078125 0.11
1 0.57125 0.19333333333333333 0.07375 0.09666666666666666
0 0.173125 0.44208333333333333 0.0775 0.10583333333333333
0 0.4459375 0.9179166666666667 0.071875 0.09916666666666667
0 0.3375 0.18958333333333333 0.0725 0.09416666666666666
0 0.2475 0.8241666666666667 0.0775 0.08333333333333333
0 0.2521875 0.6416666666666667 0.073125 0.09833333333333333
0 0.8196875 0.67625 0.075625 0.10916666666666666
0 0.4725 0.53125 0.0675 0.0825
0 0.4015625 0.7204166666666667 0.076875 0.1025
0 0.7809375 0.9141666666666667 0.068125 0.09333333333333334
0 0.7853125 0.4075 0.071875 0.11166666666666666
0 0.405 0.7691666666666667 0.06625 0.10333333333333333
0 0.5484375 0.06541666666666666 0.080625 0.0875
0 0.32875 0.2775 0.075 0.09
0 0.25125 0.57375 0.0775 0.0875
0 0.2646875 0.9258333333333333 0.070625 0.085
0 0.288125 0.22833333333333333 0.08 0.09666666666666666
0 0.5865625 0.46291666666666664 0.064375 0.10583333333333333
0 0.3971875 0.20125 0.071875 0.09083333333333334
0 0.3559375 0.3904166666666667 0.075625 0.10583333333333333
0 0.318125 0.69 0.07875 0.09
0 0.619375 0.22916666666666666 0.06375 0.09166666666666666
0 0.3215625 0.61875 0.071875 0.09083333333333334
0 0.4003125 0.2758333333333333 0.064375 0.10666666666666667
0 0.6825 0.21666666666666667 0.07125 0.10833333333333334
0 0.56875 0.13041666666666665 0.07375 0.0725
0 0.33875 0.6425 0.07125 0.1
0 0.35 0.41208333333333336 0.075 0.09416666666666666
0 0.7665625 0.8620833333333333 0.099375 0.07083333333333333