0 0.41625 0.3675 0.065 0.08166666666666667
0 0.38875 0.8258333333333333 0.065 0.08333333333333333
0 0.406875 0.8983333333333333 0.06875 0.08166666666666667
0 0.1871875 0.8604166666666667 0.070625 0.08583333333333333
0 0.3878125 0.20375 0.060625 0.08416666666666667
0 0.71375 0.30125 0.05875 0.07583333333333334
0 0.4828125 0.41208333333333336 0.071875 0.08416666666666667
0 0.331875 0.7704166666666666 0.07 0.09416666666666666
0 0.2709375 0.9083333333333333 0.066875 0.085
0 0.7765625 0.6929166666666666 0.065625 0.0875
0 0.3753125 0.43166666666666664 0.058125 0.08666666666666667
0 0.2275 0.27166666666666667 0.06375 0.085
0 0.84125 0.13458333333333333 0.06625 0.0975
0 0.6784375 0.38208333333333333 0.063125 0.07583333333333334
0 0.28625 0.7108333333333333 0.05875 0.08666666666666667
0 0.7746875 0.23708333333333334 0.073125 0.0875
0 0.7465625 0.9275 0.063125 0.08166666666666667
0 0.6121875 0.16708333333333333 0.065625 0.09583333333333334
0 0.759375 0.19958333333333333 0.0775 0.06583333333333333
0 0.771875 0.08416666666666667 0.0725 0.09333333333333334
0 0.523125 0.14083333333333334 0.0625 0.08166666666666667
0 0.6378125 0.28 0.065625 0.10833333333333334
0 0.5384375 0.7270833333333333 0.064375 0.08416666666666667
0 0.2303125 0.04833333333333333 0.079375 0.06833333333333333
0 0.788125 0.5579166666666666 0.06625 0.07083333333333333
0 0.215 0.6129166666666667 0.0525 0.09416666666666666
0 0.679375 0.08458333333333333 0.0575 0.07916666666666666
0 0.21 0.38125 0.07125 0.0875
0 0.604375 0.5158333333333334 0.06125 0.08166666666666667
0 0.7521875 0.8345833333333333 0.055625 0.0775
0 0.35625 0.32166666666666666 0.0525 0.08
0 0.209375 0.49416666666666664 0.05625 0.10166666666666667
0 0.4621875 0.5391666666666667 0.070625 0.09666666666666666
0 0.244375 0.3595833333333333 0.055 0.08416666666666667
0 0.1771875 0.2941666666666667 0.081875 0.07333333333333333
0 0.508125 0.5691666666666667 0.0675 0.10333333333333333
0 0.7265625 0.5975 0.064375 0.09333333333333334
0 0.540625 0.5404166666666667 0.05875 0.10416666666666667
0 0.334375 0.675 0.04875 0.08
0 0.2046875 0.7683333333333333 0.073125 0.06166666666666667
0 0.5753125 0.26208333333333333 0.053125 0.0875
0 0.280625 0.8070833333333334 0.06375 0.0825
0 0.44875 0.8283333333333334 0.055 0.07833333333333334
0 0.424375 0.05333333333333334 0.0525 0.085
1 0.2984375 0.26958333333333334 0.083125 0.1025
0 0.5753125 0.795 0.055625 0.07666666666666666
0 0.6703125 0.6620833333333334 0.054375 0.09916666666666667
0 0.399375 0.6475 0.08 0.09
0 0.5015625 0.83375 0.065625 0.0825
0 0.325 0.22958333333333333 0.05 0.0875
0 0.18875 0.6254166666666666 0.0575 0.0725
0 0.2421875 0.47125 0.053125 0.09583333333333334
0 0.284375 0.31833333333333336 0.0575 0.07
0 0.6871875 0.04875 0.056875 0.08416666666666667
0 0.6071875 0.2675 0.060625 0.07666666666666666
0 0.655 0.6829166666666666 0.05875 0.0725