0 0.4584375 0.17916666666666667 0.073125 0.09833333333333333
0 0.8246875 0.39125 0.068125 0.0925
0 0.361875 0.38416666666666666 0.08375 0.11666666666666667
0 0.2734375 0.20291666666666666 0.078125 0.11083333333333334
0 0.5703125 0.32416666666666666 0.078125 0.10666666666666667
0 0.78625 0.6858333333333333 0.0825 0.105
0 0.093125 0.49041666666666667 0.0775 0.1025
0 0.67875 0.2529166666666667 0.0725 0.10583333333333333
0 0.6134375 0.5841666666666666 0.075625 0.09833333333333333
0 0.8246875 0.21833333333333332 0.086875 0.10166666666666667
0 0.8575 0.74 0.08 0.115
0 0.723125 0.7841666666666667 0.0725 0.12166666666666667
0 0.03875 0.05708333333333333 0.0725 0.1075
0 0.9084375 0.3925 0.075625 0.105
0 0.5446875 0.20041666666666666 0.079375 0.1075
0 0.5453125 0.6904166666666667 0.088125 0.07916666666666666
0 0.496875 0.25916666666666666 0.09125 0.09
0 0.4559375 0.5483333333333333 0.068125 0.09666666666666666
0 0.4453125 0.47291666666666665 0.078125 0.10083333333333333
0 0.6096875 0.15208333333333332 0.073125 0.10583333333333333
0 0.5103125 0.4608333333333333 0.078125 0.09
0 0.9134375 0.5058333333333334 0.068125 0.11666666666666667
0 0.4703125 0.35625 0.093125 0.1025
0 0.8515625 0.48125 0.070625 0.1325
0 0.770625 0.29583333333333334 0.0725 0.08666666666666667
0 0.360625 0.7275 0.0675 0.09666666666666666
0 0.12375 0.63875 0.07875 0.08916666666666667
0 0.123125 0.5570833333333334 0.0925 0.10416666666666667
0 0.3821875 0.30125 0.079375 0.1175
0 0.5053125 0.615 0.105625 0.07333333333333333
0 0.5128125 0.5529166666666666 0.066875 0.09583333333333334
0 0.88125 0.3145833333333333 0.0725 0.11583333333333333
0 0.8446875 0.28375 0.073125 0.1075