0 0.7590625 0.52125 0.071875 0.1025
0 0.86 0.31083333333333335 0.06875 0.07666666666666666
0 0.644375 0.6304166666666666 0.07625 0.08916666666666667
0 0.909375 0.5141666666666667 0.06875 0.085
0 0.4525 0.6545833333333333 0.08125 0.0925
0 0.511875 0.7945833333333333 0.07125 0.1025
0 0.7665625 0.6391666666666667 0.066875 0.08833333333333333
0 0.8290625 0.6520833333333333 0.070625 0.1075
0 0.1684375 0.3325 0.083125 0.09333333333333334
0 0.239375 0.7579166666666667 0.08375 0.10916666666666666
0 0.67625 0.5583333333333333 0.07625 0.09166666666666666
0 0.6515625 0.44583333333333336 0.081875 0.1
0 0.665625 0.16708333333333333 0.07875 0.0975
0 0.513125 0.5016666666666667 0.08 0.10333333333333333
0 0.0690625 0.22791666666666666 0.083125 0.10083333333333333
0 0.7246875 0.2625 0.081875 0.09
0 0.595625 0.23958333333333334 0.07125 0.10083333333333333
0 0.82625 0.21375 0.07625 0.1075
0 0.588125 0.7129166666666666 0.075 0.1125
0 0.574375 0.40625 0.09125 0.1125
1 0.8659375 0.7858333333333334 0.086875 0.12333333333333334
0 0.8209375 0.9029166666666667 0.079375 0.11416666666666667
1 0.6828125 0.33625 0.088125 0.10416666666666667