0 0.7121875 0.06625 0.095625 0.1275
0 0.3396875 0.21375 0.089375 0.11916666666666667
0 0.185 0.5716666666666667 0.0975 0.13
0 0.740625 0.25458333333333333 0.1 0.1325
0 0.3628125 0.46041666666666664 0.103125 0.1375
0 0.39625 0.8254166666666667 0.08375 0.11083333333333334
0 0.4175 0.50875 0.09375 0.12583333333333332
0 0.541875 0.5241666666666667 0.08625 0.115
0 0.7890625 0.61875 0.084375 0.1125
0 0.854375 0.34875 0.08375 0.11083333333333334
0 0.0903125 0.7204166666666667 0.074375 0.09916666666666667
0 0.6665625 0.12708333333333333 0.106875 0.1425
0 0.9234375 0.5345833333333333 0.085625 0.11416666666666667
0 0.300625 0.495 0.08875 0.11833333333333333
0 0.7953125 0.29 0.083125 0.11
0 0.4296875 0.4220833333333333 0.093125 0.12416666666666666
0 0.2721875 0.71625 0.086875 0.11583333333333333
0 0.4909375 0.40541666666666665 0.093125 0.12416666666666666
0 0.55625 0.24916666666666668 0.09625 0.12833333333333333
0 0.8190625 0.21375 0.099375 0.1325
0 0.245 0.7875 0.07875 0.105
0 0.195625 0.4425 0.08125 0.10833333333333334
0 0.2621875 0.27958333333333335 0.104375 0.13916666666666666
1 0.836875 0.6604166666666667 0.10375 0.1375
0 0.478125 0.61125 0.07625 0.10083333333333333
1 0.599375 0.7091666666666666 0.1175 0.15666666666666668
0 0.29625 0.29875 0.0875 0.11583333333333333
0 0.5571875 0.61 0.064375 0.08666666666666667
0 0.5196875 0.705 0.081875 0.11
0 0.46 0.24666666666666667 0.08375 0.11166666666666666
0 0.3746875 0.6704166666666667 0.076875 0.1025
0 0.33375 0.8741666666666666 0.08125 0.10833333333333334
0 0.131875 0.6025 0.08 0.10666666666666667
0 0.5009375 0.16708333333333333 0.089375 0.11916666666666667
0 0.8234375 0.41625 0.080625 0.1075
0 0.195625 0.3025 0.07625 0.10166666666666667
0 0.3459375 0.14791666666666667 0.105625 0.14083333333333334
0 0.668125 0.20583333333333334 0.08 0.10666666666666667
0 0.8303125 0.49041666666666667 0.071875 0.09583333333333334
0 0.231875 0.85125 0.0725 0.0975
0 0.4084375 0.7420833333333333 0.101875 0.13583333333333333
0 0.6915625 0.8775 0.084375 0.11333333333333333
0 0.8684375 0.26875 0.075625 0.10083333333333333
0 0.176875 0.36333333333333334 0.0975 0.13
0 0.6290625 0.05291666666666667 0.076875 0.1025
1 0.135 0.86 0.12625 0.16833333333333333
0 0.5609375 0.77875 0.090625 0.12083333333333333
0 0.12375 0.6708333333333333 0.07875 0.105
0 0.525625 0.4245833333333333 0.08125 0.10916666666666666
0 0.6153125 0.7908333333333334 0.070625 0.095
0 0.5603125 0.8879166666666667 0.105625 0.14083333333333334
0 0.45875 0.92 0.07125 0.095
1 0.1009375 0.44416666666666665 0.098125 0.13
0 0.2409375 0.40375 0.085625 0.11416666666666667
0 0.294375 0.12375 0.0775 0.10416666666666667
0 0.20875 0.6733333333333333 0.09375 0.125
0 0.5784375 0.4554166666666667 0.080625 0.1075
0 0.26375 0.47541666666666665 0.08375 0.11083333333333334
0 0.7175 0.33375 0.07625 0.1025
0 0.6075 0.18916666666666668 0.08375 0.11166666666666666
0 0.7959375 0.5479166666666667 0.069375 0.0925
1 0.521875 0.9129166666666667 0.11 0.1475
1 0.5003125 0.5691666666666667 0.103125 0.13833333333333334
0 0.14875 0.40041666666666664 0.08125 0.1075
0 0.2784375 0.9295833333333333 0.069375 0.0925
0 0.7940625 0.35375 0.074375 0.09916666666666667
0 0.885625 0.41458333333333336 0.07375 0.09916666666666667
0 0.9446875 0.4608333333333333 0.079375 0.10666666666666667
0 0.7415625 0.8225 0.090625 0.12166666666666667
0 0.561875 0.16083333333333333 0.0725 0.09666666666666666
0 0.62875 0.25833333333333336 0.06625 0.08833333333333333
0 0.7084375 0.52375 0.073125 0.0975
0 0.325625 0.7529166666666667 0.07625 0.1025
0 0.5128125 0.77625 0.068125 0.09083333333333334
0 0.5046875 0.30666666666666664 0.084375 0.11166666666666666
0 0.5225 0.27166666666666667 0.10375 0.13833333333333334
0 0.6009375 0.1075 0.069375 0.09333333333333334
0 0.6228125 0.9220833333333334 0.064375 0.08583333333333333
0 0.6828125 0.2808333333333333 0.071875 0.09666666666666666
0 0.5803125 0.9420833333333334 0.083125 0.11083333333333334
0 0.41 0.8841666666666667 0.08125 0.10833333333333334
0 0.368125 0.9179166666666667 0.0775 0.1025
0 0.5996875 0.63375 0.075625 0.10083333333333333
0 0.625625 0.8566666666666667 0.0825 0.11
0 0.8178125 0.7304166666666667 0.074375 0.09916666666666667