0 0.8146875 0.8204166666666667 0.066875 0.0775
0 0.3109375 0.4245833333333333 0.063125 0.09083333333333334
0 0.754375 0.8933333333333333 0.0575 0.09333333333333334
0 0.2465625 0.33 0.074375 0.09
0 0.24 0.14916666666666667 0.0675 0.09
0 0.464375 0.14833333333333334 0.0575 0.07333333333333333
0 0.3346875 0.31375 0.070625 0.10416666666666667
0 0.355 0.8679166666666667 0.07375 0.09916666666666667
0 0.2640625 0.8270833333333333 0.070625 0.08083333333333333
0 0.6790625 0.4320833333333333 0.059375 0.08083333333333333
0 0.565 0.8220833333333334 0.05875 0.0825
0 0.8278125 0.3875 0.066875 0.095
0 0.5334375 0.94875 0.069375 0.09083333333333334
0 0.8121875 0.5954166666666667 0.056875 0.06916666666666667
0 0.2378125 0.5191666666666667 0.061875 0.08166666666666667
0 0.6346875 0.18125 0.071875 0.09416666666666666
0 0.758125 0.15 0.06875 0.08
0 0.7434375 0.7266666666666667 0.059375 0.08333333333333333
0 0.343125 0.6233333333333333 0.07 0.09666666666666666
0 0.1871875 0.2733333333333333 0.065625 0.09333333333333334
0 0.781875 0.50875 0.06 0.07583333333333334
0 0.5215625 0.19208333333333333 0.063125 0.0925
0 0.415 0.10916666666666666 0.07125 0.07166666666666667
0 0.1890625 0.9420833333333334 0.063125 0.0725
0 0.3190625 0.9425 0.070625 0.09
0 0.6903125 0.09791666666666667 0.063125 0.09416666666666666
0 0.219375 0.8154166666666667 0.07 0.08416666666666667
0 0.6790625 0.9575 0.061875 0.07333333333333333
1 0.3146875 0.51375 0.085625 0.0925
0 0.5103125 0.6945833333333333 0.056875 0.07583333333333334
0 0.489375 0.8270833333333333 0.05625 0.0825
0 0.615 0.5079166666666667 0.08 0.08583333333333333
0 0.671875 0.6945833333333333 0.05125 0.0725
0 0.5303125 0.76 0.061875 0.07666666666666666
0 0.2946875 0.6983333333333334 0.058125 0.09333333333333334
0 0.5940625 0.4354166666666667 0.058125 0.08416666666666667
0 0.2090625 0.7420833333333333 0.059375 0.07416666666666667
0 0.43375 0.6120833333333333 0.0575 0.07416666666666667
0 0.454375 0.3233333333333333 0.075 0.08833333333333333
0 0.655 0.25333333333333335 0.05625 0.07666666666666666
0 0.4175 0.6920833333333334 0.06125 0.07416666666666667
0 0.1996875 0.4716666666666667 0.049375 0.08333333333333333
0 0.579375 0.22 0.0525 0.07833333333333334
0 0.455 0.5420833333333334 0.06625 0.07416666666666667
0 0.709375 0.23291666666666666 0.055 0.07583333333333334
0 0.4384375 0.8795833333333334 0.054375 0.07583333333333334
0 0.535 0.26958333333333334 0.055 0.0725
0 0.34125 0.20916666666666667 0.06375 0.08
0 0.238125 0.6945833333333333 0.04625 0.07583333333333334
0 0.3959375 0.7258333333333333 0.059375 0.09666666666666666
0 0.400625 0.5508333333333333 0.05375 0.09666666666666666
0 0.489375 0.3745833333333333 0.0575 0.0725
1 0.5671875 0.5220833333333333 0.073125 0.1075
0 0.630625 0.5804166666666667 0.0525 0.07583333333333334
0 0.28 0.2629166666666667 0.0625 0.08583333333333333
0 0.5515625 0.6370833333333333 0.059375 0.07083333333333333
0 0.6196875 0.06875 0.051875 0.08083333333333333
0 0.3328125 0.15666666666666668 0.068125 0.09333333333333334
0 0.5965625 0.885 0.060625 0.095
0 0.180625 0.8804166666666666 0.05125 0.06416666666666666
0 0.4896875 0.5904166666666667 0.053125 0.0875
0 0.68125 0.5975 0.05 0.08833333333333333
0 0.6621875 0.8558333333333333 0.065625 0.08166666666666667
0 0.73125 0.5479166666666667 0.05375 0.0775
0 0.731875 0.6170833333333333 0.055 0.07583333333333334
0 0.6259375 0.3225 0.058125 0.06833333333333333
0 0.678125 0.17166666666666666 0.06125 0.056666666666666664
0 0.846875 0.9241666666666667 0.055 0.07
0 0.7240625 0.6820833333333334 0.048125 0.0625
0 0.5890625 0.5933333333333334 0.055625 0.08833333333333333
0 0.538125 0.59625 0.06375 0.07916666666666666
0 0.333125 0.715 0.05125 0.07166666666666667