0 0.184375 0.34375 0.06625 0.08916666666666667
0 0.410625 0.21458333333333332 0.07125 0.09416666666666666
0 0.5775 0.56 0.06875 0.09
0 0.39375 0.47708333333333336 0.05875 0.08583333333333333
0 0.351875 0.6570833333333334 0.0725 0.0975
0 0.379375 0.08125 0.06375 0.10583333333333333
0 0.46375 0.3175 0.07625 0.10833333333333334
0 0.375625 0.7654166666666666 0.075 0.09583333333333334
0 0.613125 0.7095833333333333 0.08 0.0925
0 0.22 0.19541666666666666 0.08 0.09083333333333334
0 0.8171875 0.8275 0.055625 0.08333333333333333
0 0.4425 0.8433333333333334 0.05875 0.07666666666666666
0 0.65875 0.79375 0.06625 0.09083333333333334
0 0.273125 0.4483333333333333 0.06 0.09666666666666666
0 0.744375 0.10708333333333334 0.0725 0.08916666666666667
0 0.705 0.22291666666666668 0.07 0.0925
0 0.588125 0.11416666666666667 0.07875 0.09833333333333333
0 0.475 0.5366666666666666 0.05875 0.08833333333333333
0 0.5740625 0.7954166666666667 0.078125 0.1025
0 0.334375 0.8433333333333334 0.06375 0.095
0 0.7290625 0.8129166666666666 0.059375 0.08083333333333333
0 0.2675 0.085 0.07 0.09
0 0.76125 0.3229166666666667 0.075 0.09583333333333334
0 0.299375 0.22958333333333333 0.06 0.0875
0 0.52375 0.6333333333333333 0.0725 0.105
0 0.7015625 0.8745833333333334 0.071875 0.0975
0 0.8203125 0.12083333333333333 0.056875 0.08
0 0.15875 0.0925 0.065 0.08333333333333333
0 0.834375 0.05541666666666667 0.06875 0.07916666666666666
0 0.4359375 0.6408333333333334 0.079375 0.09666666666666666
0 0.3390625 0.4241666666666667 0.069375 0.10833333333333334
0 0.7190625 0.42333333333333334 0.075625 0.10333333333333333
0 0.1896875 0.4995833333333333 0.076875 0.09916666666666667
0 0.8284375 0.23458333333333334 0.070625 0.1225
0 0.8440625 0.9208333333333333 0.060625 0.07833333333333334
0 0.3978125 0.9379166666666666 0.099375 0.1025
0 0.46875 0.7008333333333333 0.075 0.11333333333333333
0 0.8025 0.6245833333333334 0.075 0.10083333333333333
0 0.76375 0.5354166666666667 0.0875 0.0975
0 0.7171875 0.5620833333333334 0.061875 0.12583333333333332
0 0.7765625 0.43083333333333335 0.080625 0.09666666666666666
0 0.783125 0.19708333333333333 0.07125 0.0925
0 0.7296875 0.7041666666666667 0.045625 0.08833333333333333
0 0.8371875 0.49291666666666667 0.071875 0.09583333333333334
0 0.234375 0.6941666666666667 0.0675 0.09666666666666666
1 0.350625 0.3016666666666667 0.07875 0.10666666666666667
1 0.62 0.47708333333333336 0.0825 0.11083333333333334
0 0.2640625 0.6816666666666666 0.056875 0.09
0 0.6315625 0.18416666666666667 0.091875 0.13