0 0.3596875 0.49083333333333334 0.075625 0.11166666666666666
0 0.2603125 0.61 0.080625 0.11166666666666666
0 0.175 0.175 0.08 0.10333333333333333
0 0.635625 0.3695833333333333 0.07375 0.1025
0 0.5634375 0.7479166666666667 0.086875 0.1075
0 0.505 0.06333333333333334 0.08375 0.10833333333333334
0 0.69875 0.6145833333333334 0.07875 0.10416666666666667
0 0.5790625 0.62625 0.060625 0.08916666666666667
0 0.7346875 0.14875 0.086875 0.09583333333333334
0 0.3771875 0.9358333333333333 0.075625 0.11166666666666666
0 0.6371875 0.1275 0.078125 0.10333333333333333
0 0.47625 0.6679166666666667 0.07875 0.11083333333333334
0 0.78375 0.5254166666666666 0.0825 0.09583333333333334
0 0.7684375 0.365 0.075625 0.11333333333333333
0 0.5740625 0.8833333333333333 0.079375 0.095
0 0.696875 0.4920833333333333 0.07 0.1075
0 0.5315625 0.26708333333333334 0.089375 0.1175
0 0.8190625 0.41583333333333333 0.071875 0.13333333333333333
0 0.7465625 0.4525 0.080625 0.10666666666666667
0 0.731875 0.7204166666666667 0.07 0.1025
0 0.634375 0.24708333333333332 0.07375 0.09916666666666667
0 0.7175 0.9020833333333333 0.065 0.12916666666666668
0 0.473125 0.92875 0.0825 0.10083333333333333
0 0.1634375 0.60125 0.076875 0.10583333333333333
0 0.36375 0.7058333333333333 0.0725 0.105
0 0.243125 0.18041666666666667 0.0675 0.1175
0 0.654375 0.75875 0.0675 0.1275
0 0.4809375 0.8270833333333333 0.081875 0.10416666666666667
0 0.280625 0.38666666666666666 0.0775 0.1
0 0.6971875 0.3591666666666667 0.071875 0.10166666666666667
0 0.8053125 0.7375 0.074375 0.1