0 0.30125 0.78625 0.09375 0.12583333333333332
0 0.641875 0.93125 0.1 0.1325
0 0.4290625 0.07666666666666666 0.105625 0.14
0 0.0690625 0.73875 0.088125 0.1175
0 0.949375 0.28 0.09875 0.13166666666666665
0 0.33625 0.7033333333333334 0.10375 0.13833333333333334
0 0.52375 0.14916666666666667 0.095 0.12666666666666668
0 0.7525 0.49083333333333334 0.0925 0.12333333333333334
0 0.54 0.63875 0.09125 0.12083333333333333
0 0.900625 0.34541666666666665 0.08875 0.11916666666666667
0 0.613125 0.8304166666666667 0.09625 0.1275
0 0.2553125 0.35625 0.094375 0.12583333333333332
0 0.675 0.8808333333333334 0.08875 0.11833333333333333
0 0.3021875 0.8816666666666667 0.110625 0.14666666666666667
0 0.623125 0.5008333333333334 0.08875 0.11833333333333333
0 0.6778125 0.6770833333333334 0.085625 0.11416666666666667
0 0.0709375 0.5695833333333333 0.088125 0.1175
0 0.383125 0.23458333333333334 0.11 0.14583333333333334
0 0.81875 0.7208333333333333 0.08875 0.11833333333333333
0 0.6203125 0.29375 0.098125 0.13083333333333333
0 0.346875 0.13125 0.08 0.1075
0 0.8721875 0.45875 0.089375 0.11916666666666667
0 0.4628125 0.8045833333333333 0.083125 0.11083333333333334
0 0.79375 0.64 0.0775 0.10333333333333333
0 0.189375 0.5241666666666667 0.1025 0.13666666666666666
0 0.475 0.3575 0.09 0.12
0 0.5203125 0.24958333333333332 0.084375 0.1125
0 0.20125 0.41583333333333333 0.09625 0.12833333333333333
0 0.236875 0.6666666666666666 0.08625 0.115
0 0.344375 0.8775 0.08625 0.115
0 0.1915625 0.8775 0.089375 0.11833333333333333
0 0.503125 0.8675 0.085 0.11333333333333333
0 0.6284375 0.5879166666666666 0.094375 0.12583333333333332
0 0.781875 0.26416666666666666 0.08875 0.11833333333333333
0 0.1871875 0.7445833333333334 0.099375 0.1325
0 0.735 0.6054166666666667 0.095 0.12583333333333332
0 0.45125 0.30916666666666665 0.09625 0.12833333333333333
0 0.8609375 0.57375 0.096875 0.12916666666666668
0 0.3325 0.325 0.105 0.14
0 0.725625 0.20291666666666666 0.0825 0.10916666666666666
0 0.3453125 0.4166666666666667 0.083125 0.11
0 0.8375 0.34 0.10625 0.14166666666666666
0 0.5996875 0.1325 0.096875 0.13
0 0.721875 0.3433333333333333 0.08125 0.10833333333333334
0 0.7246875 0.7654166666666666 0.101875 0.13583333333333333
0 0.3225 0.6079166666666667 0.085 0.11416666666666667
0 0.3709375 0.7716666666666666 0.093125 0.125
0 0.5315625 0.31708333333333333 0.106875 0.1425
0 0.596875 0.5829166666666666 0.085 0.1125
0 0.155625 0.6016666666666667 0.09375 0.125
0 0.4859375 0.54125 0.098125 0.13083333333333333
0 0.6478125 0.7629166666666667 0.079375 0.10583333333333333
0 0.440625 0.15666666666666668 0.07375 0.09833333333333333
0 0.5853125 0.09708333333333333 0.080625 0.1075
0 0.6165625 0.3875 0.084375 0.11333333333333333
0 0.694375 0.13583333333333333 0.0875 0.11666666666666667
0 0.3284375 0.5283333333333333 0.086875 0.11666666666666667
0 0.670625 0.41333333333333333 0.085 0.11333333333333333
0 0.4365625 0.45125 0.091875 0.1225
0 0.125625 0.40541666666666665 0.105 0.14083333333333334
0 0.1228125 0.88125 0.084375 0.1125
0 0.2803125 0.4475 0.113125 0.15166666666666667
0 0.453125 0.7175 0.09875 0.13166666666666665
0 0.7203125 0.8029166666666666 0.085625 0.11416666666666667
0 0.3921875 0.50375 0.091875 0.1225
0 0.4765625 0.235 0.091875 0.12166666666666667
0 0.6725 0.2679166666666667 0.10375 0.13916666666666666
0 0.4078125 0.4 0.103125 0.13833333333333334
0 0.5459375 0.41875 0.079375 0.10583333333333333
0 0.1278125 0.5195833333333333 0.084375 0.1125
0 0.2334375 0.7920833333333334 0.096875 0.12916666666666668
0 0.56125 0.8045833333333333 0.0975 0.13083333333333333
0 0.806875 0.52125 0.08 0.1075
0 0.5346875 0.86875 0.091875 0.1225
0 0.1296875 0.6958333333333333 0.085625 0.11333333333333333
0 0.524375 0.735 0.105 0.14
0 0.255625 0.2833333333333333 0.10625 0.14166666666666666
0 0.4178125 0.9025 0.093125 0.125
0 0.1534375 0.3204166666666667 0.109375 0.14583333333333334
0 0.94375 0.52 0.08875 0.11833333333333333
0 0.9459375 0.4245833333333333 0.086875 0.11583333333333333
0 0.7428125 0.15916666666666668 0.090625 0.12166666666666667
0 0.7378125 0.7304166666666667 0.083125 0.11083333333333334
0 0.67875 0.5191666666666667 0.08 0.10666666666666667
0 0.55125 0.4475 0.09 0.12
0 0.465625 0.5758333333333333 0.08625 0.115
0 0.4075 0.6516666666666666 0.08 0.10666666666666667
0 0.3834375 0.64375 0.073125 0.0975
0 0.3865625 0.8133333333333334 0.073125 0.09833333333333333
0 0.546875 0.7345833333333334 0.0875 0.11583333333333333
0 0.6165625 0.73 0.074375 0.1
0 0.6046875 0.6979166666666666 0.080625 0.1075
0 0.6828125 0.5545833333333333 0.085625 0.11416666666666667
0 0.6334375 0.43875 0.098125 0.13083333333333333
0 0.8684375 0.5358333333333334 0.071875 0.095
0 0.90125 0.5325 0.0875 0.11666666666666667
0 0.7946875 0.6120833333333333 0.079375 0.10583333333333333
0 0.7559375 0.6054166666666667 0.089375 0.11916666666666667
0 0.7175 0.5870833333333333 0.08125 0.1075
0 0.5190625 0.9020833333333333 0.085625 0.11416666666666667
0 0.4421875 0.9204166666666667 0.080625 0.1075
0 0.3984375 0.9104166666666667 0.075625 0.10083333333333333
0 0.381875 0.9395833333333333 0.08 0.10583333333333333
0 0.1525 0.7616666666666667 0.08 0.10666666666666667
0 0.7453125 0.10583333333333333 0.085625 0.115
0 0.568125 0.06166666666666667 0.07875 0.105
0 0.8071875 0.28208333333333335 0.083125 0.11083333333333334
0 0.8396875 0.37166666666666665 0.086875 0.11666666666666667
0 0.2225 0.5904166666666667 0.09375 0.12416666666666666
0 0.155 0.79875 0.07875 0.10583333333333333
0 0.185 0.4295833333333333 0.06625 0.0875
0 0.4471875 0.5504166666666667 0.075625 0.10083333333333333
0 0.1146875 0.67625 0.085625 0.11416666666666667
0 0.243125 0.6229166666666667 0.07625 0.10083333333333333
0 0.1775 0.845 0.07625 0.10166666666666667
0 0.38 0.2808333333333333 0.085 0.11333333333333333
0 0.31375 0.5716666666666667 0.07375 0.09833333333333333
0 0.25125 0.5870833333333333 0.075 0.09916666666666667
0 0.1384375 0.5895833333333333 0.089375 0.11916666666666667
0 0.4203125 0.49416666666666664 0.086875 0.11666666666666667
0 0.4259375 0.17041666666666666 0.075625 0.10083333333333333
0 0.455 0.1925 0.07875 0.105