0 0.7603125 0.26125 0.068125 0.08583333333333333
0 0.2659375 0.155 0.060625 0.08166666666666667
0 0.7996875 0.8983333333333333 0.065625 0.08
0 0.40125 0.2733333333333333 0.06625 0.08666666666666667
0 0.7303125 0.46291666666666664 0.064375 0.08583333333333333
0 0.68125 0.12375 0.0675 0.0925
0 0.6665625 0.9258333333333333 0.056875 0.09166666666666666
0 0.3428125 0.12625 0.061875 0.0925
0 0.7959375 0.5783333333333334 0.069375 0.08
0 0.800625 0.11583333333333333 0.0725 0.09166666666666666
0 0.7765625 0.6908333333333333 0.066875 0.08333333333333333
0 0.7275 0.18416666666666667 0.065 0.09
0 0.28125 0.48875 0.06375 0.08916666666666667
0 0.3728125 0.79 0.074375 0.1
0 0.4703125 0.9241666666666667 0.064375 0.07666666666666666
0 0.480625 0.46208333333333335 0.06625 0.08916666666666667
0 0.24 0.46541666666666665 0.065 0.0925
0 0.568125 0.33541666666666664 0.06375 0.09083333333333334
0 0.475 0.26916666666666667 0.06125 0.08666666666666667
0 0.570625 0.6516666666666666 0.07625 0.09833333333333333
0 0.484375 0.7425 0.07375 0.095
0 0.3865625 0.51625 0.066875 0.08583333333333333
0 0.541875 0.5333333333333333 0.05625 0.07666666666666666
0 0.7296875 0.37166666666666665 0.073125 0.10333333333333333
0 0.201875 0.5575 0.06375 0.08
0 0.2815625 0.6929166666666666 0.068125 0.09416666666666666
0 0.6390625 0.6554166666666666 0.060625 0.08916666666666667
0 0.604375 0.2525 0.07 0.095
0 0.2790625 0.4008333333333333 0.068125 0.085
0 0.4915625 0.8433333333333334 0.074375 0.08
0 0.299375 0.88 0.0725 0.08833333333333333
0 0.4259375 0.1825 0.068125 0.09666666666666666
0 0.23875 0.33166666666666667 0.0625 0.08
0 0.2046875 0.38666666666666666 0.070625 0.08
0 0.7234375 0.95625 0.054375 0.07916666666666666
0 0.325625 0.7208333333333333 0.065 0.08666666666666667
0 0.2515625 0.07625 0.060625 0.07416666666666667
0 0.6475 0.24958333333333332 0.065 0.0775
0 0.375625 0.9058333333333334 0.085 0.08166666666666667
0 0.275 0.9241666666666667 0.06375 0.09166666666666666