0 0.3178125 0.4970833333333333 0.065625 0.09083333333333334
0 0.4196875 0.54875 0.080625 0.09916666666666667
0 0.85375 0.92875 0.07625 0.09583333333333334
0 0.3834375 0.9016666666666666 0.073125 0.08833333333333333
0 0.0925 0.4195833333333333 0.0725 0.09083333333333334
0 0.4984375 0.24625 0.071875 0.09916666666666667
0 0.5196875 0.14125 0.071875 0.0975
0 0.72875 0.8333333333333334 0.07375 0.09666666666666666
0 0.4653125 0.7679166666666667 0.073125 0.0925
0 0.1578125 0.5875 0.066875 0.09666666666666666
0 0.595625 0.40875 0.05875 0.08083333333333333
0 0.21 0.7345833333333334 0.0675 0.0825
0 0.3203125 0.29333333333333333 0.075625 0.09333333333333334
0 0.8146875 0.7379166666666667 0.060625 0.0875
0 0.3765625 0.3729166666666667 0.066875 0.0925
0 0.3959375 0.09083333333333334 0.064375 0.08166666666666667
0 0.03 0.2654166666666667 0.06 0.0825
0 0.2034375 0.8741666666666666 0.045625 0.07333333333333333
1 0.1715625 0.8041666666666667 0.083125 0.10333333333333333
0 0.7675 0.25458333333333333 0.0625 0.08416666666666667
0 0.5565625 0.75375 0.054375 0.0825
0 0.79375 0.46166666666666667 0.06 0.07833333333333334
0 0.2546875 0.9108333333333334 0.073125 0.11
0 0.8725 0.625 0.07 0.08166666666666667
0 0.5796875 0.11333333333333333 0.065625 0.08333333333333333
0 0.059375 0.34791666666666665 0.05625 0.0825
1 0.2321875 0.5366666666666666 0.081875 0.095
0 0.1365625 0.0575 0.068125 0.08833333333333333
0 0.428125 0.8341666666666666 0.05875 0.075
0 0.135 0.15708333333333332 0.06 0.08083333333333333
0 0.3359375 0.14291666666666666 0.070625 0.08916666666666667
0 0.0821875 0.11625 0.051875 0.0925
0 0.3325 0.20708333333333334 0.07 0.08416666666666667
0 0.825625 0.2554166666666667 0.07625 0.08916666666666667
0 0.2940625 0.7725 0.069375 0.095
0 0.243125 0.82375 0.0575 0.0775
0 0.5115625 0.4575 0.058125 0.07833333333333334
0 0.5615625 0.20083333333333334 0.055625 0.07333333333333333
0 0.285625 0.71125 0.0625 0.0875
0 0.2465625 0.43875 0.061875 0.0775
0 0.2090625 0.19666666666666666 0.066875 0.09
0 0.11375 0.32708333333333334 0.0525 0.06916666666666667
0 0.6421875 0.34791666666666665 0.069375 0.06916666666666667
0 0.4821875 0.32875 0.065625 0.06416666666666666
0 0.22875 0.68 0.06875 0.095
0 0.6271875 0.49666666666666665 0.066875 0.06833333333333333
0 0.5128125 0.8379166666666666 0.066875 0.07416666666666667
0 0.240625 0.5941666666666666 0.06875 0.08
0 0.27625 0.3570833333333333 0.0725 0.0775
0 0.8759375 0.2975 0.061875 0.07
0 0.8340625 0.56 0.060625 0.09
0 0.0946875 0.9104166666666667 0.059375 0.07916666666666666
0 0.034375 0.06458333333333334 0.0675 0.0925
0 0.8625 0.70375 0.05125 0.07416666666666667
0 0.471875 0.4891666666666667 0.05375 0.06333333333333334
0 0.6421875 0.95625 0.064375 0.07916666666666666
0 0.3890625 0.165 0.046875 0.07
0 0.2434375 0.035416666666666666 0.053125 0.07083333333333333
0 0.6428125 0.2704166666666667 0.056875 0.0775
0 0.6059375 0.23666666666666666 0.044375 0.085
0 0.86625 0.032916666666666664 0.0475 0.060833333333333336
0 0.6971875 0.7641666666666667 0.043125 0.06833333333333333