0 0.3703125 0.4170833333333333 0.070625 0.1075
0 0.75 0.4395833333333333 0.07375 0.09583333333333334
0 0.249375 0.5 0.07125 0.10166666666666667
0 0.834375 0.5120833333333333 0.07125 0.09583333333333334
0 0.47 0.6029166666666667 0.08125 0.11083333333333334
0 0.2609375 0.765 0.080625 0.10666666666666667
0 0.2775 0.6475 0.07125 0.09333333333333334
0 0.6740625 0.4058333333333333 0.080625 0.09166666666666666
1 0.773125 0.16958333333333334 0.09125 0.1225
0 0.699375 0.23208333333333334 0.08125 0.1125
0 0.721875 0.9179166666666667 0.08375 0.10583333333333333
0 0.453125 0.4766666666666667 0.07875 0.08833333333333333
0 0.635625 0.0825 0.08 0.1
0 0.1971875 0.2654166666666667 0.080625 0.12083333333333333
0 0.275 0.22 0.0825 0.09666666666666666
0 0.3396875 0.7416666666666667 0.078125 0.115
0 0.6390625 0.28791666666666665 0.079375 0.1125
0 0.16375 0.9070833333333334 0.07375 0.10416666666666667
0 0.27 0.3541666666666667 0.08375 0.11166666666666666
0 0.28875 0.06583333333333333 0.07875 0.10666666666666667
0 0.378125 0.64875 0.085 0.11916666666666667
0 0.699375 0.51625 0.08375 0.1075
0 0.2175 0.8779166666666667 0.07125 0.1025
0 0.629375 0.22833333333333333 0.075 0.09666666666666666