0 0.7884375 0.6554166666666666 0.069375 0.09083333333333334
0 0.659375 0.565 0.05125 0.08833333333333333
0 0.1703125 0.89625 0.064375 0.08416666666666667
0 0.519375 0.57125 0.06875 0.0825
0 0.753125 0.11083333333333334 0.06375 0.08333333333333333
0 0.3209375 0.335 0.060625 0.075
0 0.2578125 0.31708333333333333 0.060625 0.0775
0 0.436875 0.57625 0.07125 0.09416666666666666
0 0.400625 0.27541666666666664 0.05375 0.14416666666666667
0 0.3209375 0.7008333333333333 0.069375 0.09166666666666666
0 0.546875 0.24958333333333332 0.07 0.09416666666666666
0 0.18 0.775 0.0875 0.12166666666666667
0 0.6190625 0.22625 0.084375 0.1125