0 0.6184375 0.0725 0.083125 0.09833333333333333
0 0.2775 0.7354166666666667 0.07625 0.09083333333333334
0 0.136875 0.44875 0.08 0.0975
0 0.5178125 0.059583333333333335 0.081875 0.10583333333333333
1 0.931875 0.24041666666666667 0.08125 0.11416666666666667
0 0.039375 0.3591666666666667 0.07625 0.10166666666666667
0 0.3596875 0.53125 0.078125 0.0975
0 0.54 0.35333333333333333 0.085 0.1
0 0.184375 0.83 0.0675 0.08833333333333333
0 0.7196875 0.8708333333333333 0.078125 0.10666666666666667
0 0.8646875 0.38916666666666666 0.076875 0.095
0 0.9403125 0.6883333333333334 0.075625 0.105
0 0.155625 0.34625 0.08 0.11916666666666667
0 0.2425 0.37583333333333335 0.07375 0.10833333333333334
0 0.7515625 0.38416666666666666 0.075625 0.105
0 0.375 0.09125 0.075 0.1025
0 0.4534375 0.6216666666666667 0.069375 0.10666666666666667
0 0.613125 0.48375 0.07625 0.10583333333333333
0 0.87875 0.9020833333333333 0.0725 0.09583333333333334
0 0.3140625 0.2916666666666667 0.065625 0.085
0 0.2975 0.08333333333333333 0.07875 0.11
0 0.603125 0.6029166666666667 0.08375 0.11083333333333334
0 0.103125 0.75125 0.085 0.09583333333333334
1 0.3028125 0.1975 0.083125 0.105
0 0.725 0.53 0.07875 0.115
0 0.5896875 0.15541666666666668 0.081875 0.09583333333333334
0 0.2559375 0.6495833333333333 0.064375 0.09916666666666667
0 0.5246875 0.54375 0.081875 0.0975
0 0.2559375 0.47708333333333336 0.075625 0.08583333333333333
0 0.4521875 0.46791666666666665 0.071875 0.0975
0 0.6571875 0.32666666666666666 0.080625 0.10666666666666667
0 0.4103125 0.33875 0.084375 0.10416666666666667
0 0.4259375 0.5104166666666666 0.070625 0.0925
0 0.11625 0.2975 0.0625 0.10666666666666667
1 0.061875 0.255 0.075 0.12333333333333334
0 0.8725 0.675 0.0675 0.11333333333333333
0 0.78875 0.46375 0.08125 0.09916666666666667
0 0.5028125 0.70125 0.071875 0.1125
0 0.93625 0.7908333333333334 0.08625 0.10166666666666667
0 0.5309375 0.21958333333333332 0.070625 0.1025
0 0.814375 0.2758333333333333 0.08125 0.10666666666666667
0 0.3703125 0.21125 0.063125 0.08916666666666667
0 0.2859375 0.8258333333333333 0.074375 0.095
0 0.7928125 0.18125 0.088125 0.09416666666666666
0 0.2209375 0.5158333333333334 0.071875 0.11166666666666666
0 0.6225 0.93 0.0775 0.12166666666666667
0 0.4625 0.19541666666666666 0.07 0.10916666666666666
0 0.67 0.77 0.06625 0.13333333333333333
0 0.4375 0.39125 0.09 0.12583333333333332