0 0.118125 0.5666666666666667 0.10625 0.14166666666666666
0 0.6640625 0.58125 0.091875 0.1225
0 0.3075 0.6433333333333333 0.1025 0.13666666666666666
0 0.0528125 0.5595833333333333 0.095625 0.1275
0 0.7615625 0.50625 0.094375 0.12583333333333332
0 0.804375 0.5995833333333334 0.0825 0.11083333333333334
0 0.3928125 0.6545833333333333 0.095625 0.1275
0 0.35375 0.7204166666666667 0.1025 0.13583333333333333
0 0.69 0.39666666666666667 0.09375 0.125
0 0.358125 0.8691666666666666 0.0925 0.12333333333333334
0 0.42375 0.83375 0.10125 0.13583333333333333
0 0.621875 0.47583333333333333 0.09875 0.13166666666666665
0 0.9459375 0.39625 0.091875 0.1225
0 0.3115625 0.7958333333333333 0.114375 0.15333333333333332
0 0.245625 0.6645833333333333 0.08625 0.11583333333333333
0 0.8325 0.5345833333333333 0.09125 0.12083333333333333
0 0.609375 0.4058333333333333 0.105 0.14
0 0.15 0.74 0.09125 0.12166666666666667
0 0.6615625 0.90625 0.090625 0.12083333333333333
0 0.096875 0.4529166666666667 0.09375 0.12583333333333332
0 0.7453125 0.62625 0.090625 0.12083333333333333
0 0.07125 0.6416666666666667 0.10375 0.13833333333333334
0 0.4053125 0.45875 0.098125 0.13083333333333333
0 0.6975 0.8554166666666667 0.08875 0.11916666666666667
0 0.6990625 0.23291666666666666 0.105625 0.14083333333333334
0 0.2853125 0.5154166666666666 0.105625 0.14083333333333334
0 0.495625 0.38708333333333333 0.09375 0.12416666666666666
0 0.464375 0.34875 0.09625 0.1275
0 0.2275 0.4766666666666667 0.095 0.12666666666666668
0 0.1959375 0.8404166666666667 0.091875 0.1225
0 0.48875 0.4675 0.10125 0.135
0 0.3215625 0.45125 0.100625 0.13416666666666666
0 0.1553125 0.89125 0.100625 0.13416666666666666
0 0.736875 0.7070833333333333 0.0875 0.1175
0 0.070625 0.8091666666666667 0.08625 0.115
0 0.31375 0.125 0.10125 0.135
0 0.6321875 0.17458333333333334 0.090625 0.12083333333333333
0 0.2828125 0.2916666666666667 0.105625 0.14
0 0.11625 0.3725 0.10125 0.135
0 0.2121875 0.7308333333333333 0.081875 0.11
0 0.4140625 0.5725 0.099375 0.13333333333333333
0 0.8215625 0.6729166666666667 0.090625 0.12083333333333333
0 0.2415625 0.58625 0.080625 0.1075
1 0.2525 0.77375 0.1175 0.1575
0 0.6884375 0.7091666666666666 0.100625 0.13333333333333333
0 0.363125 0.32916666666666666 0.07875 0.105
0 0.2440625 0.3829166666666667 0.101875 0.13583333333333333
1 0.2028125 0.55125 0.109375 0.14583333333333334
0 0.36625 0.5466666666666666 0.0875 0.11666666666666667
1 0.89 0.5083333333333333 0.1225 0.16333333333333333
0 0.5475 0.3475 0.0875 0.11666666666666667
0 0.08625 0.735 0.0875 0.11666666666666667
0 0.2134375 0.37583333333333335 0.090625 0.12
1 0.551875 0.275 0.12375 0.165
1 0.355 0.26375 0.12625 0.1675
1 0.3921875 0.18291666666666667 0.125625 0.1675
0 0.874375 0.60375 0.09625 0.1275
0 0.7859375 0.7541666666666667 0.073125 0.09833333333333333
0 0.6575 0.13083333333333333 0.09875 0.13166666666666665
0 0.3065625 0.3120833333333333 0.079375 0.10583333333333333
0 0.2021875 0.45875 0.089375 0.11916666666666667
0 0.178125 0.34833333333333333 0.0775 0.10333333333333333