0 0.758125 0.13833333333333334 0.07125 0.10166666666666667
0 0.8103125 0.4608333333333333 0.079375 0.10166666666666667
0 0.1671875 0.5133333333333333 0.076875 0.11833333333333333
0 0.4434375 0.7779166666666667 0.080625 0.10416666666666667
0 0.5265625 0.08458333333333333 0.081875 0.11083333333333334
0 0.726875 0.25458333333333333 0.085 0.10416666666666667
1 0.7275 0.6758333333333333 0.08375 0.12
0 0.2125 0.7654166666666666 0.07625 0.1025
0 0.225 0.2816666666666667 0.08875 0.11666666666666667
0 0.55125 0.87625 0.07375 0.11416666666666667
0 0.5328125 0.25166666666666665 0.076875 0.10166666666666667
0 0.663125 0.9008333333333334 0.075 0.08666666666666667
0 0.7728125 0.5666666666666667 0.070625 0.09833333333333333
0 0.4021875 0.68125 0.079375 0.10583333333333333
0 0.5340625 0.4925 0.083125 0.10666666666666667
0 0.5840625 0.35083333333333333 0.075625 0.10666666666666667
0 0.354375 0.45875 0.07 0.0975
0 0.164375 0.08291666666666667 0.07125 0.1025
0 0.2253125 0.16875 0.079375 0.09916666666666667
0 0.75 0.8079166666666666 0.06625 0.11083333333333334
0 0.4709375 0.8675 0.081875 0.10833333333333334
0 0.65625 0.18916666666666668 0.08375 0.11
0 0.7196875 0.7783333333333333 0.069375 0.08833333333333333
0 0.62 0.8225 0.0825 0.10333333333333333