0 0.7525 0.78625 0.05625 0.0875
0 0.3865625 0.5820833333333333 0.071875 0.0925
0 0.5871875 0.6504166666666666 0.066875 0.0925
0 0.42375 0.8770833333333333 0.06375 0.08083333333333333
0 0.7915625 0.1075 0.055625 0.075
0 0.60625 0.5720833333333334 0.06125 0.08583333333333333
0 0.2990625 0.12041666666666667 0.065625 0.08916666666666667
0 0.7984375 0.675 0.056875 0.06833333333333333
0 0.485625 0.6004166666666667 0.06125 0.08083333333333333
0 0.7815625 0.605 0.051875 0.075
0 0.690625 0.2175 0.06 0.08
0 0.3696875 0.7158333333333333 0.068125 0.08166666666666667
0 0.605 0.18875 0.065 0.0875
0 0.46 0.2704166666666667 0.06 0.08083333333333333
0 0.7453125 0.15583333333333332 0.054375 0.075
0 0.303125 0.5891666666666666 0.0675 0.08833333333333333
0 0.6946875 0.7129166666666666 0.068125 0.0875
0 0.23125 0.08875 0.06125 0.09083333333333334
0 0.626875 0.73625 0.05375 0.08083333333333333
0 0.774375 0.9208333333333333 0.0725 0.09
0 0.414375 0.23625 0.06375 0.0825
0 0.4025 0.77125 0.06375 0.08416666666666667
0 0.4784375 0.15208333333333332 0.069375 0.0675
0 0.40125 0.36083333333333334 0.06625 0.08666666666666667
0 0.5884375 0.9504166666666667 0.053125 0.07416666666666667
0 0.8090625 0.27125 0.059375 0.06583333333333333
0 0.546875 0.1025 0.05625 0.09333333333333334
0 0.2296875 0.5741666666666667 0.065625 0.09333333333333334
0 0.6690625 0.35125 0.073125 0.09416666666666666
0 0.736875 0.6458333333333334 0.065 0.08666666666666667
0 0.5509375 0.42041666666666666 0.059375 0.08083333333333333
0 0.3665625 0.17791666666666667 0.066875 0.09083333333333334
0 0.6771875 0.8425 0.073125 0.1
0 0.6371875 0.26916666666666667 0.068125 0.08333333333333333
0 0.740625 0.5058333333333334 0.065 0.1
0 0.6496875 0.63625 0.053125 0.0725
0 0.54 0.16583333333333333 0.05375 0.07
0 0.74875 0.24666666666666667 0.06625 0.09166666666666666
0 0.648125 0.9520833333333333 0.06 0.08916666666666667
0 0.71875 0.50625 0.0625 0.08083333333333333
0 0.663125 0.085 0.06625 0.09333333333333334
0 0.6859375 0.79875 0.061875 0.08416666666666667
0 0.6053125 0.4675 0.059375 0.08833333333333333
0 0.7484375 0.40958333333333335 0.051875 0.09083333333333334
0 0.6103125 0.28958333333333336 0.051875 0.08916666666666667
1 0.2046875 0.76625 0.099375 0.11916666666666667
0 0.2071875 0.9091666666666667 0.064375 0.08333333333333333
0 0.1671875 0.9591666666666666 0.064375 0.07333333333333333
0 0.6296875 0.8241666666666667 0.050625 0.075
0 0.6984375 0.8958333333333334 0.070625 0.09333333333333334
1 0.729375 0.355 0.06875 0.12333333333333334
1 0.8021875 0.5366666666666666 0.076875 0.10166666666666667
1 0.200625 0.23916666666666667 0.115 0.18333333333333332
0 0.298125 0.5033333333333333 0.06375 0.08166666666666667
0 0.335625 0.37166666666666665 0.06375 0.08833333333333333
0 0.2984375 0.38333333333333336 0.066875 0.08333333333333333
0 0.32625 0.4525 0.0725 0.07333333333333333
0 0.375625 0.3254166666666667 0.05875 0.0825
0 0.4196875 0.13375 0.061875 0.0975
0 0.413125 0.10333333333333333 0.0675 0.08666666666666667
0 0.689375 0.31625 0.0575 0.08916666666666667
0 0.6415625 0.8679166666666667 0.064375 0.09083333333333334
0 0.6284375 0.45708333333333334 0.050625 0.12416666666666666
0 0.7228125 0.6075 0.063125 0.08
0 0.1609375 0.8425 0.065625 0.1
0 0.8396875 0.715 0.053125 0.07
0 0.8003125 0.7370833333333333 0.051875 0.0675
0 0.77 0.3120833333333333 0.05375 0.08416666666666667
0 0.8315625 0.5720833333333334 0.059375 0.0875
0 0.545625 0.23791666666666667 0.05625 0.08583333333333333
0 0.5596875 0.27 0.063125 0.10333333333333333
0 0.3146875 0.56125 0.068125 0.06916666666666667