0 0.3234375 0.9079166666666667 0.068125 0.09083333333333334
0 0.384375 0.7058333333333333 0.07375 0.09666666666666666
0 0.3321875 0.08791666666666667 0.059375 0.0775
0 0.32375 0.6679166666666667 0.0675 0.08916666666666667
0 0.479375 0.7120833333333333 0.075 0.10083333333333333
0 0.575625 0.7270833333333333 0.075 0.0925
0 0.403125 0.5670833333333334 0.0775 0.09416666666666666
0 0.3240625 0.57125 0.078125 0.09416666666666666
0 0.5921875 0.8141666666666667 0.078125 0.09333333333333334
0 0.7490625 0.48833333333333334 0.070625 0.095
0 0.468125 0.33708333333333335 0.07875 0.09583333333333334
0 0.8784375 0.23791666666666667 0.076875 0.10083333333333333
0 0.5325 0.2991666666666667 0.06875 0.09833333333333333
0 0.621875 0.9383333333333334 0.075 0.09
0 0.81875 0.4820833333333333 0.0725 0.09916666666666667
0 0.44875 0.25 0.0675 0.08333333333333333
0 0.3853125 0.3904166666666667 0.076875 0.0875
0 0.6946875 0.57875 0.058125 0.07416666666666667
0 0.8125 0.7808333333333334 0.06625 0.07833333333333334
0 0.7403125 0.6316666666666667 0.051875 0.07666666666666666
0 0.25 0.5891666666666666 0.07 0.09833333333333333
0 0.6984375 0.6808333333333333 0.073125 0.095
0 0.904375 0.07416666666666667 0.05625 0.08666666666666667
0 0.0465625 0.16666666666666666 0.074375 0.10166666666666667
0 0.1878125 0.3125 0.065625 0.08666666666666667
0 0.3834375 0.2654166666666667 0.075625 0.09083333333333334
0 0.0559375 0.06625 0.060625 0.08916666666666667
0 0.21375 0.7175 0.055 0.07333333333333333
0 0.7075 0.9508333333333333 0.075 0.09
0 0.86375 0.39166666666666666 0.0725 0.10333333333333333
0 0.8028125 0.6366666666666667 0.068125 0.08333333333333333
0 0.6609375 0.76 0.068125 0.095
0 0.815 0.7025 0.065 0.06833333333333333
0 0.525625 0.41625 0.06625 0.09083333333333334
0 0.3015625 0.42333333333333334 0.069375 0.08833333333333333
1 0.72625 0.835 0.075 0.11666666666666667
0 0.3146875 0.7954166666666667 0.071875 0.0875
0 0.1765625 0.7866666666666666 0.055625 0.08333333333333333
0 0.253125 0.5054166666666666 0.06375 0.0925
0 0.3478125 0.18875 0.060625 0.07583333333333334
0 0.2803125 0.6816666666666666 0.074375 0.09166666666666666
0 0.34375 0.8133333333333334 0.06375 0.09333333333333334
0 0.264375 0.31083333333333335 0.0675 0.08333333333333333
0 0.2790625 0.15208333333333332 0.071875 0.10416666666666667
0 0.345 0.30666666666666664 0.06125 0.09166666666666666
0 0.40375 0.345 0.04875 0.09333333333333334
0 0.6734375 0.48625 0.078125 0.09416666666666666
0 0.0721875 0.24166666666666667 0.059375 0.08
0 0.6453125 0.4525 0.074375 0.09166666666666666
0 0.1759375 0.8604166666666667 0.064375 0.09083333333333334
1 0.925625 0.3879166666666667 0.06625 0.11916666666666667
0 0.9628125 0.30083333333333334 0.073125 0.09166666666666666
1 0.1371875 0.9 0.061875 0.14166666666666666
0 0.6403125 0.54875 0.056875 0.08083333333333333
1 0.509375 0.19083333333333333 0.0775 0.125
0 0.525625 0.5016666666666667 0.06375 0.07666666666666666
0 0.8459375 0.83375 0.079375 0.10416666666666667
0 0.49625 0.07375 0.08125 0.0925
0 0.4603125 0.5029166666666667 0.068125 0.0925
0 0.46375 0.4683333333333333 0.06625 0.095
0 0.7975 0.9454166666666667 0.07 0.0925
0 0.5715625 0.1275 0.066875 0.07333333333333333
1 0.243125 0.08583333333333333 0.06375 0.10333333333333333
0 0.8178125 0.6125 0.069375 0.085
0 0.7703125 0.7979166666666667 0.068125 0.0925
0 0.7875 0.8575 0.0625 0.09
0 0.5915625 0.46458333333333335 0.058125 0.09083333333333334
0 0.4590625 0.4275 0.059375 0.085
0 0.3025 0.23208333333333334 0.06375 0.07916666666666666
0 0.2428125 0.44958333333333333 0.060625 0.07583333333333334
0 0.301875 0.4795833333333333 0.0625 0.09083333333333334
0 0.90375 0.9545833333333333 0.05625 0.06583333333333333
0 0.21125 0.0625 0.065 0.08666666666666667
0 0.9553125 0.7554166666666666 0.058125 0.07916666666666666