0 0.2146875 0.6479166666666667 0.070625 0.0975
0 0.8603125 0.4795833333333333 0.078125 0.08916666666666667
0 0.3746875 0.13583333333333333 0.078125 0.1
0 0.7990625 0.78125 0.075625 0.0975
0 0.5096875 0.44375 0.068125 0.0925
0 0.795625 0.6675 0.0675 0.09166666666666666
0 0.873125 0.2825 0.0775 0.09333333333333334
0 0.595625 0.37166666666666665 0.075 0.09833333333333333
0 0.8309375 0.39125 0.063125 0.10583333333333333
0 0.469375 0.8566666666666667 0.06625 0.08833333333333333
0 0.7940625 0.17916666666666667 0.061875 0.105
0 0.3565625 0.5383333333333333 0.063125 0.09166666666666666
0 0.76125 0.29125 0.06875 0.0925
0 0.2128125 0.315 0.064375 0.10166666666666667
0 0.66375 0.5041666666666667 0.08 0.09666666666666666
0 0.3165625 0.46125 0.083125 0.0975
0 0.298125 0.5670833333333334 0.06125 0.10583333333333333
0 0.925 0.445 0.05875 0.10833333333333334
0 0.509375 0.3475 0.075 0.10333333333333333
0 0.923125 0.18291666666666667 0.08125 0.0925
0 0.1371875 0.7258333333333333 0.095625 0.085
0 0.33125 0.2941666666666667 0.08 0.11
0 0.216875 0.5116666666666667 0.0875 0.11
0 0.0815625 0.6370833333333333 0.066875 0.1075
0 0.855625 0.6775 0.075 0.09666666666666666
0 0.404375 0.9208333333333333 0.07875 0.095
0 0.1765625 0.1975 0.083125 0.11
0 0.7253125 0.7216666666666667 0.076875 0.105