0 0.5603125 0.20458333333333334 0.090625 0.12083333333333333
0 0.5075 0.10666666666666667 0.10875 0.145
0 0.86 0.48333333333333334 0.1 0.13333333333333333
0 0.3946875 0.34541666666666665 0.098125 0.13083333333333333
0 0.2078125 0.90875 0.111875 0.14916666666666667
0 0.901875 0.5208333333333334 0.10375 0.13833333333333334
0 0.120625 0.6425 0.11375 0.15166666666666667
0 0.5840625 0.7929166666666667 0.091875 0.1225
0 0.4175 0.8783333333333333 0.1025 0.13666666666666666
0 0.4346875 0.1225 0.106875 0.14166666666666666
0 0.2615625 0.6420833333333333 0.104375 0.13916666666666666
0 0.7725 0.6216666666666667 0.11 0.14666666666666667
0 0.791875 0.4525 0.10375 0.13833333333333334
0 0.6425 0.13916666666666666 0.095 0.12666666666666668
0 0.3678125 0.47125 0.108125 0.14416666666666667
0 0.371875 0.5029166666666667 0.0975 0.13083333333333333
0 0.9296875 0.38083333333333336 0.106875 0.14166666666666666
0 0.1365625 0.7870833333333334 0.093125 0.12416666666666666
0 0.4021875 0.057916666666666665 0.084375 0.1125
0 0.4090625 0.7854166666666667 0.108125 0.14416666666666667
0 0.145 0.42625 0.10125 0.13416666666666666
0 0.3509375 0.58875 0.085625 0.11416666666666667
1 0.210625 0.7170833333333333 0.13 0.17416666666666666
1 0.4746875 0.7170833333333333 0.144375 0.1925
1 0.778125 0.12375 0.10875 0.14583333333333334
1 0.7309375 0.6820833333333334 0.106875 0.1425
0 0.6615625 0.14958333333333335 0.098125 0.13083333333333333
0 0.7146875 0.11291666666666667 0.075625 0.10083333333333333
0 0.811875 0.2075 0.095 0.12666666666666668
0 0.78125 0.195 0.09 0.12
0 0.7775 0.5325 0.09625 0.12833333333333333
0 0.6578125 0.5475 0.095625 0.12666666666666668
0 0.7259375 0.57875 0.093125 0.12416666666666666
0 0.1690625 0.8620833333333333 0.095625 0.1275
0 0.86625 0.39166666666666666 0.09375 0.125
0 0.839375 0.36 0.0925 0.12333333333333334
0 0.32125 0.5895833333333333 0.08875 0.11916666666666667