0 0.4775 0.7441666666666666 0.05875 0.07833333333333334
0 0.2134375 0.37125 0.049375 0.08916666666666667
0 0.2246875 0.5991666666666666 0.071875 0.07666666666666666
0 0.5653125 0.07333333333333333 0.071875 0.10166666666666667
0 0.7278125 0.87875 0.068125 0.09083333333333334
0 0.7378125 0.7795833333333333 0.071875 0.0925
0 0.344375 0.17791666666666667 0.07125 0.0875
0 0.52375 0.66125 0.06625 0.0775
0 0.3109375 0.8125 0.061875 0.085
0 0.471875 0.5529166666666666 0.05625 0.0825
0 0.7475 0.6066666666666667 0.05875 0.08166666666666667
0 0.7575 0.42041666666666666 0.06 0.08416666666666667
0 0.6159375 0.66625 0.065625 0.09083333333333334
0 0.586875 0.4995833333333333 0.05375 0.09583333333333334
0 0.1578125 0.4225 0.059375 0.07
0 0.4140625 0.55 0.058125 0.08833333333333333
0 0.505625 0.2579166666666667 0.08 0.08916666666666667
0 0.685625 0.6895833333333333 0.05875 0.0875
0 0.6134375 0.39125 0.066875 0.08083333333333333
0 0.228125 0.7145833333333333 0.06 0.08416666666666667
0 0.326875 0.7458333333333333 0.0625 0.085
0 0.2371875 0.23416666666666666 0.070625 0.08166666666666667
1 0.7940625 0.20541666666666666 0.074375 0.09083333333333334
0 0.4284375 0.8933333333333333 0.063125 0.1
0 0.2725 0.8670833333333333 0.05625 0.09416666666666666
0 0.6478125 0.45 0.060625 0.075
0 0.6903125 0.4191666666666667 0.064375 0.09
0 0.4865625 0.07333333333333333 0.061875 0.08
0 0.5615625 0.7958333333333333 0.069375 0.09666666666666666
1 0.5653125 0.16208333333333333 0.080625 0.10083333333333333
0 0.5678125 0.54875 0.065625 0.0875
1 0.6375 0.2075 0.0975 0.115
0 0.3296875 0.07083333333333333 0.064375 0.09833333333333333
0 0.49875 0.14541666666666667 0.0725 0.08583333333333333
0 0.758125 0.7220833333333333 0.07 0.09416666666666666
0 0.355 0.6108333333333333 0.07 0.085
0 0.73125 0.49541666666666667 0.0675 0.1025
0 0.51125 0.81875 0.0625 0.08916666666666667
0 0.8321875 0.32 0.065625 0.09666666666666666
0 0.4109375 0.7454166666666666 0.063125 0.09416666666666666
0 0.4765625 0.4633333333333333 0.068125 0.095
0 0.6015625 0.31583333333333335 0.071875 0.09333333333333334
0 0.160625 0.6583333333333333 0.06625 0.09666666666666666
0 0.8140625 0.11833333333333333 0.069375 0.08166666666666667
1 0.8040625 0.7583333333333333 0.068125 0.125
0 0.3959375 0.7008333333333333 0.071875 0.07333333333333333
0 0.33625 0.6408333333333334 0.06875 0.10333333333333333
0 0.26 0.11458333333333333 0.055 0.0775
0 0.3690625 0.9429166666666666 0.064375 0.08916666666666667
0 0.5715625 0.24791666666666667 0.058125 0.08083333333333333
0 0.411875 0.125 0.075 0.09833333333333333
0 0.5309375 0.44208333333333333 0.064375 0.09083333333333334
0 0.6315625 0.7741666666666667 0.065625 0.07833333333333334
1 0.42625 0.3325 0.075 0.15666666666666668
1 0.320625 0.5329166666666667 0.13625 0.11583333333333333
1 0.2109375 0.8904166666666666 0.086875 0.1325
0 0.5296875 0.59375 0.064375 0.0875
0 0.7540625 0.0775 0.071875 0.08833333333333333
0 0.158125 0.88375 0.05875 0.0875
0 0.1596875 0.735 0.065625 0.08166666666666667
0 0.651875 0.7495833333333334 0.07375 0.08583333333333333