0 0.28375 0.059583333333333335 0.07625 0.10416666666666667
0 0.6790625 0.22083333333333333 0.074375 0.10666666666666667
0 0.350625 0.12875 0.07875 0.0975
0 0.4784375 0.6058333333333333 0.071875 0.10166666666666667
0 0.2571875 0.6229166666666667 0.081875 0.10583333333333333
0 0.231875 0.07 0.08375 0.09833333333333333
0 0.1171875 0.09708333333333333 0.080625 0.09583333333333334
0 0.0784375 0.06166666666666667 0.073125 0.10166666666666667
0 0.935 0.6704166666666667 0.07875 0.09916666666666667
0 0.263125 0.7441666666666666 0.0775 0.1
0 0.215625 0.5629166666666666 0.07875 0.1125
0 0.7509375 0.8758333333333334 0.088125 0.11
0 0.875 0.46625 0.07125 0.09916666666666667
0 0.6521875 0.615 0.080625 0.08833333333333333
0 0.9396875 0.45166666666666666 0.080625 0.10166666666666667
0 0.6671875 0.5195833333333333 0.076875 0.10583333333333333
0 0.888125 0.8395833333333333 0.0775 0.09416666666666666
0 0.415 0.57375 0.075 0.10416666666666667
0 0.615625 0.89125 0.08125 0.09083333333333334
0 0.586875 0.8629166666666667 0.06375 0.09916666666666667
0 0.156875 0.20041666666666666 0.08125 0.1025
0 0.0365625 0.16333333333333333 0.068125 0.095
0 0.7096875 0.40291666666666665 0.071875 0.0925
0 0.7965625 0.11416666666666667 0.089375 0.105
0 0.805 0.7091666666666666 0.075 0.10666666666666667
0 0.2515625 0.39208333333333334 0.066875 0.09916666666666667
0 0.795625 0.6083333333333333 0.08375 0.09666666666666666
0 0.2015625 0.315 0.076875 0.08833333333333333
0 0.705625 0.8795833333333334 0.07 0.09916666666666667
0 0.894375 0.21791666666666668 0.0775 0.09916666666666667
0 0.4734375 0.87875 0.078125 0.09416666666666666
0 0.316875 0.5608333333333333 0.0725 0.095
0 0.1978125 0.7595833333333334 0.075625 0.09416666666666666
0 0.646875 0.7058333333333333 0.08 0.1
0 0.51375 0.20333333333333334 0.07625 0.09333333333333334
0 0.515 0.9241666666666667 0.07875 0.09833333333333333
0 0.5053125 0.47625 0.078125 0.1075
0 0.9234375 0.31583333333333335 0.086875 0.09833333333333333
0 0.063125 0.7220833333333333 0.08125 0.10083333333333333
0 0.57625 0.6216666666666667 0.0725 0.10666666666666667
0 0.09125 0.7529166666666667 0.07625 0.1025
0 0.9353125 0.5691666666666667 0.074375 0.10333333333333333
0 0.2109375 0.39708333333333334 0.064375 0.09416666666666666
0 0.893125 0.4075 0.0875 0.09166666666666666
0 0.42375 0.9420833333333334 0.06625 0.09083333333333334
0 0.9371875 0.78375 0.073125 0.09583333333333334
0 0.7371875 0.315 0.089375 0.105
0 0.81 0.55375 0.09125 0.09083333333333334
0 0.8846875 0.9170833333333334 0.078125 0.09916666666666667
0 0.25125 0.49375 0.08 0.10083333333333333
0 0.32375 0.72625 0.07875 0.1075
0 0.0625 0.345 0.06375 0.115
0 0.556875 0.45166666666666666 0.07625 0.1
0 0.385 0.47791666666666666 0.1125 0.08083333333333333
0 0.544375 0.5179166666666667 0.09 0.09416666666666666
0 0.5421875 0.6041666666666666 0.068125 0.095
0 0.4640625 0.8125 0.124375 0.09166666666666666