0 0.1309375 0.4425 0.056875 0.08166666666666667
0 0.27625 0.7675 0.06875 0.09
0 0.5634375 0.7795833333333333 0.066875 0.08583333333333333
0 0.9171875 0.16 0.058125 0.08666666666666667
0 0.070625 0.9125 0.07125 0.09333333333333334
0 0.81 0.21083333333333334 0.07375 0.09833333333333333
0 0.7271875 0.49375 0.065625 0.0875
0 0.4590625 0.33166666666666667 0.063125 0.07833333333333334
0 0.5375 0.27708333333333335 0.07 0.08916666666666667
0 0.164375 0.37083333333333335 0.0725 0.09166666666666666
0 0.181875 0.7716666666666666 0.06 0.08333333333333333
0 0.1609375 0.20458333333333334 0.074375 0.10416666666666667
0 0.4175 0.2579166666666667 0.07 0.1025
0 0.1103125 0.28833333333333333 0.075625 0.09333333333333334
0 0.4471875 0.8208333333333333 0.065625 0.08166666666666667
1 0.0646875 0.6520833333333333 0.074375 0.10583333333333333
0 0.108125 0.14083333333333334 0.0625 0.08
0 0.6853125 0.7191666666666666 0.064375 0.08333333333333333
0 0.4521875 0.4225 0.069375 0.09833333333333333
0 0.7915625 0.9291666666666667 0.060625 0.08166666666666667
0 0.5853125 0.655 0.065625 0.08833333333333333
1 0.935625 0.7354166666666667 0.07375 0.10583333333333333
0 0.9340625 0.42791666666666667 0.058125 0.07083333333333333
0 0.1734375 0.6645833333333333 0.073125 0.09916666666666667
0 0.0640625 0.83875 0.059375 0.08083333333333333
0 0.470625 0.52125 0.07375 0.07916666666666666
0 0.651875 0.2325 0.0675 0.08666666666666667
0 0.215 0.07833333333333334 0.0625 0.08833333333333333
0 0.348125 0.47875 0.07 0.0975
0 0.3609375 0.17875 0.061875 0.08083333333333333
0 0.8971875 0.48375 0.060625 0.07916666666666666
0 0.2625 0.15 0.06375 0.075
0 0.2975 0.07583333333333334 0.07625 0.06666666666666667
0 0.6453125 0.64125 0.061875 0.0875
0 0.5640625 0.36125 0.061875 0.0775
0 0.7365625 0.2629166666666667 0.055625 0.0775
0 0.394375 0.77625 0.07375 0.0775
0 0.4046875 0.9458333333333333 0.074375 0.08166666666666667
0 0.545625 0.059166666666666666 0.0525 0.06833333333333333
0 0.3671875 0.3304166666666667 0.059375 0.07583333333333334
0 0.4159375 0.6179166666666667 0.065625 0.08916666666666667
0 0.031875 0.18916666666666668 0.06375 0.085
0 0.5221875 0.6666666666666666 0.056875 0.09
0 0.368125 0.6570833333333334 0.05875 0.07583333333333334
0 0.5834375 0.43166666666666664 0.060625 0.07666666666666666
0 0.9415625 0.83 0.060625 0.08166666666666667
0 0.845 0.7620833333333333 0.0675 0.0975
0 0.4884375 0.07125 0.059375 0.07416666666666667
0 0.868125 0.5345833333333333 0.05375 0.07083333333333333
0 0.1309375 0.58875 0.060625 0.07416666666666667
0 0.6909375 0.59375 0.063125 0.07583333333333334
0 0.64875 0.3020833333333333 0.05875 0.07416666666666667
0 0.396875 0.86 0.05375 0.085
0 0.5503125 0.15416666666666667 0.065625 0.07166666666666667
0 0.881875 0.08375 0.06625 0.06583333333333333
0 0.3125 0.11958333333333333 0.06125 0.06916666666666667
0 0.1628125 0.5266666666666666 0.074375 0.10833333333333334
0 0.6315625 0.41875 0.053125 0.0675
0 0.3096875 0.22583333333333333 0.054375 0.06166666666666667
0 0.4375 0.6 0.0625 0.085
0 0.6553125 0.3641666666666667 0.066875 0.06833333333333333
0 0.37625 0.71625 0.06375 0.0575
0 0.899375 0.7966666666666666 0.05375 0.07833333333333334
0 0.20375 0.50125 0.05 0.0775
0 0.5165625 0.13875 0.069375 0.08083333333333333
0 0.128125 0.6570833333333334 0.06 0.07916666666666666
0 0.2275 0.5666666666666667 0.05875 0.08
0 0.4859375 0.15416666666666667 0.056875 0.07
0 0.4753125 0.2633333333333333 0.046875 0.06666666666666667
0 0.3584375 0.04625 0.039375 0.08916666666666667