0 0.38125 0.41875 0.06 0.0775
0 0.3165625 0.5041666666666667 0.074375 0.08833333333333333
0 0.6903125 0.0925 0.068125 0.085
0 0.46875 0.32875 0.065 0.09083333333333334
0 0.7771875 0.9383333333333334 0.084375 0.10166666666666667
0 0.7209375 0.2425 0.075625 0.105
0 0.6834375 0.5633333333333334 0.081875 0.08
0 0.959375 0.7979166666666667 0.06625 0.08583333333333333
0 0.8215625 0.25666666666666665 0.090625 0.10333333333333333
0 0.413125 0.16583333333333333 0.07625 0.08833333333333333
0 0.8771875 0.8129166666666666 0.078125 0.1075
0 0.93375 0.26375 0.07625 0.1025
0 0.663125 0.17875 0.07875 0.0875
0 0.2934375 0.22375 0.081875 0.09583333333333334
0 0.340625 0.14291666666666666 0.07375 0.0925
0 0.203125 0.4608333333333333 0.08125 0.09833333333333333
0 0.3653125 0.33 0.074375 0.1
0 0.8178125 0.85875 0.063125 0.0875
0 0.104375 0.6970833333333334 0.07875 0.10083333333333333
0 0.61125 0.11333333333333333 0.06125 0.09333333333333334
0 0.413125 0.4925 0.0675 0.08833333333333333
0 0.754375 0.8475 0.07375 0.095
0 0.4059375 0.295 0.078125 0.095
0 0.2128125 0.5554166666666667 0.083125 0.10416666666666667
0 0.555 0.14583333333333334 0.06625 0.08333333333333333
0 0.9584375 0.695 0.073125 0.11666666666666667
0 0.155 0.60875 0.07375 0.08916666666666667
0 0.3725 0.8866666666666667 0.075 0.09833333333333333
0 0.8709375 0.645 0.061875 0.08166666666666667
0 0.3909375 0.7133333333333334 0.066875 0.09333333333333334
0 0.0890625 0.8183333333333334 0.069375 0.105
0 0.298125 0.3720833333333333 0.0725 0.0875
0 0.0415625 0.44333333333333336 0.074375 0.10166666666666667
0 0.1953125 0.06458333333333334 0.075625 0.1025
0 0.7725 0.12541666666666668 0.0625 0.0875
0 0.449375 0.5545833333333333 0.07125 0.09916666666666667
0 0.2265625 0.7416666666666667 0.064375 0.08666666666666667
0 0.274375 0.5929166666666666 0.075 0.10083333333333333
0 0.2778125 0.72875 0.063125 0.10083333333333333
0 0.19625 0.66625 0.07 0.0875
0 0.5403125 0.28291666666666665 0.073125 0.1075
0 0.926875 0.595 0.07125 0.09166666666666666
0 0.235 0.36541666666666667 0.05875 0.0675
0 0.09875 0.375 0.0625 0.085
0 0.0825 0.5975 0.07375 0.1
0 0.8815625 0.4125 0.081875 0.11
0 0.726875 0.6329166666666667 0.0775 0.1025
0 0.4071875 0.050833333333333335 0.070625 0.09333333333333334
0 0.27875 0.43625 0.06125 0.07916666666666666
0 0.8253125 0.12083333333333333 0.061875 0.095
0 0.5078125 0.4816666666666667 0.068125 0.11666666666666667
0 0.3221875 0.8245833333333333 0.065625 0.09416666666666666
0 0.34125 0.04708333333333333 0.065 0.0875
0 0.8321875 0.7204166666666667 0.068125 0.08583333333333333
0 0.6828125 0.8354166666666667 0.061875 0.08583333333333333
0 0.0740625 0.5466666666666666 0.080625 0.1
0 0.6525 0.8320833333333333 0.07125 0.10416666666666667
1 0.855 0.7541666666666667 0.04875 0.06666666666666667
1 0.4559375 0.8783333333333333 0.110625 0.15333333333333332
0 0.4078125 0.9429166666666666 0.056875 0.0875
0 0.3315625 0.7470833333333333 0.065625 0.0875
0 0.25625 0.6233333333333333 0.06125 0.08166666666666667
0 0.039375 0.8975 0.06375 0.08166666666666667
0 0.1384375 0.3120833333333333 0.066875 0.08416666666666667
0 0.4878125 0.5383333333333333 0.064375 0.095
0 0.1934375 0.30416666666666664 0.064375 0.085
0 0.4953125 0.16166666666666665 0.051875 0.075
0 0.4465625 0.11583333333333333 0.055625 0.07
0 0.4921875 0.24333333333333335 0.064375 0.07833333333333334
0 0.1990625 0.2325 0.063125 0.085
0 0.173125 0.17541666666666667 0.07125 0.09583333333333334
0 0.14375 0.14833333333333334 0.0525 0.07666666666666666
0 0.139375 0.07416666666666667 0.05625 0.07166666666666667