0 0.8015625 0.45125 0.104375 0.13916666666666666
0 0.3671875 0.7995833333333333 0.105625 0.14083333333333334
0 0.27875 0.1525 0.09875 0.13166666666666665
0 0.654375 0.10958333333333334 0.1025 0.13583333333333333
0 0.2559375 0.50875 0.089375 0.11916666666666667
0 0.94125 0.24416666666666667 0.105 0.14
0 0.8221875 0.7045833333333333 0.103125 0.1375
0 0.66625 0.8425 0.11125 0.14833333333333334
0 0.17375 0.3975 0.10375 0.13833333333333334
0 0.72125 0.6166666666666667 0.1025 0.13666666666666666
0 0.25625 0.7620833333333333 0.10375 0.1375
0 0.460625 0.26666666666666666 0.10875 0.145
0 0.2103125 0.6495833333333333 0.103125 0.1375
0 0.7428125 0.09875 0.086875 0.11583333333333333
0 0.64875 0.485 0.1075 0.14333333333333334
0 0.5603125 0.75375 0.109375 0.14583333333333334
0 0.67 0.24 0.1025 0.13666666666666666
0 0.3990625 0.2758333333333333 0.090625 0.12166666666666667
0 0.146875 0.79125 0.10875 0.14583333333333334
0 0.8721875 0.5354166666666667 0.113125 0.15083333333333335
0 0.23625 0.8670833333333333 0.11125 0.1475
0 0.4503125 0.1875 0.103125 0.13833333333333334
0 0.29625 0.6758333333333333 0.11 0.14666666666666667
0 0.4146875 0.11375 0.100625 0.13416666666666666
0 0.35875 0.9154166666666667 0.0975 0.13083333333333333
0 0.72875 0.8191666666666667 0.095 0.12666666666666668
0 0.765 0.18625 0.10375 0.1375
0 0.8159375 0.08041666666666666 0.101875 0.13583333333333333
0 0.336875 0.08875 0.11125 0.1475
0 0.7240625 0.7320833333333333 0.100625 0.13416666666666666
0 0.3740625 0.5720833333333334 0.106875 0.1425
0 0.1159375 0.6216666666666667 0.104375 0.14
0 0.536875 0.19083333333333333 0.1025 0.13666666666666666
0 0.655625 0.64125 0.09375 0.12416666666666666
0 0.38375 0.6758333333333333 0.1 0.13333333333333333
0 0.4684375 0.7108333333333333 0.105625 0.14
0 0.47875 0.6708333333333333 0.1 0.13333333333333333
0 0.549375 0.2945833333333333 0.0975 0.12916666666666668
0 0.5628125 0.42916666666666664 0.110625 0.14666666666666667
0 0.560625 0.3725 0.08875 0.11833333333333333
0 0.1365625 0.6579166666666667 0.099375 0.1325
0 0.2221875 0.33541666666666664 0.114375 0.1525
0 0.173125 0.4945833333333333 0.105 0.13916666666666666
0 0.4421875 0.82625 0.101875 0.13583333333333333
0 0.3615625 0.35625 0.116875 0.15583333333333332
0 0.480625 0.8204166666666667 0.1025 0.1375
0 0.3115625 0.5654166666666667 0.089375 0.11916666666666667
0 0.5290625 0.26625 0.098125 0.13083333333333333
0 0.2428125 0.3883333333333333 0.100625 0.135
0 0.2171875 0.8616666666666667 0.098125 0.13166666666666665
0 0.14875 0.5654166666666667 0.09 0.11916666666666667
0 0.153125 0.47 0.11125 0.14833333333333334
1 0.3096875 0.41041666666666665 0.131875 0.17583333333333334
1 0.836875 0.1725 0.13625 0.18166666666666667