0 0.2225 0.7491666666666666 0.065 0.09166666666666666
0 0.3990625 0.31833333333333336 0.075625 0.09166666666666666
0 0.72375 0.7695833333333333 0.07125 0.09583333333333334
0 0.455 0.37416666666666665 0.0675 0.09666666666666666
0 0.836875 0.63625 0.06875 0.08916666666666667
0 0.6871875 0.32625 0.070625 0.07916666666666666
0 0.6584375 0.575 0.058125 0.08833333333333333
0 0.59625 0.05458333333333333 0.07 0.09916666666666667
0 0.5009375 0.5683333333333334 0.063125 0.1
0 0.6703125 0.42041666666666666 0.078125 0.10583333333333333
0 0.6590625 0.8466666666666667 0.064375 0.10833333333333334
0 0.8171875 0.7816666666666666 0.060625 0.08333333333333333
0 0.488125 0.41041666666666665 0.0775 0.0875
0 0.4778125 0.7554166666666666 0.068125 0.0975
0 0.529375 0.3279166666666667 0.0725 0.1125
0 0.8065625 0.49833333333333335 0.066875 0.09166666666666666
0 0.415 0.495 0.07625 0.085
0 0.8028125 0.7354166666666667 0.065625 0.09916666666666667
0 0.3759375 0.5808333333333333 0.058125 0.09666666666666666
0 0.76625 0.9429166666666666 0.06375 0.08916666666666667
0 0.289375 0.25708333333333333 0.075 0.08916666666666667
0 0.6165625 0.6 0.066875 0.105
0 0.7709375 0.20041666666666666 0.061875 0.11416666666666667
0 0.3415625 0.17458333333333334 0.074375 0.09916666666666667
0 0.6375 0.21083333333333334 0.075 0.10666666666666667
0 0.1875 0.5608333333333333 0.06375 0.09166666666666666
0 0.385625 0.22291666666666668 0.0725 0.0925
0 0.7196875 0.5133333333333333 0.074375 0.10333333333333333
0 0.261875 0.9175 0.07375 0.10333333333333333
0 0.5434375 0.5466666666666666 0.055625 0.10166666666666667
0 0.38 0.8516666666666667 0.0725 0.11166666666666666
0 0.821875 0.06708333333333333 0.0825 0.1125
0 0.18375 0.2866666666666667 0.06125 0.10333333333333333
0 0.4328125 0.82875 0.059375 0.10583333333333333
0 0.2621875 0.425 0.083125 0.1
0 0.170625 0.465 0.0725 0.09
0 0.828125 0.21583333333333332 0.0625 0.095
0 0.5628125 0.8054166666666667 0.078125 0.10583333333333333
0 0.2275 0.31083333333333335 0.05625 0.12166666666666667
0 0.4234375 0.5825 0.064375 0.09833333333333333
0 0.591875 0.35208333333333336 0.07125 0.0975
0 0.2596875 0.35583333333333333 0.068125 0.09333333333333334
0 0.1740625 0.13041666666666665 0.065625 0.08416666666666667
0 0.8175 0.14541666666666667 0.075 0.08916666666666667
0 0.67375 0.9204166666666667 0.055 0.1125
0 0.7490625 0.455 0.064375 0.105
0 0.7146875 0.89875 0.054375 0.1275
0 0.4621875 0.85625 0.055625 0.1325