0 0.9096875 0.8870833333333333 0.078125 0.10583333333333333
0 0.1765625 0.2225 0.084375 0.11166666666666666
0 0.5996875 0.8266666666666667 0.078125 0.10666666666666667
0 0.7315625 0.61375 0.080625 0.09916666666666667
0 0.26625 0.09791666666666667 0.08125 0.10416666666666667
0 0.14 0.39958333333333335 0.08 0.10416666666666667
0 0.20125 0.7916666666666666 0.07875 0.10333333333333333
0 0.4984375 0.64125 0.080625 0.0925
0 0.46 0.8258333333333333 0.085 0.105
0 0.2565625 0.4625 0.074375 0.10666666666666667
0 0.1378125 0.29041666666666666 0.084375 0.09916666666666667
0 0.73625 0.49625 0.08375 0.1025
0 0.7190625 0.3 0.089375 0.08
0 0.3909375 0.5433333333333333 0.074375 0.09333333333333334
0 0.5515625 0.34958333333333336 0.074375 0.11416666666666667
0 0.9 0.66125 0.07625 0.1075
0 0.244375 0.6020833333333333 0.08875 0.09916666666666667
0 0.3525 0.43416666666666665 0.0825 0.11
0 0.3196875 0.5191666666666667 0.066875 0.11166666666666666
0 0.845625 0.9304166666666667 0.07625 0.10916666666666666
0 0.2478125 0.7716666666666666 0.073125 0.12
1 0.686875 0.20875 0.09125 0.14083333333333334
0 0.19 0.6225 0.0825 0.10833333333333334
0 0.718125 0.3854166666666667 0.0775 0.09916666666666667
0 0.8584375 0.19375 0.079375 0.12416666666666666
0 0.2265625 0.5325 0.073125 0.09833333333333333
0 0.9190625 0.4891666666666667 0.084375 0.10833333333333334
0 0.8278125 0.49666666666666665 0.079375 0.11166666666666666
0 0.863125 0.46541666666666665 0.07875 0.0975
0 0.8865625 0.3879166666666667 0.104375 0.0725
0 0.8846875 0.35291666666666666 0.071875 0.1075