0 0.5090625 0.9166666666666666 0.078125 0.09666666666666666
0 0.6903125 0.27666666666666667 0.071875 0.11
1 0.818125 0.6183333333333333 0.075 0.115
1 0.716875 0.81 0.07625 0.10166666666666667
0 0.075625 0.20375 0.075 0.09583333333333334
0 0.6134375 0.2975 0.076875 0.095
0 0.8696875 0.08291666666666667 0.068125 0.10083333333333333
0 0.510625 0.8133333333333334 0.08125 0.1
0 0.0775 0.31875 0.075 0.08083333333333333
0 0.2396875 0.16708333333333333 0.070625 0.09916666666666667
0 0.216875 0.8183333333333334 0.075 0.085
0 0.5690625 0.5983333333333334 0.075625 0.1
0 0.8546875 0.48291666666666666 0.076875 0.11583333333333333
0 0.52125 0.7254166666666667 0.075 0.08416666666666667
0 0.5490625 0.47291666666666665 0.070625 0.09916666666666667
0 0.1659375 0.28625 0.073125 0.1025
0 0.435625 0.7520833333333333 0.07 0.10416666666666667
0 0.7259375 0.70625 0.076875 0.10416666666666667
0 0.4934375 0.67625 0.073125 0.09083333333333334
0 0.64875 0.7541666666666667 0.06875 0.10166666666666667
1 0.4028125 0.10666666666666667 0.076875 0.10666666666666667
0 0.2721875 0.45958333333333334 0.065625 0.10916666666666666
0 0.2015625 0.59625 0.080625 0.1025
0 0.5628125 0.09583333333333334 0.074375 0.09166666666666666
0 0.5325 0.35083333333333333 0.06875 0.095
0 0.89375 0.75875 0.0675 0.1075
0 0.8721875 0.8866666666666667 0.065625 0.11
0 0.0790625 0.4170833333333333 0.079375 0.10083333333333333
0 0.4490625 0.41125 0.085625 0.1125