0 0.8953125 0.3325 0.070625 0.095
0 0.7296875 0.5941666666666666 0.050625 0.07
0 0.6021875 0.5875 0.070625 0.095
0 0.801875 0.32666666666666666 0.0575 0.08666666666666667
0 0.811875 0.6083333333333333 0.07625 0.09333333333333334
0 0.66 0.5375 0.0625 0.095
0 0.7878125 0.06208333333333333 0.071875 0.0875
0 0.0934375 0.78875 0.063125 0.08416666666666667
0 0.71125 0.7895833333333333 0.08625 0.10916666666666666
0 0.57375 0.8229166666666666 0.0825 0.1075
0 0.5028125 0.9291666666666667 0.075625 0.10166666666666667
0 0.3725 0.9 0.065 0.08666666666666667
0 0.2978125 0.7975 0.083125 0.11333333333333333
0 0.188125 0.7120833333333333 0.0675 0.08916666666666667
0 0.2665625 0.89625 0.059375 0.07583333333333334
0 0.888125 0.06708333333333333 0.08 0.11083333333333334
0 0.761875 0.245 0.06 0.07666666666666666
0 0.754375 0.155 0.07375 0.09833333333333333
0 0.88625 0.425 0.07125 0.08333333333333333
0 0.1534375 0.8475 0.081875 0.09166666666666666
0 0.0709375 0.8683333333333333 0.078125 0.10666666666666667
0 0.940625 0.84875 0.07 0.09583333333333334
0 0.3671875 0.70375 0.078125 0.1025
0 0.6990625 0.22541666666666665 0.068125 0.08416666666666667
0 0.8140625 0.9154166666666667 0.066875 0.08416666666666667
0 0.434375 0.8795833333333334 0.0675 0.08916666666666667
0 0.8328125 0.5225 0.078125 0.08666666666666667
0 0.799375 0.48 0.06875 0.10166666666666667
0 0.5675 0.7225 0.0675 0.095
0 0.0709375 0.685 0.076875 0.10166666666666667
0 0.1946875 0.5041666666666667 0.081875 0.11
0 0.634375 0.21333333333333335 0.08 0.09333333333333334
0 0.8609375 0.8325 0.065625 0.07833333333333334
0 0.3428125 0.62875 0.076875 0.09083333333333334
0 0.7978125 0.8029166666666666 0.076875 0.10916666666666666
0 0.481875 0.66125 0.06875 0.08083333333333333
0 0.773125 0.4 0.07875 0.09333333333333334
0 0.595625 0.4870833333333333 0.0725 0.07416666666666667
0 0.7121875 0.48041666666666666 0.078125 0.08916666666666667
0 0.4078125 0.78875 0.060625 0.0875
0 0.5796875 0.6829166666666666 0.070625 0.08916666666666667
0 0.4478125 0.62625 0.060625 0.07916666666666666
0 0.82625 0.14083333333333334 0.06125 0.08166666666666667
0 0.474375 0.7316666666666667 0.0725 0.07166666666666667
0 0.8328125 0.5220833333333333 0.070625 0.0675
0 0.6753125 0.43416666666666665 0.060625 0.10166666666666667
0 0.3053125 0.69125 0.063125 0.0875
0 0.6821875 0.14625 0.069375 0.06916666666666667
0 0.364375 0.78375 0.05875 0.07916666666666666
0 0.7475 0.09875 0.07125 0.0925
0 0.0796875 0.5045833333333334 0.070625 0.0925
0 0.736875 0.88 0.0725 0.09333333333333334
0 0.638125 0.8904166666666666 0.0775 0.08083333333333333
0 0.3853125 0.5991666666666666 0.073125 0.08833333333333333
0 0.856875 0.7545833333333334 0.065 0.08916666666666667
0 0.03625 0.6845833333333333 0.0725 0.0925
0 0.3371875 0.5516666666666666 0.070625 0.08333333333333333
0 0.6684375 0.08708333333333333 0.056875 0.09416666666666666
0 0.850625 0.16041666666666668 0.06625 0.07916666666666666
1 0.6671875 0.715 0.090625 0.14166666666666666
0 0.5475 0.5541666666666667 0.06125 0.08833333333333333
0 0.829375 0.6995833333333333 0.055 0.06583333333333333
1 0.541875 0.5091666666666667 0.06625 0.115