0 0.66 0.05875 0.0775 0.0975
0 0.9 0.475 0.0775 0.09
0 0.7159375 0.44625 0.074375 0.1025
0 0.611875 0.85875 0.0775 0.10416666666666667
0 0.8978125 0.7541666666666667 0.058125 0.105
0 0.7090625 0.5629166666666666 0.078125 0.09583333333333334
0 0.773125 0.9454166666666667 0.07 0.1075
0 0.405 0.49541666666666667 0.06375 0.07583333333333334
0 0.0828125 0.5229166666666667 0.080625 0.11083333333333334
0 0.7628125 0.06625 0.078125 0.09583333333333334
0 0.64875 0.40958333333333335 0.085 0.1175
0 0.815 0.16041666666666668 0.08125 0.1025
0 0.3334375 0.22625 0.076875 0.10083333333333333
0 0.9196875 0.5804166666666667 0.085625 0.10083333333333333
0 0.1303125 0.46708333333333335 0.079375 0.10416666666666667
0 0.92 0.24541666666666667 0.0625 0.0925
0 0.95625 0.7566666666666667 0.0575 0.105
0 0.231875 0.19541666666666666 0.075 0.1025
0 0.1659375 0.36 0.068125 0.09166666666666666
0 0.4125 0.1875 0.07875 0.105
0 0.5859375 0.9475 0.066875 0.08666666666666667
0 0.356875 0.4116666666666667 0.075 0.10833333333333334
0 0.2540625 0.3975 0.079375 0.11833333333333333
0 0.785625 0.49375 0.07 0.0975
0 0.545 0.3233333333333333 0.085 0.10166666666666667
0 0.4946875 0.4295833333333333 0.075625 0.10416666666666667
0 0.9271875 0.04791666666666667 0.066875 0.0875
0 0.5165625 0.8570833333333333 0.076875 0.10916666666666666
0 0.1625 0.20708333333333334 0.075 0.10916666666666666
0 0.2 0.0575 0.0625 0.10333333333333333
0 0.530625 0.5995833333333334 0.07375 0.0975
0 0.7834375 0.65125 0.076875 0.11083333333333334
0 0.4734375 0.51625 0.080625 0.10583333333333333
0 0.434375 0.5720833333333334 0.065 0.09583333333333334
0 0.1440625 0.8670833333333333 0.084375 0.09583333333333334
0 0.7553125 0.15833333333333333 0.080625 0.11
0 0.171875 0.5716666666666667 0.065 0.10666666666666667
0 0.79625 0.7908333333333334 0.07875 0.1
0 0.706875 0.9433333333333334 0.07125 0.09833333333333333
0 0.6003125 0.67 0.068125 0.10666666666666667
0 0.4709375 0.89125 0.088125 0.0975
0 0.8665625 0.6395833333333333 0.068125 0.1075
0 0.2871875 0.9275 0.094375 0.10833333333333334
0 0.235 0.6170833333333333 0.075 0.1025
0 0.1725 0.145 0.08 0.1
0 0.2740625 0.535 0.090625 0.11166666666666666
0 0.745 0.7725 0.0825 0.125
0 0.0875 0.21833333333333332 0.065 0.10666666666666667
0 0.698125 0.6975 0.08375 0.10666666666666667
0 0.336875 0.48541666666666666 0.0775 0.10083333333333333
0 0.2009375 0.46958333333333335 0.068125 0.10583333333333333
0 0.858125 0.09333333333333334 0.08375 0.10166666666666667
0 0.0665625 0.8658333333333333 0.064375 0.09666666666666666
0 0.6115625 0.14083333333333334 0.088125 0.09833333333333333
0 0.8553125 0.05375 0.074375 0.10583333333333333
0 0.0859375 0.17 0.066875 0.08166666666666667
0 0.0634375 0.1225 0.073125 0.09166666666666666