0 0.5909375 0.7179166666666666 0.088125 0.1175
0 0.7290625 0.7695833333333333 0.080625 0.1075
0 0.368125 0.8958333333333334 0.08 0.10666666666666667
0 0.1153125 0.2529166666666667 0.085625 0.11416666666666667
0 0.518125 0.7695833333333333 0.0875 0.1175
0 0.6075 0.38458333333333333 0.0875 0.11583333333333333
0 0.288125 0.3770833333333333 0.0975 0.12916666666666668
0 0.5015625 0.12708333333333333 0.089375 0.11916666666666667
0 0.8178125 0.5991666666666666 0.091875 0.12166666666666667
0 0.10375 0.35 0.09625 0.12833333333333333
0 0.6384375 0.57375 0.083125 0.11083333333333334
0 0.3078125 0.87 0.080625 0.10833333333333334
0 0.62 0.2579166666666667 0.08 0.10583333333333333
0 0.1890625 0.5716666666666667 0.089375 0.11833333333333333
0 0.6234375 0.88625 0.086875 0.11583333333333333
0 0.440625 0.9066666666666666 0.09625 0.12833333333333333
0 0.729375 0.3675 0.1 0.13333333333333333
0 0.1365625 0.16541666666666666 0.085625 0.11416666666666667
0 0.7121875 0.28791666666666665 0.076875 0.1025
0 0.2328125 0.32125 0.080625 0.1075
1 0.385625 0.40958333333333335 0.11375 0.1525
0 0.2575 0.8116666666666666 0.09375 0.125
0 0.7296875 0.5166666666666667 0.090625 0.12
0 0.5753125 0.16375 0.093125 0.12416666666666666
0 0.5221875 0.8720833333333333 0.086875 0.11583333333333333
0 0.56 0.8983333333333333 0.09 0.12
0 0.1346875 0.6033333333333334 0.090625 0.12166666666666667
0 0.545625 0.19833333333333333 0.11125 0.14833333333333334
0 0.7178125 0.6391666666666667 0.085625 0.11333333333333333
0 0.3415625 0.7970833333333334 0.088125 0.1175
0 0.7053125 0.59375 0.089375 0.11916666666666667
0 0.5471875 0.36916666666666664 0.086875 0.11666666666666667
1 0.1553125 0.44458333333333333 0.091875 0.1225
0 0.6975 0.425 0.08625 0.115
0 0.84875 0.7075 0.09625 0.12833333333333333
0 0.2275 0.7041666666666667 0.09 0.12
0 0.2134375 0.11083333333333334 0.085625 0.115
0 0.0809375 0.45125 0.108125 0.14416666666666667
0 0.25 0.6354166666666666 0.07625 0.10083333333333333
0 0.6621875 0.8104166666666667 0.086875 0.11583333333333333
0 0.21 0.4875 0.0975 0.13
0 0.513125 0.43333333333333335 0.09375 0.125
0 0.63625 0.8116666666666666 0.08375 0.11166666666666666
0 0.8465625 0.9129166666666667 0.094375 0.12583333333333332
0 0.87625 0.8708333333333333 0.0925 0.12333333333333334
0 0.1803125 0.33166666666666667 0.090625 0.12166666666666667
0 0.09625 0.445 0.0775 0.10333333333333333
0 0.1703125 0.37041666666666667 0.089375 0.11916666666666667
0 0.4621875 0.3825 0.084375 0.11166666666666666
0 0.2640625 0.07 0.089375 0.12
1 0.3134375 0.7604166666666666 0.124375 0.16583333333333333
1 0.8840625 0.5004166666666666 0.153125 0.20416666666666666
0 0.2034375 0.685 0.083125 0.11166666666666666
0 0.07375 0.59 0.08375 0.11166666666666666