0 0.3765625 0.8729166666666667 0.101875 0.13583333333333333
0 0.74375 0.145 0.1025 0.13666666666666666
0 0.2184375 0.3591666666666667 0.108125 0.145
0 0.860625 0.41583333333333333 0.105 0.14
0 0.4771875 0.44958333333333333 0.096875 0.12916666666666668
0 0.7975 0.33916666666666667 0.09625 0.12833333333333333
0 0.5 0.3175 0.105 0.14
0 0.6759375 0.11041666666666666 0.100625 0.13416666666666666
0 0.6675 0.78 0.09375 0.125
0 0.41875 0.66125 0.09375 0.12416666666666666
0 0.57375 0.105 0.0975 0.13
0 0.1984375 0.63875 0.099375 0.1325
0 0.618125 0.3475 0.1075 0.14333333333333334
0 0.3496875 0.6445833333333333 0.110625 0.1475
0 0.3928125 0.7370833333333333 0.099375 0.1325
0 0.4259375 0.38208333333333333 0.108125 0.14416666666666667
0 0.2715625 0.5125 0.115625 0.15333333333333332
0 0.305625 0.7741666666666667 0.12 0.16
0 0.8453125 0.28958333333333336 0.104375 0.13916666666666666
0 0.6553125 0.8866666666666667 0.105625 0.14166666666666666
0 0.1109375 0.59 0.116875 0.155
0 0.776875 0.44333333333333336 0.11 0.14666666666666667