0 0.7375 0.4041666666666667 0.1075 0.14333333333333334
0 0.6715625 0.31416666666666665 0.109375 0.14666666666666667
0 0.4240625 0.9170833333333334 0.108125 0.14416666666666667
0 0.5846875 0.5195833333333333 0.098125 0.13083333333333333
0 0.86875 0.25416666666666665 0.11375 0.15166666666666667
0 0.186875 0.7166666666666667 0.1075 0.14333333333333334
0 0.660625 0.5120833333333333 0.0975 0.12916666666666668
0 0.7275 0.7904166666666667 0.115 0.15416666666666667
0 0.5353125 0.20791666666666667 0.114375 0.1525
0 0.530625 0.6029166666666667 0.1125 0.14916666666666667
0 0.3975 0.43375 0.09375 0.12416666666666666
0 0.78875 0.22416666666666665 0.10375 0.13833333333333334
0 0.6478125 0.22041666666666668 0.090625 0.12083333333333333
0 0.8009375 0.4395833333333333 0.105625 0.14083333333333334
0 0.124375 0.4504166666666667 0.11125 0.14916666666666667
0 0.4096875 0.6645833333333333 0.109375 0.14583333333333334
0 0.2715625 0.6633333333333333 0.115625 0.15333333333333332
0 0.4378125 0.17958333333333334 0.105625 0.14083333333333334
0 0.6009375 0.1025 0.110625 0.14833333333333334
0 0.2553125 0.78125 0.108125 0.14416666666666667
0 0.820625 0.6258333333333334 0.10375 0.13833333333333334
0 0.7178125 0.16958333333333334 0.118125 0.1575
0 0.160625 0.8320833333333333 0.11125 0.14916666666666667
0 0.116875 0.8579166666666667 0.09625 0.12916666666666668
0 0.315 0.6158333333333333 0.0825 0.11
0 0.7940625 0.6679166666666667 0.105625 0.14083333333333334
0 0.4346875 0.3645833333333333 0.101875 0.13583333333333333