0 0.47375 0.2525 0.10125 0.135
0 0.6075 0.13083333333333333 0.1 0.13333333333333333
0 0.8021875 0.46458333333333335 0.086875 0.11583333333333333
0 0.308125 0.5725 0.095 0.12666666666666668
0 0.5903125 0.8745833333333334 0.096875 0.12916666666666668
0 0.69 0.5233333333333333 0.1 0.13333333333333333
0 0.68 0.7629166666666667 0.09375 0.12583333333333332
0 0.9421875 0.32625 0.106875 0.1425
0 0.8871875 0.23458333333333334 0.096875 0.12916666666666668
0 0.3921875 0.08291666666666667 0.100625 0.13416666666666666
0 0.415625 0.7229166666666667 0.105 0.13916666666666666
0 0.20625 0.5991666666666666 0.095 0.12666666666666668
0 0.4678125 0.56625 0.099375 0.1325
0 0.8315625 0.67125 0.093125 0.12416666666666666
0 0.830625 0.5583333333333333 0.10875 0.145
0 0.29125 0.1675 0.09375 0.125
0 0.494375 0.3775 0.09 0.12
0 0.178125 0.8258333333333333 0.10625 0.14166666666666666
0 0.82 0.38125 0.1 0.1325
0 0.7125 0.2325 0.10875 0.145
0 0.3796875 0.9225 0.094375 0.125
0 0.430625 0.8654166666666666 0.10125 0.13416666666666666
0 0.5715625 0.23166666666666666 0.083125 0.11
0 0.2875 0.455 0.11 0.14666666666666667
0 0.56 0.5375 0.10625 0.14166666666666666
0 0.065 0.6604166666666667 0.11 0.1475
0 0.52375 0.4691666666666667 0.10625 0.14166666666666666
0 0.1671875 0.6916666666666667 0.109375 0.145
0 0.2303125 0.51625 0.105625 0.14083333333333334
0 0.8378125 0.16333333333333333 0.101875 0.135
0 0.5684375 0.3933333333333333 0.101875 0.13666666666666666
0 0.943125 0.4708333333333333 0.1075 0.14333333333333334
0 0.2190625 0.9229166666666667 0.099375 0.1325
0 0.615 0.6704166666666667 0.09625 0.1275
0 0.8146875 0.20541666666666666 0.105625 0.14083333333333334
0 0.3940625 0.27541666666666664 0.118125 0.1575
0 0.7334375 0.6945833333333333 0.106875 0.1425
0 0.6125 0.605 0.1025 0.13666666666666666
0 0.6375 0.38458333333333333 0.10875 0.14416666666666667
0 0.3334375 0.2679166666666667 0.115625 0.15416666666666667
0 0.53 0.63625 0.1 0.13416666666666666
0 0.89375 0.6158333333333333 0.095 0.12666666666666668
0 0.2046875 0.44375 0.120625 0.16083333333333333
0 0.5165625 0.8429166666666666 0.094375 0.12583333333333332
1 0.4025 0.5283333333333333 0.12625 0.16833333333333333
0 0.569375 0.7333333333333333 0.08375 0.11166666666666666
0 0.4834375 0.6545833333333333 0.089375 0.11916666666666667
0 0.94 0.54875 0.10125 0.13416666666666666