0 0.7575 0.4920833333333333 0.10875 0.14416666666666667
0 0.3103125 0.20208333333333334 0.100625 0.13416666666666666
0 0.2590625 0.28291666666666665 0.093125 0.12416666666666666
0 0.463125 0.5354166666666667 0.09875 0.13083333333333333
0 0.6284375 0.6191666666666666 0.099375 0.13333333333333333
0 0.7559375 0.7029166666666666 0.085625 0.11416666666666667
0 0.66625 0.31333333333333335 0.1025 0.13666666666666666
0 0.6678125 0.7795833333333333 0.111875 0.14916666666666667
0 0.0609375 0.6279166666666667 0.099375 0.1325
0 0.5428125 0.73375 0.100625 0.13416666666666666
0 0.7146875 0.39791666666666664 0.096875 0.12916666666666668
0 0.753125 0.6033333333333334 0.09 0.12
0 0.365 0.8091666666666667 0.09625 0.12833333333333333
0 0.3853125 0.24041666666666667 0.110625 0.1475
0 0.8675 0.5395833333333333 0.1075 0.1425
0 0.8853125 0.275 0.104375 0.14
0 0.2775 0.5558333333333333 0.095 0.12666666666666668
0 0.746875 0.28041666666666665 0.10375 0.1375
0 0.26125 0.46 0.0975 0.13
0 0.8125 0.40458333333333335 0.09625 0.12916666666666668
0 0.2475 0.84 0.09625 0.12833333333333333
0 0.1996875 0.6191666666666666 0.120625 0.16
0 0.263125 0.9266666666666666 0.085 0.11333333333333333
0 0.623125 0.08916666666666667 0.1175 0.15666666666666668
0 0.58625 0.5025 0.08375 0.11166666666666666
0 0.5334375 0.6208333333333333 0.129375 0.17333333333333334
0 0.5890625 0.81 0.084375 0.11333333333333333
0 0.88625 0.38333333333333336 0.0875 0.11666666666666667
0 0.209375 0.39958333333333335 0.10125 0.13583333333333333
0 0.3778125 0.3229166666666667 0.108125 0.14416666666666667
0 0.83 0.46541666666666665 0.07375 0.09916666666666667
0 0.3653125 0.5841666666666666 0.109375 0.14666666666666667
0 0.381875 0.6308333333333334 0.10125 0.135
0 0.82125 0.10791666666666666 0.11375 0.1525
1 0.5228125 0.34791666666666665 0.126875 0.16916666666666666