0 0.1325 0.8116666666666666 0.105 0.14
0 0.2321875 0.5504166666666667 0.105625 0.14083333333333334
0 0.0478125 0.67 0.084375 0.11166666666666666
0 0.2825 0.31333333333333335 0.095 0.12666666666666668
0 0.175625 0.38166666666666665 0.09375 0.125
0 0.2571875 0.4375 0.093125 0.12333333333333334
0 0.27125 0.21416666666666667 0.11125 0.14833333333333334
0 0.410625 0.4083333333333333 0.1025 0.13666666666666666
0 0.360625 0.29791666666666666 0.10375 0.13916666666666666
0 0.3240625 0.5616666666666666 0.108125 0.14333333333333334
0 0.215625 0.2975 0.0925 0.12333333333333334
0 0.4790625 0.19125 0.101875 0.13583333333333333
0 0.54625 0.8008333333333333 0.11125 0.14833333333333334
0 0.17625 0.9370833333333334 0.09 0.12083333333333333
0 0.06625 0.5916666666666667 0.0925 0.12333333333333334
0 0.068125 0.44583333333333336 0.0975 0.13
0 0.3603125 0.9283333333333333 0.103125 0.13833333333333334
0 0.2503125 0.69875 0.085625 0.11416666666666667
0 0.1396875 0.4920833333333333 0.093125 0.12416666666666666
1 0.15875 0.6033333333333334 0.11125 0.14833333333333334
0 0.8115625 0.10791666666666666 0.099375 0.1325
0 0.5078125 0.49041666666666667 0.099375 0.1325
0 0.65625 0.09208333333333334 0.10125 0.13583333333333333
0 0.1865625 0.48041666666666666 0.079375 0.10583333333333333
0 0.3134375 0.7045833333333333 0.101875 0.13583333333333333
0 0.5953125 0.11333333333333333 0.096875 0.12833333333333333
0 0.450625 0.24833333333333332 0.10125 0.135
0 0.2653125 0.78125 0.098125 0.13083333333333333
0 0.805 0.3175 0.1175 0.15666666666666668
0 0.1846875 0.6783333333333333 0.086875 0.115
0 0.205 0.8466666666666667 0.0975 0.13
0 0.72625 0.44333333333333336 0.11125 0.14833333333333334
0 0.245 0.8941666666666667 0.0925 0.12333333333333334
0 0.419375 0.21208333333333335 0.1125 0.14916666666666667
0 0.6521875 0.59375 0.113125 0.15083333333333335
0 0.8490625 0.14625 0.095625 0.1275
0 0.130625 0.5429166666666667 0.0975 0.12916666666666668
0 0.1384375 0.6945833333333333 0.091875 0.1225
0 0.1190625 0.6258333333333334 0.083125 0.11
0 0.788125 0.7320833333333333 0.09375 0.12416666666666666
0 0.6165625 0.52625 0.090625 0.12083333333333333
0 0.2659375 0.8095833333333333 0.094375 0.12583333333333332
0 0.4784375 0.9295833333333333 0.089375 0.11916666666666667
0 0.4809375 0.8966666666666666 0.100625 0.13333333333333333
0 0.1096875 0.7233333333333334 0.080625 0.10833333333333334