0 0.3925 0.36 0.0625 0.08333333333333333
1 0.2584375 0.3695833333333333 0.084375 0.10083333333333333
0 0.81125 0.7966666666666666 0.07125 0.09833333333333333
0 0.55625 0.09833333333333333 0.06375 0.085
0 0.399375 0.65875 0.065 0.0825
0 0.5365625 0.28208333333333335 0.073125 0.0875
0 0.295625 0.6995833333333333 0.06375 0.0875
0 0.818125 0.6675 0.06375 0.085
0 0.244375 0.83125 0.05875 0.0775
0 0.6584375 0.07333333333333333 0.060625 0.08
0 0.5015625 0.18625 0.070625 0.0975
0 0.4390625 0.90125 0.069375 0.0975
0 0.4840625 0.46416666666666667 0.061875 0.08
0 0.3384375 0.6266666666666667 0.058125 0.08166666666666667
0 0.2859375 0.88 0.065625 0.09666666666666666
0 0.470625 0.7166666666666667 0.065 0.085
0 0.1665625 0.335 0.073125 0.08666666666666667
0 0.2646875 0.6204166666666666 0.071875 0.09083333333333334
0 0.7775 0.28583333333333333 0.0675 0.09166666666666666
0 0.6696875 0.7129166666666666 0.064375 0.0925
0 0.425 0.5716666666666667 0.06625 0.09666666666666666
0 0.2778125 0.13083333333333333 0.064375 0.08333333333333333
0 0.52625 0.76125 0.06875 0.07916666666666666
0 0.2140625 0.47375 0.071875 0.09416666666666666
0 0.355 0.47 0.06875 0.08333333333333333
0 0.6153125 0.3745833333333333 0.075625 0.07916666666666666
0 0.5296875 0.84625 0.068125 0.07583333333333334
0 0.531875 0.9208333333333333 0.055 0.08333333333333333
0 0.7459375 0.09458333333333334 0.064375 0.0875
0 0.7909375 0.09875 0.064375 0.08583333333333333
0 0.585625 0.92625 0.0575 0.1125
0 0.5825 0.9541666666666667 0.0725 0.085
0 0.57625 0.8104166666666667 0.0625 0.0825
0 0.3278125 0.5495833333333333 0.074375 0.0875
0 0.5115625 0.67625 0.075625 0.09583333333333334
0 0.83875 0.3204166666666667 0.06875 0.08583333333333333
0 0.5390625 0.56875 0.064375 0.0975
0 0.4759375 0.0675 0.081875 0.08666666666666667
0 0.4946875 0.5966666666666667 0.076875 0.08333333333333333
0 0.594375 0.595 0.0625 0.115
0 0.6321875 0.6604166666666667 0.085625 0.10083333333333333
0 0.79125 0.1625 0.06375 0.06166666666666667
0 0.8053125 0.25583333333333336 0.069375 0.085