0 0.6109375 0.7354166666666667 0.096875 0.12916666666666668
0 0.084375 0.53625 0.08875 0.11916666666666667
0 0.7221875 0.6195833333333334 0.108125 0.14416666666666667
0 0.3865625 0.5495833333333333 0.090625 0.12083333333333333
0 0.5125 0.09291666666666666 0.09625 0.1275
0 0.435625 0.5745833333333333 0.1 0.1325
0 0.4615625 0.7304166666666667 0.099375 0.1325
0 0.6828125 0.7325 0.088125 0.11833333333333333
0 0.24125 0.6341666666666667 0.0925 0.12333333333333334
0 0.44375 0.8170833333333334 0.09 0.11916666666666667
0 0.509375 0.7929166666666667 0.08625 0.11416666666666667
0 0.6 0.45125 0.085 0.11416666666666667
0 0.7553125 0.7129166666666666 0.091875 0.1225
0 0.0884375 0.7554166666666666 0.093125 0.12416666666666666
0 0.5690625 0.8145833333333333 0.100625 0.13416666666666666
0 0.50875 0.6608333333333334 0.1025 0.13666666666666666
0 0.811875 0.6754166666666667 0.11 0.1475
0 0.514375 0.44958333333333333 0.09 0.12083333333333333
0 0.5615625 0.48541666666666666 0.089375 0.11916666666666667
0 0.6534375 0.49333333333333335 0.088125 0.11833333333333333
0 0.586875 0.08083333333333333 0.115 0.15333333333333332
0 0.37625 0.8466666666666667 0.105 0.14
0 0.83 0.18291666666666667 0.10125 0.13583333333333333
0 0.704375 0.835 0.09375 0.125
0 0.35 0.6379166666666667 0.08875 0.11916666666666667
0 0.345 0.8 0.09125 0.12166666666666667
0 0.1540625 0.6929166666666666 0.096875 0.12916666666666668
0 0.160625 0.90625 0.09375 0.12583333333333332
0 0.300625 0.6033333333333334 0.09875 0.13166666666666665
0 0.8171875 0.12708333333333333 0.109375 0.14583333333333334
0 0.2896875 0.7754166666666666 0.095625 0.1275
0 0.3090625 0.47291666666666665 0.098125 0.13083333333333333
0 0.2284375 0.8766666666666667 0.101875 0.13666666666666666
0 0.6084375 0.24 0.095625 0.12666666666666668
0 0.1378125 0.83875 0.109375 0.14583333333333334
0 0.058125 0.4825 0.1075 0.14333333333333334
0 0.7978125 0.2866666666666667 0.115625 0.15333333333333332
0 0.2609375 0.8304166666666667 0.105625 0.14083333333333334
0 0.34125 0.7245833333333334 0.09625 0.1275
0 0.4134375 0.41 0.104375 0.14
0 0.3071875 0.19458333333333333 0.103125 0.1375
0 0.52125 0.33541666666666664 0.11125 0.14916666666666667
0 0.9209375 0.5329166666666667 0.094375 0.12583333333333332
0 0.6603125 0.2916666666666667 0.103125 0.13833333333333334
0 0.1928125 0.51 0.098125 0.13
0 0.315 0.36875 0.09 0.11916666666666667
0 0.729375 0.375 0.09625 0.12833333333333333
0 0.715 0.25333333333333335 0.11875 0.15833333333333333
0 0.62625 0.9275 0.10625 0.14166666666666666
0 0.5659375 0.30291666666666667 0.095625 0.1275
0 0.2096875 0.25583333333333336 0.100625 0.135
0 0.3440625 0.41041666666666665 0.083125 0.11083333333333334
0 0.5440625 0.2175 0.103125 0.13833333333333334
0 0.4834375 0.20583333333333334 0.099375 0.13166666666666665
0 0.33875 0.22916666666666666 0.10375 0.13833333333333334
0 0.2290625 0.6966666666666667 0.109375 0.14666666666666667
0 0.175625 0.5683333333333334 0.09375 0.125
0 0.220625 0.4216666666666667 0.10875 0.145
0 0.3484375 0.30583333333333335 0.121875 0.16333333333333333
0 0.874375 0.6375 0.1075 0.14333333333333334
0 0.1528125 0.6191666666666666 0.099375 0.13166666666666665
0 0.439375 0.42833333333333334 0.10625 0.14166666666666666
0 0.6871875 0.40708333333333335 0.090625 0.12083333333333333
0 0.3903125 0.3875 0.088125 0.11666666666666667
0 0.0821875 0.6866666666666666 0.111875 0.15
0 0.6578125 0.24208333333333334 0.113125 0.15083333333333335
0 0.2415625 0.21375 0.118125 0.1575
1 0.8546875 0.5720833333333334 0.103125 0.1375
0 0.41125 0.19 0.11125 0.14833333333333334
0 0.195 0.37833333333333335 0.10125 0.135
0 0.1584375 0.4033333333333333 0.113125 0.15
0 0.390625 0.7258333333333333 0.09875 0.13166666666666665
0 0.52 0.20208333333333334 0.10875 0.14416666666666667