0 0.918125 0.5245833333333333 0.09625 0.12916666666666668
0 0.8215625 0.5429166666666667 0.093125 0.12416666666666666
0 0.7203125 0.8854166666666666 0.100625 0.13416666666666666
0 0.54 0.90375 0.10125 0.13583333333333333
0 0.1903125 0.5370833333333334 0.096875 0.12916666666666668
0 0.1065625 0.36291666666666667 0.094375 0.12583333333333332
0 0.8765625 0.7575 0.096875 0.12833333333333333
0 0.0553125 0.49041666666666667 0.103125 0.1375
0 0.1934375 0.3925 0.099375 0.13166666666666665
0 0.3146875 0.72375 0.096875 0.12916666666666668
0 0.574375 0.6725 0.11375 0.15166666666666667
1 0.209375 0.6883333333333334 0.1075 0.14333333333333334
0 0.091875 0.22416666666666665 0.09375 0.125
0 0.3765625 0.4370833333333333 0.093125 0.12416666666666666
0 0.663125 0.5375 0.10875 0.145
0 0.634375 0.19958333333333333 0.1075 0.1425
0 0.670625 0.2579166666666667 0.1075 0.1425
0 0.405 0.22416666666666665 0.1 0.13333333333333333
0 0.59625 0.24083333333333334 0.1025 0.13666666666666666