0 0.18 0.25125 0.07875 0.09083333333333334
0 0.52625 0.25125 0.06875 0.0975
0 0.2446875 0.7925 0.069375 0.10166666666666667
0 0.5203125 0.12541666666666668 0.058125 0.08583333333333333
0 0.7440625 0.19166666666666668 0.069375 0.08666666666666667
0 0.7125 0.3879166666666667 0.06375 0.09583333333333334
0 0.23375 0.38666666666666666 0.06625 0.1
0 0.365 0.74125 0.08125 0.1025
0 0.5321875 0.34958333333333336 0.068125 0.10583333333333333
0 0.3440625 0.08458333333333333 0.066875 0.09416666666666666
0 0.545 0.805 0.07875 0.11166666666666666
0 0.268125 0.105 0.07875 0.10333333333333333
0 0.3984375 0.68875 0.071875 0.1075
0 0.211875 0.9166666666666666 0.07125 0.09333333333333334
0 0.81 0.16625 0.07 0.1025
0 0.2271875 0.24625 0.068125 0.10416666666666667
0 0.414375 0.5954166666666667 0.07 0.09083333333333334
0 0.6009375 0.43583333333333335 0.056875 0.08166666666666667
0 0.21125 0.15125 0.07 0.09583333333333334
0 0.7240625 0.9029166666666667 0.060625 0.09583333333333334
0 0.6984375 0.50875 0.056875 0.07916666666666666
0 0.7946875 0.6283333333333333 0.076875 0.10333333333333333
0 0.4690625 0.2875 0.064375 0.07833333333333334
0 0.4703125 0.3825 0.070625 0.105
0 0.3996875 0.88 0.070625 0.09166666666666666
0 0.796875 0.71875 0.06125 0.0975
0 0.3678125 0.9204166666666667 0.075625 0.0975
0 0.546875 0.4429166666666667 0.0525 0.08583333333333333
0 0.775 0.30416666666666664 0.06375 0.09166666666666666
0 0.38625 0.21208333333333335 0.07 0.10083333333333333
1 0.1953125 0.4866666666666667 0.086875 0.09666666666666666
0 0.18125 0.67 0.075 0.11
1 0.8109375 0.48791666666666667 0.086875 0.09083333333333334
0 0.701875 0.13291666666666666 0.06875 0.08916666666666667
0 0.799375 0.05458333333333333 0.0525 0.07916666666666666
0 0.819375 0.5541666666666667 0.0575 0.07166666666666667
0 0.595 0.5958333333333333 0.07125 0.095
0 0.225625 0.67125 0.08 0.10083333333333333
0 0.44875 0.16666666666666666 0.07125 0.09333333333333334
0 0.6296875 0.4083333333333333 0.061875 0.09166666666666666
0 0.82125 0.8970833333333333 0.06375 0.1025
0 0.4675 0.0825 0.06625 0.07333333333333333
0 0.6584375 0.43875 0.064375 0.09916666666666667
0 0.623125 0.5033333333333333 0.06375 0.08166666666666667
0 0.4603125 0.715 0.063125 0.09
1 0.66625 0.6829166666666666 0.085 0.1025
0 0.2896875 0.64625 0.069375 0.08916666666666667
0 0.4946875 0.47708333333333336 0.055625 0.08916666666666667
0 0.29 0.21125 0.06125 0.08083333333333333
0 0.7678125 0.5341666666666667 0.050625 0.08
0 0.718125 0.5770833333333333 0.06125 0.08916666666666667
0 0.7671875 0.9475 0.063125 0.08166666666666667
0 0.7521875 0.81375 0.075625 0.09416666666666666
0 0.589375 0.76375 0.05875 0.0875
0 0.45125 0.22083333333333333 0.08 0.09833333333333333
0 0.489375 0.5954166666666667 0.06125 0.08416666666666667
0 0.4190625 0.10166666666666667 0.070625 0.095
0 0.351875 0.6533333333333333 0.0575 0.08166666666666667
1 0.7053125 0.2841666666666667 0.083125 0.10833333333333334
0 0.27375 0.87375 0.0575 0.0825
0 0.27875 0.9141666666666667 0.06375 0.08333333333333333
0 0.479375 0.63375 0.06 0.08583333333333333
0 0.489375 0.5033333333333333 0.05625 0.08166666666666667
0 0.66 0.5666666666666667 0.055 0.08
0 0.6584375 0.6129166666666667 0.063125 0.0875
0 0.8003125 0.31125 0.068125 0.0925
0 0.8384375 0.3304166666666667 0.066875 0.0925
0 0.8215625 0.37625 0.070625 0.08416666666666667
0 0.7271875 0.6841666666666667 0.061875 0.09833333333333333
0 0.38375 0.14625 0.04875 0.0725
0 0.3346875 0.6925 0.065625 0.10666666666666667