0 0.5915625 0.7554166666666666 0.109375 0.14583333333333334
0 0.0625 0.2525 0.0925 0.12333333333333334
0 0.8825 0.6375 0.10125 0.135
0 0.17625 0.2945833333333333 0.10375 0.1375
0 0.5915625 0.4775 0.109375 0.14666666666666667
0 0.701875 0.7858333333333334 0.1 0.13333333333333333
0 0.675 0.14541666666666667 0.10625 0.1425
0 0.453125 0.6279166666666667 0.10125 0.13416666666666666
0 0.45625 0.2225 0.1175 0.15666666666666668
0 0.8384375 0.3975 0.103125 0.13666666666666666
0 0.6253125 0.3475 0.096875 0.13
0 0.456875 0.775 0.10125 0.135
0 0.8378125 0.6304166666666666 0.099375 0.1325
0 0.70375 0.25583333333333336 0.10875 0.145
0 0.7178125 0.7 0.106875 0.14166666666666666
0 0.2240625 0.24 0.108125 0.14333333333333334
0 0.6215625 0.91875 0.111875 0.14916666666666667
0 0.5515625 0.23708333333333334 0.109375 0.14583333333333334
0 0.29875 0.6058333333333333 0.095 0.12666666666666668
0 0.524375 0.8533333333333334 0.11 0.14666666666666667
0 0.3884375 0.38958333333333334 0.111875 0.14916666666666667
0 0.2665625 0.7579166666666667 0.099375 0.1325
0 0.7515625 0.31166666666666665 0.108125 0.14333333333333334
0 0.215625 0.4725 0.09 0.12
0 0.6384375 0.2554166666666667 0.113125 0.15083333333333335
0 0.954375 0.5066666666666667 0.0875 0.11666666666666667
0 0.4909375 0.07708333333333334 0.104375 0.13916666666666666
0 0.5515625 0.4741666666666667 0.111875 0.14833333333333334
0 0.80625 0.2575 0.10625 0.14166666666666666
0 0.73125 0.4116666666666667 0.11875 0.15833333333333333
0 0.904375 0.5479166666666667 0.1025 0.1375
0 0.1228125 0.1725 0.111875 0.15
0 0.3425 0.5254166666666666 0.1075 0.1425
0 0.5353125 0.3729166666666667 0.104375 0.13916666666666666
0 0.601875 0.2925 0.1075 0.14333333333333334
0 0.404375 0.5433333333333333 0.1225 0.16333333333333333
0 0.5 0.42083333333333334 0.1175 0.15666666666666668
0 0.850625 0.45875 0.11 0.14583333333333334
0 0.41125 0.6875 0.1 0.13333333333333333
0 0.169375 0.62 0.11 0.14666666666666667
0 0.158125 0.5133333333333333 0.095 0.12666666666666668
0 0.3953125 0.4504166666666667 0.123125 0.16416666666666666
0 0.1053125 0.6120833333333333 0.109375 0.14583333333333334
0 0.19 0.7379166666666667 0.1075 0.1425
0 0.263125 0.6770833333333334 0.115 0.1525
0 0.5346875 0.29 0.110625 0.14666666666666667
0 0.3840625 0.6125 0.090625 0.12166666666666667
0 0.2571875 0.41375 0.115625 0.15416666666666667
0 0.2528125 0.485 0.099375 0.13333333333333333
0 0.288125 0.5520833333333334 0.10125 0.13583333333333333
0 0.2384375 0.5925 0.109375 0.145
0 0.2096875 0.6070833333333333 0.095625 0.1275
0 0.1340625 0.5445833333333333 0.104375 0.13916666666666666