1 0.551875 0.3441666666666667 0.07875 0.11666666666666667
0 0.7090625 0.38875 0.074375 0.09583333333333334
0 0.60875 0.8575 0.07875 0.1
0 0.79625 0.56125 0.0775 0.10416666666666667
0 0.4134375 0.20125 0.074375 0.1025
0 0.4334375 0.8045833333333333 0.069375 0.0975
0 0.649375 0.6154166666666666 0.075 0.08916666666666667
0 0.2584375 0.6254166666666666 0.080625 0.0925
0 0.743125 0.4875 0.0775 0.10166666666666667
0 0.164375 0.36 0.07375 0.10166666666666667
0 0.305 0.22875 0.0725 0.09916666666666667
0 0.733125 0.6995833333333333 0.08 0.11916666666666667
0 0.0690625 0.26 0.080625 0.10166666666666667
0 0.7971875 0.8341666666666666 0.061875 0.08166666666666667
0 0.8471875 0.4666666666666667 0.079375 0.10166666666666667
0 0.733125 0.8891666666666667 0.0875 0.10166666666666667
0 0.586875 0.6875 0.085 0.11166666666666666
0 0.29125 0.36 0.0675 0.12
0 0.1753125 0.58625 0.081875 0.10416666666666667
0 0.7575 0.19458333333333333 0.0775 0.08583333333333333
0 0.855 0.6308333333333334 0.0775 0.105
0 0.4621875 0.6529166666666667 0.076875 0.09583333333333334
0 0.3884375 0.09583333333333334 0.064375 0.10333333333333333
0 0.96 0.395 0.0675 0.09833333333333333
0 0.5284375 0.205 0.074375 0.095
0 0.649375 0.9433333333333334 0.0675 0.08833333333333333
0 0.308125 0.09958333333333333 0.0675 0.11083333333333334
0 0.8259375 0.40791666666666665 0.061875 0.0925
0 0.74625 0.2675 0.0775 0.105
0 0.89125 0.39958333333333335 0.06625 0.12916666666666668
0 0.2271875 0.2925 0.074375 0.1
0 0.704375 0.30666666666666664 0.07875 0.10333333333333333
0 0.233125 0.3525 0.07 0.09833333333333333
0 0.51375 0.08208333333333333 0.09375 0.07916666666666666
0 0.503125 0.125 0.085 0.09