0 0.0896875 0.12 0.058125 0.08166666666666667
0 0.6790625 0.36666666666666664 0.066875 0.09166666666666666
0 0.1475 0.8320833333333333 0.06375 0.10416666666666667
0 0.16125 0.10458333333333333 0.05375 0.1125
0 0.48375 0.28375 0.0625 0.08083333333333333
0 0.2078125 0.2825 0.061875 0.09166666666666666
0 0.17125 0.5308333333333334 0.065 0.09
0 0.1125 0.5029166666666667 0.055 0.0875
0 0.80875 0.4508333333333333 0.0675 0.09
0 0.7759375 0.9483333333333334 0.069375 0.09166666666666666
0 0.638125 0.86125 0.0675 0.08916666666666667
0 0.4559375 0.7108333333333333 0.068125 0.08666666666666667
0 0.0540625 0.26875 0.064375 0.09416666666666666
0 0.250625 0.24166666666666667 0.065 0.09833333333333333
0 0.955625 0.24958333333333332 0.06375 0.09083333333333334
0 0.8634375 0.8716666666666667 0.068125 0.10166666666666667
0 0.680625 0.225 0.07375 0.08333333333333333
0 0.053125 0.48833333333333334 0.06875 0.09333333333333334
0 0.4890625 0.16416666666666666 0.071875 0.08166666666666667
0 0.7484375 0.7475 0.071875 0.09
0 0.6471875 0.94125 0.069375 0.09583333333333334
0 0.8271875 0.8016666666666666 0.066875 0.09833333333333333
0 0.931875 0.54 0.06125 0.075
0 0.391875 0.7658333333333334 0.07375 0.09333333333333334
0 0.9096875 0.0725 0.065625 0.095
0 0.5196875 0.8 0.060625 0.1
0 0.3440625 0.5116666666666667 0.073125 0.08666666666666667
0 0.40375 0.8208333333333333 0.0725 0.08166666666666667
0 0.7840625 0.63125 0.060625 0.09583333333333334
0 0.783125 0.19583333333333333 0.05625 0.07833333333333334
0 0.6675 0.5345833333333333 0.0725 0.1125
0 0.3840625 0.5491666666666667 0.068125 0.10666666666666667
0 0.9640625 0.6241666666666666 0.070625 0.1
0 0.728125 0.54375 0.0575 0.1075
0 0.518125 0.6533333333333333 0.06375 0.09833333333333333
0 0.2096875 0.145 0.110625 0.09166666666666666
0 0.624375 0.7225 0.05625 0.095
0 0.0309375 0.051666666666666666 0.059375 0.08833333333333333
0 0.1834375 0.7870833333333334 0.059375 0.12083333333333333
0 0.4996875 0.6525 0.061875 0.07833333333333334
0 0.301875 0.30833333333333335 0.07625 0.08166666666666667
1 0.318125 0.37416666666666665 0.10875 0.11833333333333333
0 0.7475 0.11041666666666666 0.06625 0.10916666666666666
0 0.79125 0.13083333333333333 0.075 0.07833333333333334
0 0.446875 0.5775 0.075 0.09666666666666666
0 0.576875 0.68625 0.05875 0.07583333333333334
0 0.1071875 0.9 0.050625 0.13
0 0.93875 0.9554166666666667 0.06625 0.08583333333333333
0 0.59 0.7966666666666666 0.05625 0.07666666666666666
0 0.863125 0.057916666666666665 0.0725 0.11416666666666667