0 0.764375 0.5541666666666667 0.0775 0.10666666666666667
1 0.525 0.41083333333333333 0.08125 0.14833333333333334
0 0.734375 0.7554166666666666 0.0775 0.0975
0 0.7584375 0.65 0.063125 0.08833333333333333
0 0.5621875 0.6616666666666666 0.076875 0.10166666666666667
0 0.223125 0.15625 0.08 0.1025
0 0.4978125 0.6945833333333333 0.075625 0.10416666666666667
0 0.3559375 0.7004166666666667 0.074375 0.10416666666666667
0 0.330625 0.32166666666666666 0.07625 0.09666666666666666
0 0.378125 0.5375 0.08375 0.11833333333333333
0 0.1971875 0.6008333333333333 0.085625 0.11
0 0.60875 0.2 0.07625 0.11166666666666666
0 0.8296875 0.33916666666666667 0.084375 0.11666666666666667
0 0.1828125 0.7591666666666667 0.083125 0.10333333333333333
0 0.78625 0.39791666666666664 0.07375 0.0925
0 0.499375 0.5775 0.0725 0.09666666666666666
0 0.81375 0.4820833333333333 0.07375 0.10083333333333333
0 0.665 0.4554166666666667 0.0825 0.0975
0 0.34625 0.07625 0.0775 0.10416666666666667
1 0.611875 0.71125 0.10625 0.11583333333333333
0 0.485625 0.26375 0.09 0.07583333333333334
0 0.5121875 0.18583333333333332 0.070625 0.1
0 0.5371875 0.17666666666666667 0.063125 0.085