0 0.408125 0.8654166666666666 0.07625 0.09916666666666667
0 0.493125 0.9370833333333334 0.07 0.0975
0 0.58375 0.43333333333333335 0.08125 0.09166666666666666
0 0.1315625 0.059583333333333335 0.068125 0.1025
0 0.058125 0.2708333333333333 0.06 0.09
0 0.625 0.33125 0.08 0.10416666666666667
0 0.3965625 0.19416666666666665 0.075625 0.09333333333333334
0 0.75375 0.7125 0.0775 0.095
0 0.1425 0.55875 0.07 0.10083333333333333
0 0.3328125 0.05416666666666667 0.081875 0.1
0 0.9134375 0.08 0.073125 0.1
0 0.688125 0.5 0.07375 0.09666666666666666
0 0.0596875 0.7595833333333334 0.074375 0.09916666666666667
0 0.8359375 0.5341666666666667 0.073125 0.09833333333333333
0 0.365 0.46125 0.0675 0.0925
0 0.1246875 0.17 0.073125 0.10833333333333334
0 0.5146875 0.3275 0.078125 0.10833333333333334
0 0.6890625 0.2704166666666667 0.079375 0.0975
0 0.33875 0.38083333333333336 0.08375 0.11
0 0.723125 0.81875 0.0775 0.09916666666666667
0 0.5484375 0.5441666666666667 0.074375 0.10166666666666667
0 0.9065625 0.7870833333333334 0.086875 0.0925
0 0.9090625 0.43 0.081875 0.10666666666666667
0 0.76125 0.10708333333333334 0.0775 0.0975
0 0.7834375 0.45958333333333334 0.074375 0.0975
0 0.2703125 0.89125 0.073125 0.09916666666666667
0 0.8859375 0.15708333333333332 0.073125 0.09916666666666667
0 0.3315625 0.89375 0.068125 0.10083333333333333
0 0.6078125 0.5916666666666667 0.083125 0.10666666666666667
0 0.630625 0.9079166666666667 0.0775 0.0925
0 0.1859375 0.7766666666666666 0.070625 0.09333333333333334
0 0.17625 0.27625 0.0725 0.09916666666666667
0 0.0575 0.4175 0.07 0.10333333333333333
0 0.6678125 0.6466666666666666 0.075625 0.09166666666666666
0 0.85375 0.22083333333333333 0.0775 0.10166666666666667
0 0.1496875 0.945 0.061875 0.085
0 0.6171875 0.8754166666666666 0.070625 0.09916666666666667
0 0.366875 0.5504166666666667 0.07875 0.0975
0 0.54125 0.67 0.06 0.06833333333333333
0 0.795 0.8854166666666666 0.075 0.1025
0 0.9375 0.3416666666666667 0.07375 0.11
0 0.2965625 0.7583333333333333 0.068125 0.085
0 0.12875 0.7291666666666666 0.06125 0.10666666666666667