0 0.8396875 0.5445833333333333 0.090625 0.12083333333333333
0 0.7046875 0.7445833333333334 0.098125 0.13083333333333333
0 0.7803125 0.27875 0.083125 0.11083333333333334
0 0.3571875 0.07125 0.090625 0.12083333333333333
0 0.2125 0.6241666666666666 0.08375 0.11166666666666666
0 0.8353125 0.6629166666666667 0.096875 0.12916666666666668
0 0.766875 0.8829166666666667 0.09625 0.1275
0 0.7503125 0.3929166666666667 0.088125 0.1175
0 0.325 0.38708333333333333 0.0875 0.11583333333333333
0 0.3903125 0.5595833333333333 0.085625 0.11416666666666667
0 0.7365625 0.21875 0.094375 0.12583333333333332
0 0.678125 0.19333333333333333 0.0925 0.12333333333333334
0 0.376875 0.325 0.1 0.13333333333333333
0 0.52 0.8 0.09125 0.12166666666666667
0 0.2975 0.7391666666666666 0.08125 0.10833333333333334
0 0.084375 0.22291666666666668 0.0925 0.12416666666666666
0 0.815 0.35333333333333333 0.09125 0.12166666666666667
0 0.636875 0.8429166666666666 0.0975 0.13083333333333333
0 0.829375 0.445 0.09375 0.125
0 0.8471875 0.8004166666666667 0.086875 0.11583333333333333
0 0.2596875 0.55625 0.085625 0.11416666666666667
0 0.8909375 0.59875 0.088125 0.1175
0 0.161875 0.20375 0.09375 0.12583333333333332
0 0.519375 0.12083333333333333 0.0925 0.12333333333333334
0 0.4903125 0.26875 0.098125 0.13083333333333333
0 0.45875 0.5791666666666667 0.08875 0.11833333333333333
0 0.894375 0.5004166666666666 0.0925 0.12416666666666666
0 0.4 0.13541666666666666 0.0975 0.12916666666666668
0 0.4640625 0.33125 0.084375 0.1125
0 0.8834375 0.7279166666666667 0.084375 0.1125
0 0.6096875 0.47541666666666665 0.094375 0.12583333333333332
0 0.761875 0.7066666666666667 0.0925 0.12333333333333334
0 0.3978125 0.88375 0.091875 0.1225
0 0.344375 0.17791666666666667 0.09625 0.1275
0 0.800625 0.81375 0.0925 0.12416666666666666
0 0.9225 0.8133333333333334 0.1 0.13333333333333333
0 0.75375 0.6191666666666666 0.09625 0.12833333333333333
0 0.3759375 0.4454166666666667 0.084375 0.1125
0 0.6721875 0.4995833333333333 0.098125 0.13083333333333333
0 0.4596875 0.40708333333333335 0.089375 0.11916666666666667
0 0.3396875 0.7975 0.091875 0.12166666666666667
0 0.629375 0.405 0.09125 0.12166666666666667
0 0.386875 0.24458333333333335 0.09125 0.12083333333333333
0 0.95125 0.6433333333333333 0.085 0.11333333333333333
0 0.1509375 0.6375 0.083125 0.11
0 0.2525 0.45416666666666666 0.08375 0.11166666666666666
0 0.4421875 0.7445833333333334 0.084375 0.1125
0 0.2434375 0.69375 0.086875 0.11583333333333333
0 0.638125 0.0875 0.0825 0.11
0 0.6575 0.6508333333333334 0.10375 0.13833333333333334
0 0.534375 0.7145833333333333 0.095 0.12583333333333332
0 0.1190625 0.4508333333333333 0.089375 0.11833333333333333
0 0.509375 0.5195833333333333 0.1 0.13416666666666666
0 0.69125 0.8166666666666667 0.09 0.12
0 0.5803125 0.10333333333333333 0.095625 0.12833333333333333
0 0.9259375 0.43125 0.096875 0.12916666666666668
0 0.9184375 0.6783333333333333 0.104375 0.13833333333333334
0 0.6525 0.33666666666666667 0.0775 0.10333333333333333
0 0.726875 0.845 0.08875 0.11833333333333333
0 0.29875 0.28375 0.0925 0.1225