0 0.2103125 0.9295833333333333 0.094375 0.12583333333333332
0 0.7159375 0.36791666666666667 0.089375 0.11916666666666667
0 0.5940625 0.9120833333333334 0.104375 0.13916666666666666
0 0.7771875 0.39875 0.094375 0.12583333333333332
0 0.77375 0.72875 0.09125 0.1225
0 0.51125 0.5541666666666667 0.09125 0.12166666666666667
0 0.789375 0.48625 0.08875 0.1175
0 0.266875 0.8804166666666666 0.0875 0.1175
0 0.1853125 0.59625 0.099375 0.1325
0 0.8484375 0.3695833333333333 0.104375 0.13916666666666666
0 0.33625 0.2504166666666667 0.09125 0.12083333333333333
0 0.6428125 0.49916666666666665 0.089375 0.11833333333333333
0 0.83375 0.5954166666666667 0.0975 0.13083333333333333
0 0.22375 0.6358333333333334 0.0925 0.12333333333333334
0 0.1221875 0.54125 0.089375 0.11916666666666667
0 0.2228125 0.8125 0.093125 0.12333333333333334
0 0.2909375 0.7395833333333334 0.099375 0.1325
0 0.06625 0.5 0.09 0.12
0 0.716875 0.4820833333333333 0.07875 0.10416666666666667
0 0.0459375 0.75625 0.079375 0.10583333333333333
0 0.7075 0.6983333333333334 0.08625 0.115
0 0.255625 0.25125 0.09625 0.12916666666666668
0 0.4184375 0.8304166666666667 0.090625 0.12083333333333333
0 0.328125 0.35208333333333336 0.09375 0.12416666666666666
0 0.625625 0.7145833333333333 0.1 0.13416666666666666
0 0.4615625 0.6116666666666667 0.083125 0.11166666666666666
0 0.7640625 0.6420833333333333 0.081875 0.10916666666666666
0 0.488125 0.12125 0.07875 0.10416666666666667
0 0.6590625 0.3329166666666667 0.091875 0.1225
0 0.4728125 0.47375 0.090625 0.12083333333333333
0 0.36625 0.7204166666666667 0.09625 0.1275
0 0.0678125 0.6595833333333333 0.080625 0.1075
0 0.1509375 0.9029166666666667 0.086875 0.11583333333333333
0 0.84625 0.5416666666666666 0.08875 0.11833333333333333
0 0.3234375 0.44666666666666666 0.088125 0.11833333333333333
0 0.1934375 0.26166666666666666 0.085625 0.115
0 0.3459375 0.91875 0.076875 0.1025
0 0.73625 0.5766666666666667 0.09 0.12
0 0.3809375 0.17958333333333334 0.084375 0.1125
0 0.8921875 0.15625 0.090625 0.12083333333333333
0 0.839375 0.2725 0.0875 0.11666666666666667
0 0.255 0.5225 0.0925 0.12333333333333334
0 0.3803125 0.5504166666666667 0.090625 0.12083333333333333
0 0.9428125 0.23041666666666666 0.089375 0.11916666666666667
0 0.4046875 0.6741666666666667 0.086875 0.115
0 0.3253125 0.8395833333333333 0.085625 0.11416666666666667
0 0.220625 0.7604166666666666 0.08625 0.11583333333333333
0 0.4178125 0.5429166666666667 0.080625 0.1075
0 0.6759375 0.64625 0.104375 0.13916666666666666
0 0.848125 0.07416666666666667 0.09125 0.12166666666666667
0 0.495 0.8141666666666667 0.07375 0.09833333333333333
0 0.41875 0.6083333333333333 0.075 0.1
0 0.408125 0.7291666666666666 0.09625 0.12833333333333333
1 0.4128125 0.1475 0.116875 0.155
0 0.7484375 0.255 0.068125 0.09
0 0.5796875 0.13958333333333334 0.075625 0.10083333333333333
0 0.8809375 0.18833333333333332 0.083125 0.11166666666666666
0 0.753125 0.6141666666666666 0.08125 0.10833333333333334
0 0.66375 0.61375 0.07625 0.1025
0 0.646875 0.5875 0.08125 0.10833333333333334
0 0.7015625 0.49875 0.079375 0.10583333333333333
0 0.550625 0.06125 0.08375 0.1125
0 0.5553125 0.09625 0.088125 0.1175
0 0.478125 0.0875 0.08875 0.11833333333333333
0 0.230625 0.51625 0.09125 0.12083333333333333
0 0.44125 0.4533333333333333 0.0775 0.10333333333333333
0 0.43375 0.41 0.08125 0.10833333333333334
0 0.0525 0.6370833333333333 0.08125 0.10916666666666666
0 0.3578125 0.46375 0.083125 0.11083333333333334
0 0.3128125 0.3425 0.075625 0.1
0 0.49 0.7816666666666666 0.08125 0.10833333333333334
0 0.3359375 0.8925 0.089375 0.12
0 0.1978125 0.7375 0.088125 0.11666666666666667