0 0.85125 0.16041666666666668 0.11125 0.14916666666666667
0 0.4390625 0.5958333333333333 0.091875 0.12333333333333334
0 0.371875 0.62 0.1075 0.14333333333333334
0 0.703125 0.0725 0.0975 0.13
0 0.894375 0.21375 0.10125 0.13583333333333333
0 0.12 0.6533333333333333 0.10875 0.145
0 0.105 0.48583333333333334 0.1075 0.14333333333333334
0 0.9159375 0.5220833333333333 0.111875 0.14916666666666667
0 0.5265625 0.1425 0.104375 0.13833333333333334
0 0.181875 0.6041666666666666 0.1 0.13333333333333333
0 0.6696875 0.62 0.109375 0.14666666666666667
0 0.7625 0.6966666666666667 0.1 0.13333333333333333
0 0.334375 0.33916666666666667 0.11 0.14666666666666667
0 0.27 0.455 0.1075 0.14333333333333334
0 0.5175 0.6279166666666667 0.0975 0.13083333333333333
0 0.4059375 0.30625 0.113125 0.15083333333333335
0 0.78125 0.4320833333333333 0.115 0.15416666666666667
0 0.7896875 0.07125 0.101875 0.13583333333333333
0 0.4221875 0.21583333333333332 0.101875 0.135
0 0.0915625 0.7479166666666667 0.105625 0.14083333333333334
0 0.771875 0.5341666666666667 0.10875 0.145
0 0.6015625 0.18291666666666667 0.101875 0.13583333333333333
0 0.331875 0.44583333333333336 0.10375 0.13833333333333334
0 0.5471875 0.67375 0.101875 0.13583333333333333
0 0.6275 0.7354166666666667 0.1075 0.14416666666666667
0 0.7434375 0.15791666666666668 0.105625 0.14083333333333334
0 0.2565625 0.3020833333333333 0.106875 0.1425
0 0.2909375 0.8058333333333333 0.110625 0.14833333333333334
0 0.535 0.195 0.09375 0.125
0 0.61125 0.3858333333333333 0.12375 0.165
0 0.284375 0.33125 0.1025 0.1375
0 0.22875 0.4091666666666667 0.1025 0.13666666666666666
0 0.70375 0.7475 0.09625 0.12833333333333333
0 0.58125 0.82625 0.0975 0.12916666666666668
0 0.8465625 0.3120833333333333 0.118125 0.1575
0 0.2259375 0.5179166666666667 0.096875 0.12916666666666668
0 0.31375 0.21083333333333334 0.095 0.12666666666666668
0 0.14375 0.48333333333333334 0.1075 0.14333333333333334
0 0.6740625 0.18541666666666667 0.106875 0.1425
0 0.7171875 0.8404166666666667 0.109375 0.14583333333333334
0 0.1946875 0.7654166666666666 0.099375 0.1325
0 0.91 0.38666666666666666 0.10375 0.13833333333333334
0 0.41875 0.4295833333333333 0.10875 0.14416666666666667
0 0.331875 0.7679166666666667 0.11375 0.15083333333333335
0 0.6503125 0.14083333333333334 0.106875 0.14333333333333334
0 0.389375 0.07958333333333334 0.095 0.12583333333333332
0 0.3296875 0.8725 0.108125 0.145
0 0.668125 0.28583333333333333 0.095 0.12666666666666668
0 0.4840625 0.32666666666666666 0.109375 0.145
0 0.6634375 0.3383333333333333 0.104375 0.13833333333333334
0 0.1259375 0.56875 0.096875 0.12916666666666668
1 0.4571875 0.485 0.121875 0.16333333333333333
0 0.9346875 0.44958333333333333 0.084375 0.1125
0 0.6059375 0.31958333333333333 0.099375 0.1325
0 0.8 0.10208333333333333 0.10625 0.14083333333333334
0 0.70875 0.27208333333333334 0.0925 0.1225
0 0.514375 0.3641666666666667 0.0925 0.12333333333333334