0 0.3925 0.13 0.07625 0.10333333333333333
0 0.565 0.22916666666666666 0.0625 0.07166666666666667
0 0.480625 0.905 0.07 0.1
0 0.4809375 0.23166666666666666 0.080625 0.10166666666666667
0 0.5234375 0.12875 0.073125 0.08583333333333333
0 0.55125 0.9066666666666666 0.0675 0.09666666666666666
0 0.6296875 0.20625 0.076875 0.08916666666666667
0 0.5496875 0.7204166666666667 0.063125 0.0675
0 0.46 0.7154166666666667 0.0825 0.10083333333333333
0 0.65125 0.11875 0.075 0.10083333333333333
0 0.738125 0.785 0.0775 0.09666666666666666
0 0.4665625 0.7966666666666666 0.060625 0.08833333333333333
0 0.34125 0.9404166666666667 0.06 0.0825
0 0.60625 0.3308333333333333 0.08 0.10333333333333333
0 0.269375 0.31083333333333335 0.0825 0.11
0 0.4015625 0.8766666666666667 0.081875 0.11333333333333333
0 0.7415625 0.12583333333333332 0.070625 0.09166666666666666
0 0.2925 0.84875 0.08 0.10916666666666666
0 0.46625 0.32125 0.07375 0.09916666666666667
0 0.5365625 0.33 0.068125 0.08333333333333333
0 0.8253125 0.6591666666666667 0.071875 0.08333333333333333
0 0.6878125 0.17208333333333334 0.063125 0.07916666666666666
1 0.2109375 0.4575 0.093125 0.13
1 0.258125 0.2125 0.09875 0.10666666666666667
1 0.7940625 0.09875 0.068125 0.11416666666666667
0 0.208125 0.25833333333333336 0.07375 0.1
0 0.1878125 0.16041666666666668 0.060625 0.09583333333333334
0 0.7909375 0.3145833333333333 0.069375 0.08916666666666667
0 0.82625 0.4141666666666667 0.0575 0.075
0 0.6734375 0.06291666666666666 0.074375 0.09083333333333334
0 0.8315625 0.2683333333333333 0.065625 0.085
0 0.829375 0.17208333333333334 0.075 0.08583333333333333
0 0.62 0.03833333333333333 0.06125 0.06833333333333333
0 0.69375 0.23375 0.065 0.09083333333333334
0 0.8196875 0.605 0.063125 0.075