0 0.3396875 0.5525 0.109375 0.145
0 0.4659375 0.4558333333333333 0.111875 0.14833333333333334
0 0.366875 0.25875 0.11125 0.14916666666666667
0 0.4215625 0.35125 0.110625 0.1475
0 0.579375 0.0825 0.11 0.14666666666666667
0 0.2709375 0.49166666666666664 0.111875 0.15
0 0.54375 0.42916666666666664 0.11625 0.155
0 0.8303125 0.34125 0.118125 0.1575
0 0.4084375 0.54125 0.120625 0.16083333333333333
0 0.1915625 0.7395833333333334 0.108125 0.14416666666666667
0 0.6003125 0.5916666666666667 0.106875 0.14333333333333334
0 0.735 0.34208333333333335 0.12125 0.1625
0 0.648125 0.6504166666666666 0.1025 0.1375
0 0.744375 0.7520833333333333 0.1125 0.14916666666666667
0 0.735625 0.6104166666666667 0.1175 0.15583333333333332
0 0.6353125 0.41208333333333336 0.106875 0.1425
1 0.3228125 0.8091666666666667 0.125625 0.16666666666666666
0 0.615 0.15041666666666667 0.12375 0.16583333333333333
0 0.6490625 0.34458333333333335 0.120625 0.16083333333333333
0 0.4221875 0.80625 0.106875 0.1425
0 0.3271875 0.11375 0.114375 0.1525
0 0.8978125 0.5445833333333333 0.111875 0.14916666666666667
0 0.9084375 0.6095833333333334 0.098125 0.13083333333333333
0 0.270625 0.24791666666666667 0.13 0.17416666666666666
0 0.3809375 0.8566666666666667 0.108125 0.145
0 0.7053125 0.6995833333333333 0.116875 0.15583333333333332