1 0.6190625 0.26375 0.104375 0.13916666666666666
0 0.6165625 0.5866666666666667 0.101875 0.13666666666666666
0 0.751875 0.5183333333333333 0.1025 0.13666666666666666
0 0.40875 0.8954166666666666 0.0925 0.1225
0 0.535625 0.7895833333333333 0.08625 0.11583333333333333
0 0.71375 0.27458333333333335 0.11 0.14583333333333334
0 0.8546875 0.48083333333333333 0.096875 0.13
0 0.5115625 0.50375 0.090625 0.12083333333333333
0 0.7884375 0.11125 0.109375 0.14583333333333334
0 0.6696875 0.855 0.086875 0.115
0 0.56125 0.6566666666666666 0.09875 0.13166666666666665
0 0.2153125 0.78375 0.093125 0.12416666666666666
0 0.3228125 0.7616666666666667 0.091875 0.12333333333333334
0 0.2709375 0.9245833333333333 0.095625 0.1275
0 0.469375 0.42791666666666667 0.1075 0.14416666666666667
0 0.7375 0.7654166666666666 0.085 0.1125
0 0.3159375 0.17333333333333334 0.095625 0.12666666666666668
0 0.2734375 0.3408333333333333 0.093125 0.12333333333333334
0 0.1171875 0.5295833333333333 0.079375 0.10583333333333333
0 0.2190625 0.68625 0.089375 0.11916666666666667
0 0.6578125 0.705 0.095625 0.12666666666666668
0 0.518125 0.9045833333333333 0.09375 0.12416666666666666
0 0.79 0.7004166666666667 0.10375 0.13916666666666666
0 0.7825 0.37875 0.08375 0.11083333333333334
0 0.3821875 0.44958333333333333 0.090625 0.12083333333333333
0 0.4728125 0.5516666666666666 0.089375 0.11833333333333333
0 0.786875 0.18916666666666668 0.08125 0.10833333333333334
0 0.4725 0.28583333333333333 0.08625 0.115
0 0.7203125 0.38875 0.074375 0.09916666666666667
0 0.539375 0.7275 0.07 0.09333333333333334
0 0.45125 0.34875 0.08875 0.11916666666666667
0 0.2346875 0.6304166666666666 0.096875 0.12916666666666668
0 0.6071875 0.67375 0.085625 0.11416666666666667
0 0.5446875 0.8729166666666667 0.098125 0.13083333333333333
0 0.260625 0.45666666666666667 0.0975 0.13
0 0.228125 0.44583333333333336 0.1 0.13333333333333333
0 0.5346875 0.6033333333333334 0.093125 0.12333333333333334
0 0.3975 0.3670833333333333 0.09 0.12083333333333333
0 0.1784375 0.7204166666666667 0.075625 0.10083333333333333
0 0.9328125 0.19791666666666666 0.094375 0.12583333333333332
0 0.89375 0.14291666666666666 0.08625 0.11416666666666667
1 0.1559375 0.6495833333333333 0.113125 0.15083333333333335