0 0.3484375 0.42875 0.086875 0.11583333333333333
0 0.118125 0.43083333333333335 0.0925 0.12333333333333334
0 0.6734375 0.16041666666666668 0.091875 0.1225
0 0.358125 0.79 0.09375 0.125
0 0.3646875 0.24666666666666667 0.099375 0.13333333333333333
0 0.2528125 0.6495833333333333 0.094375 0.12583333333333332
0 0.4184375 0.40958333333333335 0.090625 0.12083333333333333
0 0.651875 0.7254166666666667 0.085 0.1125
0 0.149375 0.7525 0.0875 0.11666666666666667
0 0.6259375 0.40541666666666665 0.096875 0.12916666666666668
0 0.8828125 0.16875 0.088125 0.1175
0 0.5678125 0.5316666666666666 0.084375 0.11166666666666666
0 0.8596875 0.36875 0.086875 0.11583333333333333
0 0.2765625 0.44208333333333333 0.081875 0.10916666666666666
0 0.5846875 0.6854166666666667 0.084375 0.1125
0 0.725 0.49 0.07875 0.105
0 0.6496875 0.6316666666666667 0.081875 0.11
0 0.769375 0.09916666666666667 0.08625 0.115
0 0.875 0.46791666666666665 0.08625 0.11416666666666667
0 0.3046875 0.7020833333333333 0.083125 0.11083333333333334
0 0.530625 0.75875 0.1 0.13416666666666666
0 0.913125 0.39666666666666667 0.08625 0.115
0 0.4196875 0.28458333333333335 0.100625 0.13416666666666666
0 0.774375 0.6025 0.0875 0.11666666666666667
0 0.8140625 0.5329166666666667 0.085625 0.11416666666666667
0 0.6903125 0.25958333333333333 0.101875 0.13583333333333333
0 0.6803125 0.40208333333333335 0.089375 0.11916666666666667
0 0.495625 0.52125 0.0875 0.11583333333333333
0 0.174375 0.5154166666666666 0.0875 0.1175
0 0.078125 0.5591666666666667 0.08375 0.11166666666666666
0 0.854375 0.5425 0.08125 0.10833333333333334
0 0.8546875 0.2708333333333333 0.105625 0.14166666666666666
0 0.345625 0.32458333333333333 0.08 0.1075
0 0.6390625 0.565 0.096875 0.12833333333333333
0 0.2253125 0.7620833333333333 0.084375 0.1125
0 0.395 0.7308333333333333 0.09 0.12
0 0.3453125 0.6308333333333334 0.081875 0.10833333333333334
0 0.673125 0.51875 0.095 0.1275
0 0.185625 0.42125 0.08625 0.11583333333333333
0 0.309375 0.53125 0.125 0.1675
0 0.201875 0.33791666666666664 0.0925 0.1225
0 0.0509375 0.6595833333333333 0.095625 0.1275
0 0.3403125 0.13166666666666665 0.090625 0.12166666666666667
0 0.31 0.15416666666666667 0.1 0.13333333333333333
0 0.578125 0.09291666666666666 0.0925 0.1225
0 0.2559375 0.92125 0.088125 0.1175
0 0.3403125 0.8791666666666667 0.090625 0.12166666666666667
0 0.209375 0.5454166666666667 0.08 0.10583333333333333
0 0.5034375 0.64875 0.084375 0.1125
0 0.1490625 0.33875 0.094375 0.12583333333333332
0 0.6465625 0.905 0.099375 0.13333333333333333
0 0.9065625 0.48291666666666666 0.081875 0.10916666666666666
0 0.7665625 0.7808333333333334 0.079375 0.10666666666666667
0 0.585625 0.8125 0.0875 0.11666666666666667
0 0.8015625 0.44416666666666665 0.094375 0.125
0 0.698125 0.57625 0.0825 0.10916666666666666
0 0.45875 0.705 0.0875 0.11666666666666667
0 0.4465625 0.32625 0.091875 0.1225
0 0.8453125 0.6466666666666666 0.088125 0.11666666666666667
0 0.4978125 0.79125 0.083125 0.11083333333333334
0 0.2028125 0.7004166666666667 0.071875 0.09583333333333334
0 0.300625 0.32458333333333333 0.0925 0.12416666666666666
0 0.28125 0.8583333333333333 0.09625 0.12833333333333333
0 0.4325 0.6516666666666666 0.09125 0.12166666666666667
0 0.768125 0.20875 0.08625 0.11583333333333333
0 0.3978125 0.5179166666666667 0.084375 0.1125
0 0.5021875 0.9283333333333333 0.083125 0.11
0 0.823125 0.14833333333333334 0.0725 0.09666666666666666
0 0.2334375 0.87375 0.083125 0.11083333333333334
0 0.4509375 0.07416666666666667 0.085625 0.11333333333333333
0 0.3703125 0.06708333333333333 0.099375 0.1325
0 0.516875 0.1775 0.08125 0.10833333333333334
0 0.7053125 0.7541666666666667 0.078125 0.105
0 0.0690625 0.7654166666666666 0.094375 0.12583333333333332
0 0.46125 0.77875 0.09 0.11916666666666667
0 0.519375 0.43625 0.07625 0.10083333333333333
0 0.4634375 0.8633333333333333 0.086875 0.115
0 0.263125 0.79875 0.0925 0.1225
0 0.2390625 0.2325 0.093125 0.125
0 0.7284375 0.2833333333333333 0.094375 0.125
0 0.7815625 0.30791666666666667 0.098125 0.13083333333333333
0 0.480625 0.05416666666666667 0.08125 0.10833333333333334
0 0.4390625 0.14125 0.091875 0.1225
0 0.0803125 0.7033333333333334 0.101875 0.13666666666666666
0 0.5565625 0.9079166666666667 0.083125 0.11083333333333334
0 0.1684375 0.61875 0.081875 0.10916666666666666
1 0.415625 0.9208333333333333 0.0975 0.13
0 0.10875 0.5333333333333333 0.08625 0.115
0 0.424375 0.16916666666666666 0.0775 0.10333333333333333
0 0.4875 0.33666666666666667 0.08625 0.115
0 0.4890625 0.43125 0.076875 0.1025
0 0.4021875 0.5591666666666667 0.075625 0.1
0 0.2553125 0.44958333333333333 0.088125 0.1175
0 0.3271875 0.7170833333333333 0.085625 0.11416666666666667
0 0.2609375 0.8520833333333333 0.084375 0.1125
0 0.490625 0.3983333333333333 0.0875 0.11666666666666667
0 0.4978125 0.5583333333333333 0.074375 0.09833333333333333
0 0.36375 0.11166666666666666 0.06625 0.08833333333333333
0 0.215625 0.25583333333333336 0.08 0.10666666666666667
0 0.23875 0.275 0.08875 0.11833333333333333
0 0.241875 0.5420833333333334 0.09125 0.12083333333333333
0 0.2778125 0.5345833333333333 0.086875 0.11583333333333333
0 0.075 0.67875 0.0825 0.10916666666666666
0 0.1846875 0.70375 0.071875 0.09583333333333334
0 0.16 0.8583333333333333 0.0875 0.11666666666666667
0 0.189375 0.8391666666666666 0.08875 0.11833333333333333
0 0.2084375 0.7841666666666667 0.080625 0.10833333333333334
0 0.1625 0.8104166666666667 0.09625 0.1275
0 0.4296875 0.7020833333333333 0.094375 0.12583333333333332
0 0.3084375 0.5375 0.081875 0.10833333333333334
0 0.3115625 0.51625 0.096875 0.12916666666666668
0 0.3090625 0.5629166666666666 0.083125 0.11083333333333334
0 0.5165625 0.30625 0.086875 0.11583333333333333
0 0.3621875 0.3458333333333333 0.073125 0.09833333333333333
0 0.4621875 0.8229166666666666 0.093125 0.12416666666666666
0 0.5340625 0.9291666666666667 0.085625 0.11333333333333333
0 0.5415625 0.8766666666666667 0.076875 0.10166666666666667
0 0.64125 0.8666666666666667 0.08375 0.11166666666666666
0 0.7515625 0.7391666666666666 0.091875 0.12166666666666667
0 0.583125 0.7733333333333333 0.08875 0.11833333333333333
0 0.6190625 0.7629166666666667 0.088125 0.1175
0 0.5053125 0.6895833333333333 0.080625 0.1075
0 0.73375 0.6020833333333333 0.07875 0.10583333333333333
0 0.56125 0.5733333333333334 0.08 0.10666666666666667
0 0.76625 0.4379166666666667 0.0975 0.12916666666666668
0 0.759375 0.16416666666666666 0.09 0.12
0 0.784375 0.27416666666666667 0.08 0.10666666666666667
0 0.7528125 0.385 0.091875 0.12166666666666667
0 0.7909375 0.34458333333333335 0.089375 0.11916666666666667
0 0.7571875 0.3333333333333333 0.081875 0.10833333333333334
0 0.5346875 0.16458333333333333 0.086875 0.11583333333333333
0 0.555 0.10416666666666667 0.085 0.11333333333333333
0 0.5875 0.1275 0.08625 0.115
0 0.5990625 0.1925 0.083125 0.11
0 0.610625 0.2175 0.07375 0.09833333333333333
0 0.5865625 0.22833333333333333 0.081875 0.10833333333333334
0 0.55375 0.26416666666666666 0.0825 0.11
0 0.49375 0.6029166666666667 0.09375 0.12583333333333332
0 0.8996875 0.5670833333333334 0.086875 0.11583333333333333
0 0.58375 0.6641666666666667 0.08625 0.115
0 0.448125 0.6220833333333333 0.07125 0.09416666666666666
0 0.2040625 0.5895833333333333 0.069375 0.0925
0 0.5525 0.2916666666666667 0.08375 0.11166666666666666
0 0.2634375 0.3020833333333333 0.080625 0.1075
0 0.12875 0.35083333333333333 0.09375 0.125
0 0.726875 0.5658333333333333 0.07 0.09333333333333334
0 0.63375 0.8454166666666667 0.07125 0.09416666666666666