0 0.3328125 0.15333333333333332 0.063125 0.08666666666666667
0 0.2015625 0.7420833333333333 0.071875 0.07916666666666666
0 0.4040625 0.88625 0.070625 0.09083333333333334
0 0.580625 0.9320833333333334 0.06875 0.09583333333333334
0 0.31375 0.335 0.0775 0.095
0 0.635625 0.7125 0.08125 0.10666666666666667
0 0.3134375 0.7441666666666666 0.065625 0.08666666666666667
1 0.4671875 0.28458333333333335 0.061875 0.09583333333333334
0 0.199375 0.07125 0.0625 0.09916666666666667
0 0.4946875 0.56125 0.064375 0.08916666666666667
0 0.6925 0.8391666666666666 0.065 0.1
0 0.706875 0.67625 0.0675 0.09916666666666667
0 0.8028125 0.11916666666666667 0.061875 0.095
0 0.613125 0.48291666666666666 0.055 0.0775
1 0.58375 0.25458333333333333 0.0775 0.10416666666666667
0 0.3728125 0.27291666666666664 0.055625 0.08083333333333333
1 0.511875 0.34833333333333333 0.0775 0.09833333333333333
0 0.6540625 0.44416666666666665 0.058125 0.08833333333333333
0 0.219375 0.305 0.0625 0.08833333333333333
0 0.6515625 0.34041666666666665 0.069375 0.0925
0 0.490625 0.08875 0.06375 0.09083333333333334
0 0.796875 0.7783333333333333 0.06375 0.09166666666666666
0 0.4465625 0.7466666666666667 0.056875 0.095
0 0.5675 0.8341666666666666 0.075 0.09833333333333333
0 0.3796875 0.59125 0.068125 0.09416666666666666
0 0.2703125 0.6854166666666667 0.056875 0.08916666666666667
0 0.43625 0.5745833333333333 0.06875 0.0875
0 0.4325 0.15208333333333332 0.055 0.09416666666666666
0 0.685625 0.17416666666666666 0.075 0.08666666666666667
0 0.6284375 0.5908333333333333 0.056875 0.09
0 0.538125 0.15458333333333332 0.05375 0.08083333333333333
0 0.419375 0.31833333333333336 0.06375 0.085
0 0.6903125 0.5145833333333333 0.055625 0.06416666666666666
0 0.5953125 0.115 0.051875 0.07333333333333333
0 0.4115625 0.16 0.068125 0.08166666666666667
0 0.7078125 0.16958333333333334 0.061875 0.08583333333333333
0 0.7609375 0.18291666666666667 0.058125 0.0975
0 0.488125 0.19458333333333333 0.05 0.07416666666666667
0 0.8159375 0.9445833333333333 0.055625 0.06916666666666667
0 0.4803125 0.9441666666666667 0.051875 0.1
0 0.7721875 0.3233333333333333 0.054375 0.07
0 0.3409375 0.8366666666666667 0.064375 0.10833333333333334
0 0.52625 0.7116666666666667 0.06625 0.07333333333333333
0 0.51 0.8608333333333333 0.06375 0.07666666666666666
0 0.6446875 0.27791666666666665 0.064375 0.07416666666666667
0 0.286875 0.8520833333333333 0.05375 0.08083333333333333
0 0.1890625 0.6625 0.045625 0.07666666666666666
0 0.1621875 0.6470833333333333 0.061875 0.08583333333333333
0 0.1546875 0.34208333333333335 0.058125 0.07916666666666666
0 0.578125 0.4483333333333333 0.05125 0.07333333333333333
0 0.83 0.47333333333333333 0.05875 0.075
0 0.5046875 0.7475 0.061875 0.08
0 0.71375 0.45166666666666666 0.055 0.075
0 0.5021875 0.7858333333333334 0.045625 0.08
0 0.81125 0.40958333333333335 0.05125 0.12083333333333333