0 0.564375 0.5604166666666667 0.0925 0.12416666666666666
0 0.3246875 0.5158333333333334 0.093125 0.12333333333333334
0 0.204375 0.12375 0.09625 0.12916666666666668
0 0.410625 0.9266666666666666 0.095 0.12666666666666668
0 0.245625 0.33416666666666667 0.095 0.12666666666666668
0 0.2146875 0.7258333333333333 0.090625 0.12
0 0.8415625 0.5358333333333334 0.094375 0.12666666666666668
0 0.454375 0.7741666666666667 0.10375 0.13833333333333334
0 0.4671875 0.63625 0.103125 0.1375
0 0.5834375 0.7916666666666666 0.109375 0.145
0 0.7603125 0.4379166666666667 0.093125 0.12416666666666666
0 0.76875 0.5391666666666667 0.10875 0.145
0 0.17375 0.2683333333333333 0.105 0.14
0 0.1421875 0.36 0.100625 0.13333333333333333
0 0.3425 0.28208333333333335 0.10375 0.13916666666666666
0 0.8309375 0.7904166666666667 0.105625 0.14083333333333334
0 0.531875 0.14416666666666667 0.07875 0.105
0 0.175625 0.45375 0.11125 0.14916666666666667
0 0.6465625 0.3875 0.086875 0.11666666666666667
0 0.6278125 0.6370833333333333 0.098125 0.13083333333333333
0 0.6040625 0.41791666666666666 0.113125 0.15083333333333335
0 0.40125 0.34 0.11 0.14666666666666667
0 0.560625 0.21125 0.09375 0.12583333333333332
0 0.1103125 0.22583333333333333 0.104375 0.14
0 0.3959375 0.2475 0.099375 0.13166666666666665
0 0.7153125 0.6779166666666666 0.113125 0.15083333333333335
1 0.5253125 0.2708333333333333 0.111875 0.14833333333333334