0 0.4990625 0.19291666666666665 0.071875 0.10083333333333333
0 0.2178125 0.6458333333333334 0.080625 0.09333333333333334
0 0.58125 0.6825 0.0775 0.11166666666666666
0 0.8971875 0.76875 0.083125 0.1125
0 0.0553125 0.07791666666666666 0.078125 0.10916666666666666
0 0.72 0.64625 0.08375 0.1075
0 0.4609375 0.4508333333333333 0.080625 0.11666666666666667
0 0.720625 0.40291666666666665 0.07875 0.1125
0 0.0615625 0.5325 0.075625 0.11166666666666666
0 0.825 0.7 0.09 0.09666666666666666
0 0.3859375 0.21208333333333335 0.075625 0.1075
0 0.339375 0.8591666666666666 0.0825 0.11
0 0.800625 0.6125 0.075 0.10166666666666667
0 0.1934375 0.75375 0.079375 0.10916666666666666
0 0.5203125 0.8204166666666667 0.078125 0.11583333333333333
0 0.2640625 0.28958333333333336 0.079375 0.11583333333333333
0 0.4528125 0.86 0.074375 0.10666666666666667
0 0.144375 0.12166666666666667 0.07125 0.125
0 0.955625 0.23125 0.08 0.10583333333333333
0 0.866875 0.35583333333333333 0.07 0.08666666666666667
0 0.795 0.77625 0.0725 0.08583333333333333
0 0.2875 0.76875 0.085 0.12083333333333333
0 0.5940625 0.28125 0.065625 0.11083333333333334
0 0.3834375 0.56375 0.084375 0.10916666666666666
0 0.1078125 0.715 0.083125 0.11166666666666666
0 0.9234375 0.9179166666666667 0.086875 0.10416666666666667
0 0.2934375 0.0775 0.079375 0.11333333333333333
0 0.8203125 0.45916666666666667 0.081875 0.10333333333333333
0 0.4284375 0.7270833333333333 0.078125 0.11416666666666667
0 0.628125 0.72625 0.0725 0.10583333333333333
0 0.62 0.0625 0.0875 0.105
0 0.6496875 0.30541666666666667 0.071875 0.11583333333333333
0 0.1353125 0.5204166666666666 0.081875 0.1125
0 0.0540625 0.4241666666666667 0.076875 0.125
0 0.2865625 0.17958333333333334 0.079375 0.10916666666666666
0 0.70375 0.8491666666666666 0.075 0.11666666666666667
0 0.926875 0.5008333333333334 0.0925 0.09
0 0.878125 0.4845833333333333 0.06875 0.13916666666666666
0 0.085625 0.13458333333333333 0.06375 0.1075
0 0.0675 0.2275 0.0875 0.09166666666666666
0 0.773125 0.8441666666666666 0.07625 0.11666666666666667