0 0.2425 0.5625 0.08125 0.09
0 0.4603125 0.07291666666666667 0.079375 0.1025
0 0.6475 0.8016666666666666 0.07375 0.1
0 0.16125 0.07708333333333334 0.07875 0.1025
0 0.9315625 0.5325 0.076875 0.11
0 0.31875 0.7354166666666667 0.07375 0.09583333333333334
0 0.426875 0.22625 0.07375 0.10583333333333333
0 0.26625 0.28458333333333335 0.07375 0.09916666666666667
0 0.2325 0.47458333333333336 0.07625 0.0875
0 0.1140625 0.2775 0.070625 0.09833333333333333
0 0.8315625 0.8491666666666666 0.073125 0.1
0 0.8346875 0.64125 0.079375 0.11416666666666667
0 0.1859375 0.29125 0.070625 0.10916666666666666
0 0.6596875 0.14208333333333334 0.076875 0.10916666666666666
0 0.41625 0.6104166666666667 0.07125 0.10083333333333333
0 0.3584375 0.17541666666666667 0.071875 0.10583333333333333
0 0.2984375 0.50875 0.065625 0.07583333333333334
0 0.108125 0.7745833333333333 0.0725 0.10583333333333333
0 0.475625 0.8970833333333333 0.06625 0.08583333333333333
0 0.0703125 0.34208333333333335 0.081875 0.09583333333333334
0 0.7846875 0.7204166666666667 0.074375 0.10083333333333333
0 0.0484375 0.5029166666666667 0.066875 0.09083333333333334
0 0.4140625 0.9208333333333333 0.066875 0.09333333333333334
0 0.545 0.7579166666666667 0.07125 0.09416666666666666
0 0.33875 0.9466666666666667 0.08875 0.105
0 0.3590625 0.67125 0.075625 0.1125
0 0.479375 0.36083333333333334 0.07125 0.12
0 0.605 0.16083333333333333 0.06625 0.11333333333333333
0 0.258125 0.88375 0.0775 0.1025
0 0.2878125 0.38958333333333334 0.085625 0.09416666666666666
0 0.7703125 0.545 0.070625 0.1
0 0.5215625 0.4216666666666667 0.064375 0.10666666666666667
0 0.349375 0.82875 0.0825 0.1025
0 0.40625 0.5025 0.06125 0.11666666666666667
1 0.4628125 0.4979166666666667 0.066875 0.14583333333333334