0 0.713125 0.46041666666666664 0.09875 0.1325
0 0.5040625 0.12125 0.091875 0.1225
0 0.2865625 0.5945833333333334 0.106875 0.1425
0 0.521875 0.6925 0.11 0.14666666666666667
0 0.630625 0.6625 0.0975 0.13
0 0.5840625 0.085 0.103125 0.13833333333333334
0 0.6409375 0.23208333333333334 0.095625 0.1275
0 0.5853125 0.46875 0.109375 0.14583333333333334
1 0.4790625 0.7720833333333333 0.120625 0.16083333333333333
0 0.4603125 0.9208333333333333 0.113125 0.15
0 0.773125 0.5575 0.09375 0.125
0 0.05 0.34 0.09875 0.13166666666666665
0 0.30875 0.30916666666666665 0.085 0.11333333333333333
0 0.6921875 0.8395833333333333 0.096875 0.12916666666666668
0 0.6403125 0.9191666666666667 0.099375 0.13166666666666665
1 0.264375 0.1225 0.1075 0.14333333333333334
0 0.39375 0.5533333333333333 0.08 0.10666666666666667
0 0.7446875 0.8804166666666666 0.071875 0.09583333333333334
0 0.36375 0.19916666666666666 0.0825 0.11
0 0.4028125 0.72375 0.095625 0.1275
0 0.258125 0.21916666666666668 0.09375 0.125
0 0.2009375 0.3745833333333333 0.080625 0.1075
0 0.16625 0.41375 0.09875 0.1325
0 0.2140625 0.2833333333333333 0.086875 0.115
0 0.31875 0.2375 0.085 0.11333333333333333
0 0.1425 0.3670833333333333 0.1 0.13416666666666666
0 0.1734375 0.11875 0.104375 0.13916666666666666
0 0.1521875 0.10541666666666667 0.101875 0.13583333333333333