0 0.7221875 0.22083333333333333 0.065625 0.09
0 0.2259375 0.4816666666666667 0.073125 0.10166666666666667
0 0.725 0.07916666666666666 0.07 0.10166666666666667
0 0.1653125 0.54125 0.071875 0.10416666666666667
0 0.2946875 0.6108333333333333 0.078125 0.105
0 0.505625 0.08 0.08125 0.09833333333333333
0 0.434375 0.08458333333333333 0.07 0.0975
0 0.260625 0.355 0.08625 0.10666666666666667
0 0.47375 0.17916666666666667 0.07125 0.1
0 0.7928125 0.45375 0.073125 0.0925
0 0.183125 0.74625 0.0825 0.10416666666666667
0 0.37 0.6658333333333334 0.085 0.10666666666666667
0 0.4225 0.8683333333333333 0.0775 0.09833333333333333
0 0.66 0.17916666666666667 0.07875 0.10166666666666667
0 0.6328125 0.09208333333333334 0.069375 0.08916666666666667
0 0.47625 0.27708333333333335 0.08125 0.1025
0 0.649375 0.06458333333333334 0.08 0.1025
0 0.363125 0.09791666666666667 0.07375 0.09583333333333334
0 0.315625 0.5241666666666667 0.06875 0.08166666666666667
0 0.273125 0.7458333333333333 0.06625 0.085
0 0.795 0.11375 0.06875 0.09583333333333334
0 0.5509375 0.25333333333333335 0.081875 0.10166666666666667
0 0.7859375 0.26666666666666666 0.069375 0.105
0 0.2421875 0.25958333333333333 0.075625 0.09416666666666666
0 0.7946875 0.8479166666666667 0.068125 0.0975
0 0.4096875 0.55875 0.074375 0.0975
0 0.7653125 0.3825 0.075625 0.10333333333333333
0 0.3671875 0.5275 0.068125 0.09666666666666666
0 0.24375 0.8779166666666667 0.07875 0.10916666666666666
0 0.559375 0.8566666666666667 0.07125 0.09833333333333333
0 0.6834375 0.84625 0.083125 0.09416666666666666
0 0.8034375 0.5945833333333334 0.049375 0.08583333333333333
0 0.2534375 0.5895833333333333 0.084375 0.0925
0 0.440625 0.735 0.07375 0.08
0 0.331875 0.19416666666666665 0.0775 0.09
0 0.4075 0.6095833333333334 0.0725 0.0975
0 0.488125 0.8266666666666667 0.065 0.095
0 0.6753125 0.3229166666666667 0.071875 0.10083333333333333
0 0.6278125 0.8275 0.073125 0.095
0 0.2921875 0.06875 0.075625 0.09416666666666666
0 0.4628125 0.9279166666666666 0.058125 0.0825
1 0.2934375 0.12083333333333333 0.089375 0.1
1 0.2459375 0.80875 0.100625 0.09083333333333334
1 0.493125 0.6245833333333334 0.0875 0.1475
0 0.321875 0.7175 0.05125 0.09166666666666666
0 0.194375 0.05625 0.06125 0.0925
0 0.204375 0.10333333333333333 0.075 0.08166666666666667
0 0.2171875 0.13875 0.069375 0.07916666666666666
0 0.2159375 0.18625 0.080625 0.0775
0 0.375625 0.28458333333333335 0.06 0.0725
0 0.736875 0.34 0.065 0.09833333333333333
0 0.7959375 0.31708333333333333 0.058125 0.0825
0 0.710625 0.2791666666666667 0.06375 0.09833333333333333
0 0.3353125 0.40708333333333335 0.064375 0.0825
0 0.3271875 0.3229166666666667 0.063125 0.0925
0 0.325 0.23416666666666666 0.0675 0.085
0 0.3096875 0.2925 0.064375 0.08166666666666667
0 0.2490625 0.6879166666666666 0.058125 0.07583333333333334
0 0.440625 0.7670833333333333 0.07375 0.09916666666666667
0 0.314375 0.36333333333333334 0.07 0.08