0 0.304375 0.1775 0.08 0.1
0 0.2315625 0.13541666666666666 0.069375 0.1075
0 0.7940625 0.3983333333333333 0.081875 0.09333333333333334
0 0.3965625 0.22583333333333333 0.070625 0.09333333333333334
0 0.5340625 0.7966666666666666 0.074375 0.10166666666666667
0 0.601875 0.29375 0.0725 0.09083333333333334
0 0.509375 0.595 0.075 0.1
0 0.2925 0.38416666666666666 0.07375 0.11
0 0.4678125 0.2554166666666667 0.068125 0.11083333333333334
0 0.665 0.795 0.07625 0.08166666666666667
0 0.5184375 0.46541666666666665 0.073125 0.10583333333333333
0 0.2759375 0.5041666666666667 0.079375 0.11
0 0.718125 0.6345833333333334 0.06375 0.10916666666666666
0 0.20625 0.24458333333333335 0.075 0.1125
0 0.18 0.5070833333333333 0.08875 0.08916666666666667
0 0.406875 0.5991666666666666 0.07625 0.09833333333333333
0 0.2609375 0.6141666666666666 0.075625 0.11333333333333333
0 0.5165625 0.9375 0.075625 0.10833333333333334
0 0.665625 0.9008333333333334 0.0775 0.095
0 0.76375 0.5870833333333333 0.07375 0.1125
0 0.6321875 0.6995833333333333 0.066875 0.1125
0 0.435625 0.7633333333333333 0.0775 0.09833333333333333
0 0.510625 0.21958333333333332 0.065 0.1075
0 0.7340625 0.73125 0.080625 0.09416666666666666
0 0.7059375 0.24041666666666667 0.068125 0.10916666666666666
0 0.5671875 0.6379166666666667 0.070625 0.1175
1 0.6071875 0.9429166666666666 0.078125 0.0975
0 0.4025 0.67375 0.06875 0.10416666666666667
0 0.826875 0.22333333333333333 0.0525 0.11833333333333333
1 0.3125 0.73375 0.0775 0.1025
0 0.788125 0.48375 0.0875 0.08916666666666667
0 0.371875 0.42625 0.075 0.1075
0 0.4709375 0.5004166666666666 0.075625 0.09416666666666666
0 0.46375 0.065 0.0625 0.09666666666666666
0 0.306875 0.28458333333333335 0.07625 0.10083333333333333
0 0.3078125 0.54625 0.079375 0.09416666666666666
0 0.754375 0.2825 0.06875 0.11166666666666666
0 0.384375 0.48875 0.09 0.09583333333333334
0 0.3978125 0.9495833333333333 0.076875 0.09916666666666667
0 0.3621875 0.83 0.080625 0.08833333333333333
0 0.3053125 0.6395833333333333 0.085625 0.1025
0 0.2340625 0.3229166666666667 0.076875 0.1175
0 0.16625 0.3566666666666667 0.075 0.1
0 0.2303125 0.8983333333333333 0.056875 0.12
0 0.77375 0.21666666666666667 0.05625 0.12833333333333333
0 0.6809375 0.6895833333333333 0.058125 0.13416666666666666
0 0.343125 0.7833333333333333 0.065 0.09
0 0.2815625 0.7833333333333333 0.071875 0.13166666666666665
0 0.2640625 0.8304166666666667 0.070625 0.10916666666666666
0 0.8278125 0.8304166666666667 0.056875 0.12416666666666666
0 0.1875 0.9270833333333334 0.05625 0.12083333333333333