0 0.88125 0.155 0.08875 0.11833333333333333
0 0.6934375 0.11708333333333333 0.086875 0.11583333333333333
0 0.52875 0.6366666666666667 0.10375 0.13833333333333334
0 0.0959375 0.48041666666666666 0.105625 0.14083333333333334
0 0.3703125 0.38125 0.096875 0.12916666666666668
0 0.68375 0.37583333333333335 0.08875 0.11833333333333333
0 0.5734375 0.32625 0.104375 0.13916666666666666
0 0.53625 0.24583333333333332 0.1025 0.13666666666666666
0 0.2965625 0.40541666666666665 0.100625 0.13416666666666666
0 0.7865625 0.7304166666666667 0.090625 0.12083333333333333
0 0.6459375 0.8966666666666666 0.098125 0.13
0 0.0590625 0.6879166666666666 0.090625 0.12083333333333333
0 0.590625 0.20416666666666666 0.08875 0.11833333333333333
0 0.8990625 0.34208333333333335 0.090625 0.12083333333333333
0 0.763125 0.17166666666666666 0.095 0.12666666666666668
0 0.4153125 0.45125 0.093125 0.12416666666666666
0 0.466875 0.8 0.09625 0.12833333333333333
0 0.2984375 0.9054166666666666 0.091875 0.1225
0 0.7209375 0.7045833333333333 0.085625 0.11416666666666667
0 0.8875 0.53375 0.085 0.11416666666666667
0 0.135 0.36 0.09125 0.12166666666666667
1 0.680625 0.20583333333333334 0.1075 0.14333333333333334
0 0.370625 0.29375 0.09125 0.1225
0 0.8590625 0.38416666666666666 0.084375 0.11333333333333333
0 0.1678125 0.7079166666666666 0.086875 0.11583333333333333
0 0.2628125 0.8166666666666667 0.093125 0.12333333333333334
0 0.0921875 0.8420833333333333 0.078125 0.10416666666666667
0 0.66125 0.6729166666666667 0.0925 0.12416666666666666
0 0.7978125 0.6345833333333334 0.096875 0.12916666666666668
0 0.4715625 0.10625 0.100625 0.13416666666666666
0 0.785625 0.08875 0.0975 0.13083333333333333
0 0.9246875 0.27541666666666664 0.083125 0.11083333333333334
0 0.5934375 0.5970833333333333 0.093125 0.12416666666666666
0 0.4796875 0.20791666666666667 0.086875 0.11583333333333333
0 0.143125 0.6183333333333333 0.1 0.13333333333333333
0 0.7428125 0.07416666666666667 0.105625 0.14
0 0.188125 0.5916666666666667 0.0775 0.10333333333333333
1 0.42125 0.1225 0.1225 0.16333333333333333