0 0.4434375 0.8595833333333334 0.094375 0.12583333333333332
0 0.9140625 0.5283333333333333 0.080625 0.10833333333333334
0 0.3759375 0.48375 0.085625 0.11416666666666667
0 0.7346875 0.3129166666666667 0.081875 0.10916666666666666
0 0.55625 0.23833333333333334 0.09625 0.12833333333333333
0 0.3425 0.5466666666666666 0.09375 0.125
0 0.2525 0.12583333333333332 0.09125 0.12166666666666667
0 0.17125 0.5641666666666667 0.09625 0.12833333333333333
0 0.1178125 0.6095833333333334 0.096875 0.12916666666666668
0 0.59875 0.7175 0.08875 0.11833333333333333
0 0.3028125 0.7995833333333333 0.084375 0.1125
0 0.3528125 0.6454166666666666 0.085625 0.11416666666666667
0 0.7246875 0.5745833333333333 0.078125 0.10416666666666667
0 0.49625 0.3625 0.0975 0.13
0 0.64125 0.2575 0.08875 0.11833333333333333
0 0.525 0.3129166666666667 0.0825 0.11083333333333334
0 0.466875 0.6833333333333333 0.0725 0.09666666666666666
0 0.49875 0.7966666666666666 0.0875 0.11666666666666667
0 0.678125 0.3225 0.07625 0.10166666666666667
0 0.2053125 0.07041666666666667 0.076875 0.1025
0 0.28 0.6308333333333334 0.0875 0.11666666666666667
0 0.2053125 0.7520833333333333 0.094375 0.12583333333333332
0 0.0775 0.42583333333333334 0.0725 0.09666666666666666
0 0.9196875 0.6633333333333333 0.075625 0.1
0 0.6428125 0.38875 0.089375 0.11916666666666667
0 0.1584375 0.11125 0.104375 0.13916666666666666
0 0.3834375 0.3383333333333333 0.083125 0.11166666666666666
0 0.2171875 0.5070833333333333 0.106875 0.1425
0 0.250625 0.7 0.085 0.11333333333333333
0 0.5484375 0.4483333333333333 0.090625 0.12166666666666667
0 0.5159375 0.5254166666666666 0.079375 0.10583333333333333
0 0.64625 0.5875 0.07875 0.105
0 0.72375 0.8591666666666666 0.095 0.12666666666666668
0 0.868125 0.4775 0.09125 0.12166666666666667
1 0.8984375 0.8033333333333333 0.103125 0.13833333333333334
0 0.5959375 0.45458333333333334 0.070625 0.09416666666666666
0 0.810625 0.70625 0.09875 0.13083333333333333
0 0.666875 0.6983333333333334 0.1 0.13333333333333333
0 0.3815625 0.3754166666666667 0.081875 0.10916666666666666
0 0.81375 0.61875 0.0875 0.1175
0 0.663125 0.17666666666666667 0.0875 0.11666666666666667
1 0.64625 0.8454166666666667 0.10875 0.14416666666666667
0 0.17875 0.21375 0.0825 0.11083333333333334
0 0.6675 0.66875 0.08125 0.10916666666666666
0 0.8559375 0.64125 0.096875 0.12916666666666668
0 0.5340625 0.6783333333333333 0.104375 0.13833333333333334
1 0.395625 0.15666666666666668 0.13375 0.17833333333333334
0 0.8515625 0.7725 0.073125 0.09833333333333333
0 0.1384375 0.23208333333333334 0.083125 0.11083333333333334
0 0.62375 0.7966666666666666 0.09875 0.13166666666666665
0 0.369375 0.11416666666666667 0.085 0.11333333333333333
0 0.7778125 0.7175 0.108125 0.145
0 0.899375 0.7375 0.075 0.1
0 0.4671875 0.9270833333333334 0.074375 0.09916666666666667
0 0.06875 0.5045833333333334 0.06625 0.08916666666666667
0 0.190625 0.41875 0.07625 0.1025
0 0.5721875 0.7895833333333333 0.080625 0.1075
0 0.545 0.7408333333333333 0.08 0.10666666666666667
0 0.6840625 0.9058333333333334 0.069375 0.09166666666666666
0 0.77375 0.9341666666666667 0.07875 0.105
0 0.7221875 0.9045833333333333 0.088125 0.1175