0 0.1434375 0.52875 0.106875 0.1425
0 0.0859375 0.6620833333333334 0.090625 0.12083333333333333
0 0.33625 0.6008333333333333 0.105 0.14
0 0.130625 0.41583333333333333 0.09375 0.125
0 0.4734375 0.16541666666666666 0.113125 0.15083333333333335
0 0.581875 0.2808333333333333 0.09875 0.13166666666666665
0 0.421875 0.4375 0.1025 0.13666666666666666
0 0.45375 0.5554166666666667 0.09375 0.12583333333333332
0 0.64625 0.07166666666666667 0.105 0.14
0 0.6340625 0.5008333333333334 0.084375 0.11166666666666666
0 0.0871875 0.7466666666666667 0.101875 0.135
0 0.454375 0.6233333333333333 0.10125 0.135
0 0.125625 0.8183333333333334 0.09625 0.12833333333333333
0 0.17375 0.7241666666666666 0.09625 0.12833333333333333
0 0.933125 0.5445833333333333 0.09625 0.12916666666666668
0 0.38125 0.36541666666666667 0.09625 0.12916666666666668
0 0.5196875 0.3225 0.109375 0.14666666666666667
0 0.2021875 0.62375 0.100625 0.13416666666666666
0 0.7090625 0.4429166666666667 0.094375 0.12583333333333332
0 0.55125 0.6529166666666667 0.0875 0.11583333333333333
0 0.37625 0.2891666666666667 0.1025 0.13666666666666666
0 0.3475 0.8154166666666667 0.1025 0.13583333333333333
0 0.516875 0.38166666666666665 0.09375 0.125
0 0.375625 0.21666666666666667 0.095 0.12666666666666668
0 0.2453125 0.5854166666666667 0.103125 0.1375
0 0.5221875 0.57875 0.105625 0.14083333333333334
0 0.76875 0.10666666666666667 0.1025 0.13666666666666666
0 0.4871875 0.9254166666666667 0.091875 0.1225
0 0.8359375 0.5366666666666666 0.109375 0.145
0 0.1740625 0.8445833333333334 0.090625 0.12083333333333333
0 0.275 0.7354166666666667 0.09875 0.1325
0 0.43 0.3283333333333333 0.10125 0.135
0 0.8340625 0.07583333333333334 0.110625 0.14833333333333334
0 0.6590625 0.8925 0.110625 0.14833333333333334
0 0.5921875 0.4191666666666667 0.096875 0.12833333333333333
0 0.5365625 0.7366666666666667 0.105625 0.14
0 0.7459375 0.53625 0.096875 0.12916666666666668
0 0.661875 0.5983333333333334 0.095 0.12666666666666668
0 0.5565625 0.15208333333333332 0.109375 0.14583333333333334
0 0.6025 0.7241666666666666 0.10875 0.145
0 0.8721875 0.41791666666666666 0.113125 0.15083333333333335
0 0.6771875 0.6991666666666667 0.106875 0.14166666666666666
0 0.31875 0.25458333333333333 0.1125 0.14916666666666667
0 0.2640625 0.9254166666666667 0.104375 0.13916666666666666
0 0.6078125 0.8120833333333334 0.104375 0.13916666666666666
0 0.9021875 0.17208333333333334 0.099375 0.1325
0 0.538125 0.8875 0.105 0.14
0 0.275625 0.24333333333333335 0.125 0.16666666666666666
0 0.62375 0.13208333333333333 0.11125 0.14916666666666667
0 0.695 0.5166666666666667 0.1025 0.13666666666666666
0 0.295 0.7779166666666667 0.09625 0.12916666666666668
0 0.7446875 0.4716666666666667 0.090625 0.12
0 0.7946875 0.7375 0.081875 0.10833333333333334
0 0.5596875 0.8854166666666666 0.086875 0.11583333333333333
0 0.9034375 0.22541666666666665 0.115625 0.15416666666666667
0 0.5584375 0.775 0.098125 0.13166666666666665
0 0.6746875 0.7470833333333333 0.103125 0.1375
0 0.8265625 0.145 0.104375 0.13833333333333334
0 0.7090625 0.8395833333333333 0.104375 0.13916666666666666
0 0.7821875 0.19375 0.101875 0.13583333333333333
0 0.566875 0.4504166666666667 0.085 0.11416666666666667