0 0.3871875 0.8129166666666666 0.060625 0.0825
0 0.575625 0.7770833333333333 0.0775 0.08916666666666667
0 0.435625 0.3775 0.07375 0.10333333333333333
0 0.20625 0.24291666666666667 0.08 0.1025
0 0.5528125 0.92 0.074375 0.09666666666666666
0 0.3871875 0.6758333333333333 0.074375 0.10166666666666667
0 0.3321875 0.45416666666666666 0.059375 0.08833333333333333
0 0.3225 0.27791666666666665 0.07625 0.09083333333333334
0 0.5303125 0.2891666666666667 0.074375 0.095
0 0.6815625 0.6766666666666666 0.074375 0.08166666666666667
0 0.5628125 0.36833333333333335 0.068125 0.09333333333333334
0 0.3221875 0.6616666666666666 0.070625 0.095
0 0.73 0.0475 0.065 0.09333333333333334
0 0.79125 0.60875 0.0675 0.0925
0 0.616875 0.24958333333333332 0.0875 0.09083333333333334
0 0.318125 0.8141666666666667 0.07375 0.105
0 0.2253125 0.6220833333333333 0.076875 0.0975
0 0.7246875 0.4945833333333333 0.065625 0.09916666666666667
0 0.526875 0.54 0.075 0.095
0 0.515625 0.435 0.0625 0.08833333333333333
0 0.458125 0.2275 0.0725 0.08333333333333333
0 0.639375 0.5716666666666667 0.07375 0.09
0 0.51875 0.6625 0.0825 0.08833333333333333
1 0.5971875 0.5058333333333334 0.084375 0.11666666666666667
0 0.229375 0.77125 0.08375 0.0925
0 0.2328125 0.70625 0.098125 0.08583333333333333
0 0.4975 0.19125 0.085 0.09583333333333334
0 0.6571875 0.17291666666666666 0.091875 0.07416666666666667
0 0.3275 0.9070833333333334 0.09875 0.1025
0 0.8375 0.5654166666666667 0.07375 0.0925