0 0.45 0.64375 0.08 0.08916666666666667
0 0.48625 0.9325 0.055 0.08333333333333333
0 0.38375 0.42791666666666667 0.065 0.08916666666666667
0 0.463125 0.5608333333333333 0.0625 0.085
0 0.34375 0.7733333333333333 0.0625 0.08333333333333333
0 0.25375 0.21291666666666667 0.0675 0.07916666666666666
0 0.5884375 0.5066666666666667 0.063125 0.08166666666666667
0 0.3459375 0.6604166666666667 0.059375 0.08583333333333333
0 0.595625 0.6041666666666666 0.0625 0.07833333333333334
0 0.2715625 0.12916666666666668 0.065625 0.08333333333333333
0 0.5575 0.8079166666666666 0.065 0.08083333333333333
0 0.6146875 0.8245833333333333 0.073125 0.09416666666666666
0 0.346875 0.8791666666666667 0.0725 0.09833333333333333
0 0.7196875 0.06625 0.061875 0.08916666666666667
0 0.3378125 0.5033333333333333 0.055625 0.08833333333333333
0 0.4015625 0.71125 0.054375 0.10916666666666666
0 0.6625 0.5629166666666666 0.06125 0.08416666666666667
0 0.5878125 0.7066666666666667 0.061875 0.09333333333333334
0 0.74875 0.7691666666666667 0.06875 0.10666666666666667
0 0.1946875 0.07833333333333334 0.079375 0.095
0 0.46375 0.7416666666666667 0.06625 0.085
0 0.455 0.4241666666666667 0.06875 0.10166666666666667
0 0.2840625 0.45375 0.065625 0.08083333333333333
0 0.5896875 0.05625 0.066875 0.09916666666666667
0 0.74 0.6495833333333333 0.0575 0.08916666666666667
0 0.5159375 0.08375 0.055625 0.09416666666666666
0 0.815625 0.5479166666666667 0.06 0.0775
0 0.7434375 0.5458333333333333 0.068125 0.09
0 0.526875 0.2679166666666667 0.07125 0.08416666666666667
0 0.5903125 0.10791666666666666 0.066875 0.0875
0 0.676875 0.7425 0.05625 0.07833333333333334
0 0.5603125 0.8954166666666666 0.065625 0.0925
0 0.666875 0.27541666666666664 0.06 0.0775
0 0.3046875 0.6083333333333333 0.069375 0.085
0 0.681875 0.6520833333333333 0.0575 0.0825
0 0.7171875 0.22375 0.064375 0.07583333333333334
0 0.5240625 0.7120833333333333 0.059375 0.08583333333333333
0 0.746875 0.12541666666666668 0.05375 0.0725
0 0.2090625 0.5379166666666667 0.064375 0.0925
0 0.413125 0.8325 0.06625 0.09833333333333333
0 0.8303125 0.1475 0.049375 0.08333333333333333
0 0.4125 0.3075 0.06375 0.08166666666666667
0 0.49125 0.80375 0.065 0.0825
0 0.639375 0.38333333333333336 0.07125 0.085
0 0.250625 0.7370833333333333 0.06625 0.0925
0 0.669375 0.1325 0.06375 0.07666666666666666
0 0.518125 0.50875 0.0675 0.08583333333333333
0 0.6503125 0.08583333333333333 0.061875 0.09333333333333334
0 0.3134375 0.4216666666666667 0.070625 0.09166666666666666
0 0.20125 0.35791666666666666 0.06375 0.0825
0 0.58625 0.31833333333333336 0.06875 0.09666666666666666
0 0.831875 0.8545833333333334 0.06875 0.10583333333333333
0 0.3515625 0.3433333333333333 0.066875 0.07666666666666666
0 0.3303125 0.07333333333333333 0.059375 0.06833333333333333
0 0.7096875 0.39708333333333334 0.058125 0.08416666666666667
0 0.615 0.20375 0.05875 0.08083333333333333
0 0.780625 0.40125 0.08125 0.0825
0 0.528125 0.16083333333333333 0.06125 0.1
0 0.268125 0.6316666666666667 0.05625 0.08333333333333333
0 0.793125 0.0675 0.05625 0.085
0 0.520625 0.6645833333333333 0.0575 0.0975
0 0.3853125 0.53 0.073125 0.09166666666666666
0 0.828125 0.465 0.05375 0.07833333333333334
0 0.669375 0.8654166666666666 0.05875 0.09916666666666667
0 0.2028125 0.14333333333333334 0.065625 0.07333333333333333
0 0.7265625 0.26958333333333334 0.059375 0.08083333333333333
0 0.1646875 0.7345833333333334 0.063125 0.08916666666666667
0 0.374375 0.5758333333333333 0.0575 0.08333333333333333
0 0.415 0.8829166666666667 0.065 0.09083333333333334
0 0.178125 0.83375 0.06625 0.0875
0 0.665 0.47375 0.07375 0.0825
0 0.2740625 0.85875 0.054375 0.08583333333333333
0 0.3853125 0.05333333333333334 0.056875 0.09166666666666666
0 0.285 0.82625 0.06625 0.1025
0 0.30125 0.9491666666666667 0.06 0.1
0 0.7690625 0.9454166666666667 0.063125 0.0875
0 0.286875 0.3104166666666667 0.0625 0.0925
0 0.7659375 0.8454166666666667 0.051875 0.10083333333333333
0 0.341875 0.17125 0.08125 0.10416666666666667
0 0.81875 0.7120833333333333 0.07875 0.0925
0 0.4934375 0.25458333333333333 0.064375 0.08416666666666667
0 0.3228125 0.22 0.071875 0.09
0 0.5528125 0.4220833333333333 0.056875 0.0875
0 0.8315625 0.7925 0.061875 0.08833333333333333
0 0.464375 0.135 0.06 0.08666666666666667
0 0.80375 0.61375 0.06 0.08916666666666667
1 0.6028125 0.415 0.073125 0.11
1 0.395 0.16541666666666666 0.10375 0.16916666666666666
0 0.795 0.1025 0.04375 0.08166666666666667
0 0.814375 0.27708333333333335 0.06 0.07916666666666666
0 0.815 0.16333333333333333 0.05875 0.06666666666666667
0 0.7928125 0.29791666666666666 0.056875 0.06916666666666667
0 0.8071875 0.48 0.056875 0.07
0 0.7303125 0.3045833333333333 0.063125 0.07083333333333333
0 0.6721875 0.5133333333333333 0.073125 0.065
0 0.74125 0.39791666666666664 0.06 0.0775
0 0.5721875 0.34458333333333335 0.049375 0.0775
0 0.5309375 0.4379166666666667 0.053125 0.0975
0 0.5521875 0.18583333333333332 0.055625 0.07166666666666667
0 0.1778125 0.15625 0.063125 0.0725
0 0.1653125 0.21041666666666667 0.053125 0.08083333333333333
0 0.383125 0.33625 0.06 0.0725
0 0.46125 0.26208333333333333 0.04875 0.08416666666666667
0 0.4625 0.18166666666666667 0.05 0.07666666666666666
0 0.2165625 0.3904166666666667 0.055625 0.0675
0 0.2565625 0.3045833333333333 0.061875 0.0775
0 0.2778125 0.34958333333333336 0.055625 0.07916666666666666
0 0.229375 0.7679166666666667 0.06375 0.07416666666666667
0 0.2459375 0.86 0.054375 0.08666666666666667
0 0.18625 0.57875 0.05875 0.07083333333333333
0 0.245625 0.6266666666666667 0.06 0.08666666666666667
0 0.3184375 0.5183333333333333 0.054375 0.08166666666666667
0 0.2565625 0.4554166666666667 0.058125 0.08583333333333333
0 0.4815625 0.835 0.059375 0.08
0 0.466875 0.92875 0.06 0.09583333333333334
0 0.18 0.9504166666666667 0.07125 0.07416666666666667
0 0.1978125 0.8658333333333333 0.053125 0.07666666666666666
0 0.7715625 0.5970833333333333 0.048125 0.0725
0 0.75125 0.8629166666666667 0.07125 0.0975
0 0.6834375 0.8920833333333333 0.055625 0.0725
0 0.6615625 0.6491666666666667 0.065625 0.07833333333333334
0 0.65125 0.7429166666666667 0.06875 0.07083333333333333
0 0.5965625 0.73375 0.049375 0.07416666666666667
0 0.684375 0.15125 0.05375 0.0725
0 0.6384375 0.20666666666666667 0.056875 0.07333333333333333
0 0.1571875 0.24 0.063125 0.07333333333333333
0 0.534375 0.52 0.045 0.09333333333333334
0 0.8153125 0.7404166666666666 0.064375 0.0875
0 0.749375 0.6720833333333334 0.06125 0.07416666666666667