0 0.7003125 0.7633333333333333 0.068125 0.08166666666666667
0 0.4059375 0.43083333333333335 0.065625 0.07166666666666667
0 0.6065625 0.16 0.080625 0.09166666666666666
0 0.738125 0.6733333333333333 0.065 0.08666666666666667
0 0.584375 0.8279166666666666 0.07375 0.0875
0 0.685625 0.10541666666666667 0.08375 0.1075
0 0.83375 0.41625 0.0675 0.08083333333333333
0 0.8040625 0.8908333333333334 0.058125 0.08833333333333333
0 0.233125 0.8795833333333334 0.0675 0.09583333333333334
0 0.5084375 0.052083333333333336 0.073125 0.0975
0 0.53375 0.6320833333333333 0.0625 0.0825
0 0.6434375 0.25166666666666665 0.069375 0.09666666666666666
0 0.3496875 0.31 0.056875 0.08666666666666667
0 0.58 0.4504166666666667 0.08625 0.11083333333333334
0 0.8003125 0.6225 0.068125 0.08833333333333333
0 0.6765625 0.41041666666666665 0.069375 0.0925
0 0.47125 0.6141666666666666 0.065 0.09166666666666666
0 0.3603125 0.9179166666666667 0.066875 0.09083333333333334
0 0.2625 0.4195833333333333 0.075 0.0875
0 0.8071875 0.49875 0.061875 0.09083333333333334
0 0.7028125 0.6241666666666666 0.063125 0.095
0 0.3371875 0.8454166666666667 0.064375 0.07416666666666667
0 0.78625 0.7454166666666666 0.0575 0.07583333333333334
0 0.4790625 0.3279166666666667 0.055625 0.08583333333333333
0 0.7690625 0.5479166666666667 0.063125 0.07583333333333334
0 0.36875 0.08708333333333333 0.065 0.07416666666666667
0 0.4228125 0.22625 0.058125 0.09083333333333334
0 0.2653125 0.33708333333333335 0.058125 0.0725
0 0.225625 0.45916666666666667 0.06 0.09
0 0.4159375 0.3566666666666667 0.068125 0.08333333333333333
0 0.16 0.455 0.0675 0.085
0 0.4109375 0.6054166666666667 0.066875 0.0975
0 0.3975 0.70625 0.05625 0.08083333333333333
0 0.430625 0.8770833333333333 0.0725 0.08416666666666667
0 0.483125 0.7420833333333333 0.05 0.0675
0 0.3659375 0.16208333333333333 0.055625 0.07083333333333333
0 0.4403125 0.2725 0.053125 0.08333333333333333
0 0.3715625 0.545 0.060625 0.07333333333333333
0 0.8396875 0.21666666666666667 0.061875 0.07833333333333334
0 0.4978125 0.245 0.060625 0.07666666666666666
0 0.5225 0.8691666666666666 0.0625 0.08333333333333333
0 0.2671875 0.5829166666666666 0.053125 0.07416666666666667
1 0.7490625 0.22083333333333333 0.090625 0.11166666666666666
0 0.7003125 0.5216666666666666 0.054375 0.08166666666666667
0 0.643125 0.6083333333333333 0.07625 0.095
0 0.31 0.6908333333333333 0.06125 0.08333333333333333
0 0.3078125 0.525 0.065625 0.075
0 0.7978125 0.17291666666666666 0.088125 0.08916666666666667
0 0.31375 0.9045833333333333 0.0625 0.08916666666666667
0 0.15625 0.65875 0.055 0.08083333333333333
0 0.5021875 0.94125 0.084375 0.0725
0 0.4325 0.7679166666666667 0.0475 0.07583333333333334
1 0.6940625 0.32916666666666666 0.079375 0.12666666666666668
0 0.21125 0.77125 0.05125 0.07416666666666667
0 0.2015625 0.5670833333333334 0.061875 0.07916666666666666
0 0.650625 0.4975 0.05 0.095
0 0.3434375 0.48333333333333334 0.075625 0.06833333333333333
0 0.3309375 0.5704166666666667 0.055625 0.08416666666666667
0 0.1603125 0.9270833333333334 0.056875 0.0775
1 0.614375 0.5404166666666667 0.105 0.08083333333333333
0 0.335625 0.39458333333333334 0.04625 0.06583333333333333
0 0.15125 0.24166666666666667 0.05375 0.07333333333333333
0 0.3603125 0.805 0.069375 0.09166666666666666
0 0.5015625 0.675 0.045625 0.06333333333333334
0 0.5240625 0.7429166666666667 0.050625 0.06583333333333333
0 0.395 0.8133333333333334 0.0675 0.095
0 0.454375 0.9475 0.05875 0.09666666666666666