0 0.796875 0.26875 0.105 0.14083333333333334
0 0.9065625 0.22916666666666666 0.110625 0.14833333333333334
0 0.4153125 0.81875 0.103125 0.1375
0 0.5196875 0.39875 0.111875 0.14916666666666667
0 0.29625 0.655 0.10875 0.145
0 0.458125 0.09 0.1025 0.13666666666666666
0 0.0578125 0.6975 0.103125 0.13666666666666666
0 0.8875 0.485 0.11 0.14666666666666667
0 0.7753125 0.51375 0.103125 0.1375
0 0.7578125 0.20416666666666666 0.109375 0.145
0 0.3465625 0.7704166666666666 0.106875 0.1425
0 0.8084375 0.34958333333333336 0.098125 0.13083333333333333
0 0.7115625 0.0775 0.105625 0.14
0 0.516875 0.31 0.115 0.15333333333333332
0 0.60625 0.1925 0.09625 0.12833333333333333
0 0.45375 0.33958333333333335 0.105 0.14083333333333334
0 0.6646875 0.16291666666666665 0.096875 0.12916666666666668
0 0.1303125 0.7895833333333333 0.114375 0.1525
1 0.6453125 0.7154166666666667 0.110625 0.1475
0 0.7084375 0.1825 0.099375 0.13333333333333333