0 0.7259375 0.5479166666666667 0.083125 0.1025
0 0.8859375 0.8608333333333333 0.071875 0.09333333333333334
0 0.4990625 0.30583333333333335 0.078125 0.10166666666666667
0 0.79625 0.5916666666666667 0.075 0.09333333333333334
0 0.4028125 0.09541666666666666 0.078125 0.09916666666666667
0 0.145 0.7783333333333333 0.0775 0.1
0 0.814375 0.46625 0.06875 0.10583333333333333
0 0.5459375 0.8304166666666667 0.078125 0.10083333333333333
0 0.5684375 0.5808333333333333 0.078125 0.08333333333333333
0 0.204375 0.17708333333333334 0.07125 0.08916666666666667
0 0.955625 0.7958333333333333 0.07875 0.09833333333333333
0 0.0859375 0.6041666666666666 0.068125 0.10166666666666667
0 0.68 0.7816666666666666 0.07 0.1
0 0.3396875 0.8429166666666666 0.074375 0.10416666666666667
0 0.4559375 0.17666666666666667 0.075625 0.1
0 0.4265625 0.7179166666666666 0.051875 0.0975
0 0.0834375 0.9425 0.071875 0.08833333333333333
0 0.4703125 0.3925 0.073125 0.085
0 0.1728125 0.6858333333333333 0.075625 0.09666666666666666
0 0.8740625 0.17875 0.073125 0.1125
0 0.2509375 0.8541666666666666 0.056875 0.10166666666666667
0 0.1153125 0.19375 0.098125 0.11083333333333334
0 0.6515625 0.4375 0.081875 0.1
0 0.2475 0.22041666666666668 0.07 0.11416666666666667
0 0.8115625 0.8925 0.069375 0.1
0 0.9240625 0.4508333333333333 0.080625 0.09
0 0.266875 0.64 0.085 0.115
0 0.3371875 0.46125 0.073125 0.0925
0 0.55 0.10083333333333333 0.07875 0.08666666666666667
0 0.940625 0.3595833333333333 0.07125 0.09416666666666666
0 0.4303125 0.84 0.075625 0.10166666666666667
0 0.49625 0.6591666666666667 0.0775 0.09666666666666666
0 0.6634375 0.60375 0.070625 0.09416666666666666
0 0.1909375 0.4633333333333333 0.066875 0.09333333333333334
0 0.919375 0.7020833333333333 0.0675 0.10583333333333333
0 0.62 0.81 0.07 0.09166666666666666
0 0.600625 0.88375 0.06875 0.10416666666666667
0 0.679375 0.12791666666666668 0.0675 0.09083333333333334
0 0.135625 0.425 0.0825 0.08833333333333333
0 0.1159375 0.86 0.080625 0.09666666666666666
0 0.6103125 0.15958333333333333 0.078125 0.09916666666666667
0 0.1778125 0.37 0.081875 0.09833333333333333
0 0.87 0.34625 0.06625 0.09416666666666666
0 0.41875 0.2529166666666667 0.07 0.1025
0 0.9309375 0.11666666666666667 0.066875 0.10166666666666667
0 0.2646875 0.4033333333333333 0.075625 0.08666666666666667
0 0.513125 0.7079166666666666 0.0775 0.08416666666666667
0 0.740625 0.8254166666666667 0.08 0.1025
0 0.2253125 0.29541666666666666 0.069375 0.06583333333333333
0 0.70375 0.6025 0.07875 0.08666666666666667
0 0.6709375 0.89875 0.074375 0.0975
0 0.315625 0.08916666666666667 0.0825 0.105
0 0.708125 0.87125 0.0775 0.10083333333333333
0 0.19125 0.9470833333333334 0.0625 0.1025
0 0.148125 0.05708333333333333 0.075 0.09083333333333334
0 0.358125 0.375 0.07375 0.09166666666666666
0 0.5559375 0.37416666666666665 0.075625 0.10166666666666667
0 0.1034375 0.7375 0.074375 0.105
0 0.3234375 0.56875 0.061875 0.0975
0 0.6728125 0.1825 0.074375 0.09833333333333333
0 0.1721875 0.5641666666666667 0.068125 0.09833333333333333
0 0.23625 0.06041666666666667 0.075 0.0975
0 0.171875 0.11791666666666667 0.0875 0.09083333333333334
0 0.2690625 0.3625 0.071875 0.105
0 0.7628125 0.35583333333333333 0.073125 0.09666666666666666
0 0.381875 0.43333333333333335 0.07875 0.105
0 0.3928125 0.5329166666666667 0.074375 0.1025
1 0.781875 0.7508333333333334 0.0725 0.12
0 0.3165625 0.2225 0.079375 0.07666666666666666
0 0.774375 0.20875 0.06375 0.0925
0 0.6565625 0.6454166666666666 0.065625 0.10916666666666666
0 0.759375 0.6766666666666666 0.07 0.10333333333333333
0 0.5090625 0.7958333333333333 0.079375 0.10333333333333333
0 0.8278125 0.7791666666666667 0.079375 0.09
0 0.82375 0.7370833333333333 0.08 0.10083333333333333
0 0.6521875 0.3204166666666667 0.078125 0.10083333333333333
0 0.293125 0.19708333333333333 0.0675 0.1075
0 0.4215625 0.9320833333333334 0.065625 0.08583333333333333
0 0.5396875 0.3904166666666667 0.071875 0.0975
0 0.18125 0.5916666666666667 0.06125 0.08333333333333333
0 0.10125 0.6991666666666667 0.065 0.085
0 0.451875 0.9154166666666667 0.065 0.1025
0 0.6878125 0.4483333333333333 0.071875 0.09833333333333333
0 0.6065625 0.6295833333333334 0.056875 0.11916666666666667
0 0.33875 0.29541666666666666 0.07625 0.07583333333333334
0 0.8746875 0.3070833333333333 0.073125 0.08416666666666667
1 0.7390625 0.20416666666666666 0.070625 0.145
0 0.2496875 0.46625 0.063125 0.09083333333333334
0 0.7159375 0.7358333333333333 0.045625 0.11333333333333333
0 0.6346875 0.36375 0.076875 0.0975
0 0.694375 0.3616666666666667 0.0725 0.09666666666666666
0 0.37125 0.22416666666666665 0.0525 0.10833333333333334
0 0.3478125 0.32458333333333333 0.069375 0.09916666666666667
0 0.6803125 0.2808333333333333 0.068125 0.08833333333333333
0 0.7746875 0.27166666666666667 0.058125 0.11166666666666666
0 0.576875 0.050416666666666665 0.0725 0.08416666666666667
0 0.0384375 0.16333333333333333 0.054375 0.09666666666666666
0 0.3678125 0.5516666666666666 0.045625 0.11333333333333333
0 0.440625 0.7154166666666667 0.06125 0.0775