0 0.40125 0.7858333333333334 0.05875 0.075
0 0.3028125 0.4216666666666667 0.065625 0.08666666666666667
0 0.7915625 0.4820833333333333 0.058125 0.07916666666666666
0 0.201875 0.20083333333333334 0.05625 0.08666666666666667
0 0.9140625 0.7508333333333334 0.073125 0.09666666666666666
0 0.560625 0.7779166666666667 0.07 0.0875
0 0.645625 0.8741666666666666 0.0775 0.095
0 0.6178125 0.49583333333333335 0.063125 0.1
0 0.256875 0.25875 0.07375 0.0925
0 0.6715625 0.17625 0.073125 0.09083333333333334
0 0.3825 0.335 0.06 0.08666666666666667
0 0.7434375 0.12541666666666668 0.068125 0.11083333333333334
0 0.244375 0.8695833333333334 0.06375 0.0925
0 0.7878125 0.2075 0.066875 0.09
0 0.9334375 0.16541666666666666 0.071875 0.0825
0 0.303125 0.93375 0.0675 0.08916666666666667
0 0.4865625 0.225 0.063125 0.08166666666666667
0 0.4084375 0.4970833333333333 0.069375 0.0875
0 0.379375 0.41541666666666666 0.05625 0.07083333333333333
0 0.0725 0.8825 0.0625 0.08333333333333333
0 0.11375 0.6495833333333333 0.0625 0.0775
0 0.9309375 0.38416666666666666 0.070625 0.09166666666666666
0 0.27875 0.085 0.05875 0.08333333333333333
0 0.60375 0.10291666666666667 0.06375 0.08416666666666667
0 0.2240625 0.11333333333333333 0.066875 0.08
0 0.4225 0.8683333333333333 0.06 0.09333333333333334
0 0.523125 0.6495833333333333 0.06 0.08083333333333333
0 0.160625 0.6041666666666666 0.06125 0.09166666666666666
0 0.46 0.8166666666666667 0.0625 0.08166666666666667
0 0.1546875 0.07708333333333334 0.056875 0.06416666666666666
0 0.7484375 0.2725 0.061875 0.07833333333333334
0 0.4075 0.9454166666666667 0.07375 0.09916666666666667
0 0.4575 0.6454166666666666 0.0675 0.0825
0 0.3784375 0.67375 0.066875 0.08916666666666667
0 0.32625 0.25625 0.0625 0.0825
0 0.3896875 0.6316666666666667 0.065625 0.08166666666666667
0 0.571875 0.6975 0.0625 0.075
0 0.858125 0.09583333333333334 0.055 0.08833333333333333
0 0.9475 0.6404166666666666 0.06375 0.0675
0 0.9003125 0.93 0.063125 0.08833333333333333
0 0.0590625 0.6795833333333333 0.074375 0.08916666666666667
1 0.4890625 0.5666666666666667 0.099375 0.11
0 0.8015625 0.10791666666666666 0.055625 0.07916666666666666
0 0.6309375 0.3258333333333333 0.059375 0.085
0 0.7534375 0.5333333333333333 0.074375 0.095
0 0.8171875 0.40041666666666664 0.071875 0.09083333333333334
0 0.4953125 0.8808333333333334 0.065625 0.085
0 0.8596875 0.4795833333333333 0.069375 0.09416666666666666
0 0.1875 0.8620833333333333 0.05625 0.09416666666666666
0 0.900625 0.5904166666666667 0.06 0.0725
0 0.261875 0.7966666666666666 0.065 0.06
0 0.1996875 0.67375 0.061875 0.0725
0 0.6853125 0.5058333333333334 0.061875 0.09166666666666666
0 0.5871875 0.9508333333333333 0.064375 0.09666666666666666
0 0.1975 0.80875 0.06125 0.05583333333333333
0 0.87375 0.5245833333333333 0.05875 0.08583333333333333
1 0.060625 0.8158333333333333 0.1075 0.11166666666666666
0 0.155 0.8145833333333333 0.06875 0.08083333333333333
0 0.2475 0.6629166666666667 0.06375 0.0825
1 0.515625 0.0325 0.095 0.06333333333333334
0 0.163125 0.49916666666666665 0.055 0.11666666666666667