0 0.114375 0.80875 0.0625 0.0825
0 0.1565625 0.39875 0.071875 0.08916666666666667
0 0.5240625 0.77125 0.068125 0.09416666666666666
0 0.905625 0.27875 0.07875 0.0925
0 0.5609375 0.3825 0.074375 0.09833333333333333
0 0.065625 0.20166666666666666 0.0625 0.10333333333333333
0 0.256875 0.43 0.08 0.08833333333333333
0 0.1540625 0.535 0.065625 0.08166666666666667
0 0.8740625 0.6316666666666667 0.075625 0.10333333333333333
0 0.891875 0.9479166666666666 0.06625 0.07916666666666666
0 0.4915625 0.3695833333333333 0.065625 0.1075
0 0.1340625 0.19083333333333333 0.080625 0.1
0 0.1028125 0.09458333333333334 0.084375 0.09583333333333334
0 0.0521875 0.6695833333333333 0.074375 0.07916666666666666
0 0.06125 0.41208333333333336 0.07125 0.09416666666666666
0 0.4265625 0.4375 0.075625 0.1
0 0.644375 0.395 0.0825 0.10833333333333334
0 0.82875 0.34541666666666665 0.08625 0.09083333333333334
0 0.456875 0.7458333333333333 0.08375 0.09333333333333334
0 0.67875 0.14416666666666667 0.08125 0.10166666666666667
0 0.4821875 0.2679166666666667 0.084375 0.0975
0 0.225 0.5129166666666667 0.07875 0.09916666666666667
0 0.825 0.49625 0.0775 0.10083333333333333
0 0.7178125 0.4608333333333333 0.070625 0.08666666666666667
0 0.635625 0.8354166666666667 0.085 0.0975
0 0.0515625 0.5566666666666666 0.083125 0.09666666666666666
0 0.390625 0.31416666666666665 0.0775 0.10333333333333333
0 0.571875 0.4845833333333333 0.07625 0.1075
0 0.219375 0.08125 0.085 0.07583333333333334
0 0.7296875 0.056666666666666664 0.078125 0.09833333333333333
0 0.3096875 0.85375 0.078125 0.0925
0 0.1259375 0.7033333333333334 0.085625 0.1
0 0.281875 0.9258333333333333 0.07875 0.10333333333333333
0 0.601875 0.8925 0.0875 0.09166666666666666
0 0.625625 0.45708333333333334 0.08125 0.10916666666666666
0 0.445 0.50875 0.0925 0.06916666666666667
0 0.1740625 0.29791666666666666 0.093125 0.1025
0 0.5084375 0.64 0.098125 0.12
0 0.0253125 0.8454166666666667 0.050625 0.10083333333333333
1 0.339375 0.57 0.07125 0.09666666666666666