0 0.5909375 0.43333333333333335 0.059375 0.10166666666666667
0 0.1940625 0.185 0.061875 0.095
0 0.1821875 0.5120833333333333 0.060625 0.08416666666666667
0 0.6625 0.4741666666666667 0.065 0.09666666666666666
0 0.17375 0.2783333333333333 0.06125 0.09666666666666666
0 0.24 0.30333333333333334 0.05875 0.08
0 0.9159375 0.2529166666666667 0.061875 0.08416666666666667
0 0.7440625 0.8004166666666667 0.063125 0.08916666666666667
0 0.540625 0.8195833333333333 0.06125 0.09083333333333334
0 0.9009375 0.6779166666666666 0.060625 0.08416666666666667
0 0.953125 0.655 0.06125 0.1
0 0.64625 0.36333333333333334 0.06875 0.085
0 0.2453125 0.11333333333333333 0.064375 0.08833333333333333
0 0.8628125 0.45125 0.056875 0.0775
0 0.800625 0.33125 0.07375 0.0925
0 0.4075 0.25583333333333336 0.06375 0.08
0 0.4675 0.24333333333333335 0.065 0.08333333333333333
0 0.54875 0.9191666666666667 0.055 0.07666666666666666
0 0.2390625 0.5775 0.060625 0.09166666666666666
0 0.2490625 0.48041666666666666 0.061875 0.07416666666666667
0 0.351875 0.735 0.05875 0.08
0 0.1525 0.38166666666666665 0.06375 0.08
0 0.59125 0.66 0.0675 0.09166666666666666
0 0.5134375 0.7283333333333334 0.061875 0.07333333333333333
0 0.4696875 0.07958333333333334 0.060625 0.0675
0 0.88125 0.88875 0.055 0.0675
0 0.12 0.17208333333333334 0.055 0.07916666666666666
0 0.816875 0.6441666666666667 0.05875 0.09833333333333333
0 0.809375 0.56375 0.0575 0.08416666666666667
0 0.619375 0.9404166666666667 0.06125 0.07416666666666667
0 0.0825 0.3104166666666667 0.06125 0.07916666666666666
0 0.311875 0.32208333333333333 0.06 0.06583333333333333
0 0.7890625 0.18458333333333332 0.071875 0.10583333333333333
0 0.4815625 0.70375 0.058125 0.0875
0 0.5775 0.10541666666666667 0.05375 0.0825
0 0.133125 0.5779166666666666 0.0675 0.09416666666666666
0 0.35 0.05875 0.065 0.08416666666666667
0 0.3515625 0.32708333333333334 0.058125 0.07916666666666666
0 0.339375 0.20875 0.05625 0.08416666666666667
0 0.7828125 0.43 0.066875 0.085
0 0.399375 0.85875 0.055 0.0875
0 0.411875 0.6966666666666667 0.06125 0.08333333333333333
0 0.9515625 0.1675 0.071875 0.08833333333333333
0 0.435 0.5608333333333333 0.065 0.08
0 0.3359375 0.8308333333333333 0.060625 0.08333333333333333
0 0.3221875 0.44375 0.060625 0.08083333333333333
0 0.5709375 0.17208333333333334 0.046875 0.07416666666666667
0 0.2965625 0.6216666666666667 0.050625 0.07666666666666666
0 0.761875 0.6270833333333333 0.0625 0.08916666666666667
0 0.1428125 0.6529166666666667 0.066875 0.0775
0 0.9271875 0.4683333333333333 0.055625 0.08666666666666667
0 0.553125 0.21666666666666667 0.06875 0.09
0 0.0678125 0.42375 0.069375 0.0825
0 0.8296875 0.04791666666666667 0.060625 0.09583333333333334
0 0.716875 0.15458333333333332 0.06875 0.0925
0 0.8375 0.8175 0.05875 0.07333333333333333
0 0.69625 0.6729166666666667 0.06 0.07583333333333334
0 0.40625 0.9066666666666666 0.07 0.07333333333333333
0 0.5321875 0.6054166666666667 0.051875 0.0875
0 0.926875 0.39416666666666667 0.06375 0.07833333333333334
0 0.22 0.3958333333333333 0.05 0.08666666666666667
0 0.4196875 0.12958333333333333 0.068125 0.08916666666666667
0 0.878125 0.5841666666666666 0.0575 0.06833333333333333
0 0.7496875 0.7095833333333333 0.059375 0.07583333333333334
0 0.7228125 0.51625 0.069375 0.0925
0 0.226875 0.96 0.0625 0.075
0 0.693125 0.5841666666666666 0.0675 0.07333333333333333
0 0.4878125 0.9391666666666667 0.063125 0.08166666666666667
0 0.8490625 0.9254166666666667 0.060625 0.09083333333333334
0 0.64375 0.6283333333333333 0.0575 0.075
0 0.6940625 0.88 0.064375 0.09666666666666666
0 0.4084375 0.8041666666666667 0.063125 0.07166666666666667
0 0.6475 0.7429166666666667 0.05 0.07416666666666667
0 0.6175 0.050416666666666665 0.04625 0.09416666666666666
0 0.0884375 0.8695833333333334 0.068125 0.0725
0 0.95875 0.9229166666666667 0.06 0.07916666666666666
0 0.329375 0.5625 0.05 0.12333333333333334
0 0.0515625 0.24041666666666667 0.080625 0.0925
0 0.8996875 0.78125 0.064375 0.0825
0 0.9575 0.7408333333333333 0.0675 0.045
0 0.465625 0.6204166666666666 0.0725 0.0775
0 0.88625 0.5375 0.06125 0.07333333333333333
0 0.6478125 0.9104166666666667 0.056875 0.0825
0 0.7003125 0.2679166666666667 0.071875 0.09083333333333334
0 0.4278125 0.6479166666666667 0.063125 0.07083333333333333
0 0.516875 0.5470833333333334 0.065 0.08583333333333333
1 0.63625 0.22291666666666668 0.08625 0.10916666666666666
0 0.5428125 0.3279166666666667 0.063125 0.07416666666666667
0 0.1190625 0.8554166666666667 0.064375 0.1125
0 0.4471875 0.4525 0.058125 0.095
0 0.3925 0.4141666666666667 0.0575 0.075
0 0.243125 0.7341666666666666 0.05 0.075
0 0.8765625 0.09916666666666667 0.050625 0.06333333333333334
0 0.2559375 0.8575 0.053125 0.07833333333333334
0 0.523125 0.43 0.06875 0.1
0 0.6140625 0.5370833333333334 0.055625 0.07416666666666667
0 0.8396875 0.28375 0.069375 0.1125
0 0.0384375 0.6954166666666667 0.055625 0.0825
0 0.784375 0.87125 0.055 0.08416666666666667
0 0.0653125 0.5908333333333333 0.056875 0.06333333333333334
0 0.659375 0.8666666666666667 0.06 0.075
0 0.9059375 0.0925 0.060625 0.09166666666666666
0 0.764375 0.07291666666666667 0.045 0.10083333333333333
1 0.39375 0.4895833333333333 0.06375 0.0925
0 0.838125 0.7391666666666666 0.0625 0.075
0 0.9478125 0.8808333333333334 0.051875 0.08
0 0.9321875 0.84875 0.056875 0.08416666666666667
0 0.7775 0.9145833333333333 0.05875 0.0775
0 0.56875 0.895 0.07 0.105
0 0.490625 0.8725 0.05125 0.08666666666666667
0 0.590625 0.7995833333333333 0.05125 0.060833333333333336
0 0.678125 0.6495833333333333 0.0625 0.0775
0 0.7659375 0.685 0.055625 0.07666666666666666
0 0.7090625 0.40291666666666665 0.054375 0.09083333333333334
0 0.919375 0.51125 0.055 0.07583333333333334
0 0.903125 0.35625 0.05875 0.0925
0 0.77125 0.21833333333333332 0.05 0.08
0 0.7034375 0.19541666666666666 0.056875 0.08083333333333333
0 0.794375 0.47041666666666665 0.06125 0.07416666666666667
0 0.8284375 0.7725 0.055625 0.08666666666666667
0 0.7965625 0.6204166666666666 0.065625 0.09916666666666667
0 0.968125 0.32916666666666666 0.06 0.05333333333333334
0 0.4225 0.22208333333333333 0.05 0.08416666666666667
0 0.5665625 0.04958333333333333 0.053125 0.0975
0 0.6921875 0.3670833333333333 0.063125 0.07583333333333334
0 0.7146875 0.37625 0.055625 0.07583333333333334
0 0.493125 0.5408333333333334 0.05125 0.09666666666666666
0 0.6003125 0.5504166666666667 0.056875 0.07083333333333333
0 0.58125 0.5279166666666667 0.06 0.0775
0 0.7015625 0.5625 0.049375 0.06666666666666667
0 0.3359375 0.79625 0.053125 0.0825
0 0.47125 0.8370833333333333 0.05875 0.0725
0 0.4715625 0.8091666666666667 0.058125 0.09333333333333334
0 0.1696875 0.6733333333333333 0.054375 0.06166666666666667
0 0.20375 0.6779166666666666 0.0625 0.08583333333333333
0 0.23 0.6958333333333333 0.05875 0.08
0 0.11875 0.54625 0.05625 0.0875
0 0.25125 0.5408333333333334 0.05875 0.09666666666666666
0 0.298125 0.43833333333333335 0.0575 0.09333333333333334
0 0.1409375 0.3541666666666667 0.054375 0.06666666666666667
0 0.0909375 0.3804166666666667 0.068125 0.1025
0 0.12375 0.14583333333333334 0.05875 0.08666666666666667
0 0.0353125 0.14291666666666666 0.044375 0.07416666666666667
0 0.05875 0.06791666666666667 0.065 0.07583333333333334
0 0.2590625 0.20416666666666666 0.058125 0.09666666666666666
0 0.3246875 0.17916666666666667 0.056875 0.085
0 0.3915625 0.12708333333333333 0.060625 0.0725
0 0.3515625 0.15583333333333332 0.051875 0.08
0 0.195 0.40708333333333335 0.06 0.0875
0 0.3925 0.61 0.05625 0.09333333333333334
0 0.3959375 0.6508333333333334 0.060625 0.09166666666666666
0 0.8028125 0.8495833333333334 0.061875 0.07416666666666667
0 0.66875 0.2808333333333333 0.05625 0.065
0 0.53 0.6370833333333333 0.05375 0.07583333333333334
0 0.4465625 0.8079166666666666 0.059375 0.07416666666666667
0 0.6275 0.7204166666666667 0.05875 0.07416666666666667
0 0.664375 0.037083333333333336 0.0475 0.0725
0 0.0359375 0.5933333333333334 0.064375 0.06833333333333333
0 0.039375 0.7370833333333333 0.0575 0.0975
0 0.0321875 0.77375 0.056875 0.07416666666666667
0 0.2665625 0.8408333333333333 0.054375 0.08333333333333333