0 0.276875 0.70125 0.0825 0.10916666666666666
0 0.6346875 0.7629166666666667 0.090625 0.11083333333333334
0 0.8165625 0.7608333333333334 0.086875 0.105
0 0.623125 0.1675 0.08625 0.10333333333333333
0 0.795625 0.32083333333333336 0.08625 0.10666666666666667
0 0.1821875 0.2891666666666667 0.081875 0.11
0 0.3703125 0.8725 0.091875 0.10166666666666667
0 0.5634375 0.7204166666666667 0.080625 0.10583333333333333
0 0.4278125 0.57375 0.076875 0.1075
0 0.61 0.40458333333333335 0.08 0.0975
0 0.610625 0.5754166666666667 0.08625 0.11416666666666667
0 0.685 0.09958333333333333 0.07125 0.1075
0 0.2515625 0.5316666666666666 0.100625 0.09833333333333333
0 0.395 0.2841666666666667 0.09625 0.08666666666666667