0 0.45125 0.5970833333333333 0.0775 0.1075
0 0.84125 0.7970833333333334 0.07625 0.0925
0 0.28125 0.26916666666666667 0.07875 0.09666666666666666
0 0.66875 0.4995833333333333 0.08 0.09083333333333334
0 0.9009375 0.26 0.075625 0.08166666666666667
0 0.6090625 0.71375 0.080625 0.10916666666666666
0 0.2378125 0.19125 0.075625 0.0975
0 0.9175 0.62125 0.07125 0.09583333333333334
0 0.503125 0.7 0.07375 0.09833333333333333
0 0.7209375 0.9245833333333333 0.066875 0.08916666666666667
0 0.2434375 0.705 0.079375 0.10833333333333334
0 0.1278125 0.3120833333333333 0.078125 0.10583333333333333
0 0.8690625 0.40166666666666667 0.076875 0.10666666666666667
0 0.0834375 0.9479166666666666 0.083125 0.09916666666666667
0 0.425 0.8404166666666667 0.08 0.1025
0 0.1190625 0.6345833333333334 0.073125 0.11083333333333334
0 0.0653125 0.10791666666666666 0.060625 0.09916666666666667
0 0.1815625 0.43416666666666665 0.073125 0.09666666666666666
0 0.346875 0.20333333333333334 0.05875 0.09
0 0.7140625 0.41875 0.074375 0.0925
0 0.125625 0.5216666666666666 0.06625 0.11
0 0.2609375 0.9479166666666666 0.070625 0.1025
0 0.6328125 0.3375 0.071875 0.1
0 0.7671875 0.70625 0.076875 0.09416666666666666
0 0.8090625 0.5579166666666666 0.069375 0.09416666666666666
0 0.3946875 0.76125 0.080625 0.09916666666666667
0 0.4978125 0.27 0.069375 0.10166666666666667
0 0.0540625 0.53375 0.075625 0.0925
0 0.9053125 0.7308333333333333 0.076875 0.10333333333333333
0 0.3953125 0.06625 0.065625 0.09916666666666667
0 0.2425 0.8329166666666666 0.0675 0.0975
0 0.413125 0.6675 0.08 0.08833333333333333
0 0.41125 0.32625 0.07875 0.10416666666666667
0 0.376875 0.3575 0.05875 0.12333333333333334