0 0.3721875 0.3258333333333333 0.094375 0.12666666666666668
0 0.4171875 0.45916666666666667 0.109375 0.14666666666666667
0 0.20375 0.67375 0.09875 0.13083333333333333
0 0.6334375 0.31958333333333333 0.103125 0.1375
0 0.70375 0.265 0.1025 0.13666666666666666
0 0.3328125 0.65625 0.100625 0.13416666666666666
0 0.2109375 0.23916666666666667 0.098125 0.13166666666666665
0 0.6159375 0.52625 0.084375 0.1125
0 0.17 0.39208333333333334 0.09125 0.1225
0 0.481875 0.18416666666666667 0.1025 0.13666666666666666
0 0.4796875 0.29375 0.096875 0.12916666666666668
0 0.643125 0.11291666666666667 0.08875 0.11916666666666667
0 0.09125 0.485 0.07125 0.095
1 0.105625 0.405 0.11375 0.15166666666666667
0 0.81875 0.5783333333333334 0.08875 0.11833333333333333
0 0.4046875 0.7325 0.081875 0.11
0 0.7275 0.7495833333333334 0.08375 0.1125
0 0.108125 0.5591666666666667 0.11 0.14666666666666667
0 0.7609375 0.3020833333333333 0.090625 0.12083333333333333
1 0.290625 0.27291666666666664 0.10875 0.14416666666666667
0 0.27125 0.6683333333333333 0.08125 0.10833333333333334
0 0.573125 0.09333333333333334 0.0975 0.13
0 0.5365625 0.13541666666666666 0.094375 0.12583333333333332
0 0.859375 0.6341666666666667 0.10125 0.135
0 0.2090625 0.4979166666666667 0.099375 0.1325
0 0.1459375 0.48625 0.081875 0.10916666666666666
0 0.530625 0.48125 0.0825 0.11083333333333334
0 0.7021875 0.34708333333333335 0.078125 0.10416666666666667
0 0.2359375 0.44708333333333333 0.090625 0.12083333333333333
0 0.3525 0.2175 0.085 0.11333333333333333
0 0.6809375 0.5266666666666666 0.085625 0.11333333333333333
0 0.578125 0.3625 0.08 0.10666666666666667
0 0.2121875 0.37125 0.099375 0.1325
0 0.5915625 0.6179166666666667 0.083125 0.11083333333333334
0 0.3290625 0.7508333333333334 0.086875 0.115
0 0.2659375 0.32166666666666666 0.090625 0.12166666666666667
0 0.416875 0.1875 0.0925 0.12333333333333334
0 0.8725 0.71125 0.08125 0.1075
0 0.7040625 0.8570833333333333 0.090625 0.12083333333333333
0 0.485625 0.46625 0.07125 0.09583333333333334
0 0.1403125 0.08833333333333333 0.079375 0.105
0 0.5990625 0.15875 0.070625 0.09416666666666666
0 0.7221875 0.4725 0.080625 0.10833333333333334
0 0.714375 0.4141666666666667 0.07625 0.10166666666666667
0 0.49875 0.8725 0.06625 0.08833333333333333