0 0.6753125 0.7816666666666666 0.070625 0.095
0 0.2215625 0.7808333333333334 0.080625 0.09333333333333334
0 0.7340625 0.8370833333333333 0.066875 0.07916666666666666
0 0.82125 0.49875 0.05625 0.07583333333333334
0 0.5528125 0.7508333333333334 0.059375 0.08666666666666667
0 0.66875 0.25708333333333333 0.0575 0.09583333333333334
0 0.61625 0.585 0.06125 0.085
0 0.7390625 0.48541666666666666 0.064375 0.0875
0 0.8065625 0.8133333333333334 0.071875 0.095
0 0.3675 0.32416666666666666 0.06375 0.08166666666666667
0 0.3915625 0.22166666666666668 0.073125 0.09666666666666666
0 0.30625 0.83 0.0525 0.06666666666666667
0 0.3709375 0.41875 0.063125 0.08083333333333333
0 0.5425 0.2575 0.06 0.07666666666666666
0 0.6759375 0.535 0.064375 0.09166666666666666
0 0.7334375 0.32458333333333333 0.075625 0.09083333333333334
0 0.6965625 0.6745833333333333 0.076875 0.08083333333333333
0 0.4546875 0.13125 0.061875 0.08583333333333333
0 0.2315625 0.11083333333333334 0.065625 0.08333333333333333
0 0.5003125 0.7554166666666666 0.073125 0.0975
0 0.3096875 0.46458333333333335 0.068125 0.0825
0 0.216875 0.24583333333333332 0.06125 0.07166666666666667
0 0.2828125 0.16916666666666666 0.058125 0.07833333333333334
0 0.733125 0.58375 0.0725 0.08416666666666667
0 0.8240625 0.40875 0.056875 0.07583333333333334
0 0.36375 0.8879166666666667 0.0675 0.08583333333333333
0 0.5921875 0.94 0.069375 0.09833333333333333
0 0.59125 0.19833333333333333 0.0575 0.07833333333333334
0 0.263125 0.8875 0.06625 0.08166666666666667
0 0.3753125 0.7 0.064375 0.07666666666666666
0 0.673125 0.07625 0.06875 0.08416666666666667
0 0.526875 0.16083333333333333 0.06625 0.08333333333333333
0 0.6553125 0.8925 0.065625 0.08166666666666667
0 0.65125 0.6866666666666666 0.05375 0.08166666666666667
0 0.256875 0.3958333333333333 0.0625 0.09
0 0.644375 0.09625 0.07375 0.08083333333333333
0 0.675625 0.9216666666666666 0.06875 0.06666666666666667
0 0.4140625 0.9120833333333334 0.066875 0.10083333333333333
0 0.4075 0.07041666666666667 0.0575 0.1025
0 0.7225 0.11791666666666667 0.05875 0.07416666666666667
0 0.436875 0.29125 0.0625 0.08916666666666667
0 0.6153125 0.4825 0.059375 0.09166666666666666
0 0.6121875 0.6825 0.066875 0.08833333333333333
0 0.8003125 0.12583333333333332 0.056875 0.09
0 0.2728125 0.12375 0.064375 0.0925
0 0.4840625 0.34458333333333335 0.054375 0.0775
0 0.3503125 0.62375 0.063125 0.0875
0 0.47625 0.8525 0.065 0.07666666666666666
0 0.530625 0.35125 0.06375 0.08416666666666667
0 0.5928125 0.38958333333333334 0.066875 0.08583333333333333
0 0.503125 0.6670833333333334 0.0725 0.1025
0 0.42875 0.37875 0.05625 0.0625
0 0.835625 0.26 0.06625 0.08666666666666667
0 0.195625 0.93125 0.05375 0.0775
0 0.8140625 0.64375 0.068125 0.09583333333333334
0 0.2559375 0.6891666666666667 0.086875 0.075
0 0.5725 0.04583333333333333 0.06125 0.07833333333333334
0 0.7353125 0.2554166666666667 0.053125 0.08583333333333333
0 0.8353125 0.7383333333333333 0.064375 0.08166666666666667
0 0.455 0.21708333333333332 0.07 0.08916666666666667
0 0.2790625 0.6616666666666666 0.068125 0.07166666666666667
0 0.5871875 0.8341666666666666 0.065625 0.075
0 0.7659375 0.7258333333333333 0.054375 0.075
0 0.48875 0.6075 0.06 0.07166666666666667
0 0.154375 0.30291666666666667 0.05875 0.09083333333333334
0 0.514375 0.56625 0.065 0.0725
0 0.1953125 0.3695833333333333 0.053125 0.0775
0 0.33625 0.09958333333333333 0.0625 0.08583333333333333
0 0.7690625 0.63125 0.065625 0.07416666666666667
0 0.3275 0.24458333333333335 0.06375 0.07583333333333334
0 0.17625 0.5333333333333333 0.0525 0.085
0 0.6884375 0.5904166666666667 0.053125 0.07583333333333334
0 0.675 0.43833333333333335 0.05375 0.07
0 0.3203125 0.17791666666666667 0.069375 0.0725
0 0.519375 0.9120833333333334 0.05625 0.059166666666666666
0 0.7459375 0.4075 0.048125 0.085
0 0.83 0.8979166666666667 0.0625 0.07583333333333334
0 0.5575 0.4691666666666667 0.0575 0.07333333333333333
1 0.4221875 0.6 0.093125 0.11333333333333333
1 0.55875 0.11416666666666667 0.0975 0.08166666666666667
0 0.65 0.3329166666666667 0.05375 0.0575
0 0.8390625 0.050416666666666665 0.048125 0.06916666666666667
0 0.37 0.5075 0.0425 0.07666666666666666
0 0.60875 0.2925 0.0575 0.06166666666666667
0 0.49375 0.6970833333333334 0.05 0.0825
0 0.586875 0.67625 0.06 0.06583333333333333
0 0.563125 0.8466666666666667 0.0625 0.065
0 0.609375 0.8195833333333333 0.05625 0.0725
0 0.4928125 0.8808333333333334 0.065625 0.08833333333333333
0 0.8071875 0.93375 0.051875 0.07416666666666667
0 0.7884375 0.745 0.065625 0.09
0 0.8259375 0.5970833333333333 0.054375 0.0725
0 0.799375 0.5104166666666666 0.05 0.0675
0 0.8034375 0.39916666666666667 0.053125 0.08333333333333333
0 0.8409375 0.21625 0.061875 0.07583333333333334
0 0.7821875 0.25833333333333336 0.058125 0.10666666666666667
0 0.6103125 0.21958333333333332 0.063125 0.0725
0 0.5515625 0.52375 0.059375 0.09416666666666666
0 0.5309375 0.4683333333333333 0.055625 0.07
0 0.4859375 0.46958333333333335 0.054375 0.08416666666666667
0 0.4684375 0.4504166666666667 0.054375 0.07916666666666666
0 0.450625 0.41541666666666666 0.05875 0.08583333333333333
0 0.41125 0.12166666666666667 0.06 0.09
0 0.2315625 0.0325 0.063125 0.06333333333333334
0 0.708125 0.41625 0.06125 0.07583333333333334
0 0.7809375 0.165 0.055625 0.07666666666666666
0 0.789375 0.20791666666666667 0.0525 0.07416666666666667
0 0.3521875 0.7258333333333333 0.055625 0.075
0 0.24 0.8629166666666667 0.0575 0.05583333333333333
0 0.324375 0.60375 0.04875 0.05583333333333333
0 0.28375 0.6208333333333333 0.0525 0.08166666666666667
0 0.17 0.8816666666666667 0.0575 0.07
0 0.174375 0.9533333333333334 0.07125 0.07333333333333333
0 0.3025 0.8066666666666666 0.05 0.07666666666666666
0 0.2078125 0.6058333333333333 0.053125 0.06666666666666667
0 0.1884375 0.57125 0.056875 0.08916666666666667
0 0.17125 0.49125 0.05125 0.07083333333333333
0 0.224375 0.4429166666666667 0.06 0.0725
0 0.1696875 0.45416666666666666 0.064375 0.07666666666666666
0 0.2209375 0.34958333333333336 0.064375 0.0875
0 0.20375 0.45208333333333334 0.05875 0.0725
0 0.3409375 0.05875 0.053125 0.07083333333333333
0 0.37875 0.11166666666666666 0.06 0.08
0 0.305625 0.26416666666666666 0.06 0.065
0 0.280625 0.285 0.06125 0.06833333333333333
0 0.264375 0.30291666666666667 0.06625 0.0775
0 0.78875 0.86125 0.06 0.07416666666666667
0 0.5371875 0.5625 0.060625 0.08
0 0.519375 0.38458333333333333 0.065 0.0625
0 0.5971875 0.45166666666666666 0.065625 0.07
0 0.72375 0.07875 0.06375 0.08416666666666667
0 0.736875 0.10583333333333333 0.06 0.06166666666666667
0 0.749375 0.13625 0.0525 0.07916666666666666
0 0.7471875 0.24041666666666667 0.076875 0.07416666666666667
0 0.4765625 0.22416666666666665 0.061875 0.065
0 0.2334375 0.23416666666666666 0.055625 0.07