0 0.3009375 0.27375 0.079375 0.0925
0 0.0465625 0.10375 0.078125 0.09583333333333334
0 0.8909375 0.19 0.080625 0.10166666666666667
0 0.6021875 0.4166666666666667 0.079375 0.11333333333333333
0 0.1221875 0.6445833333333333 0.069375 0.09416666666666666
0 0.0940625 0.5329166666666667 0.069375 0.09083333333333334
0 0.4625 0.7295833333333334 0.08375 0.09916666666666667
0 0.1990625 0.53625 0.085625 0.09916666666666667
0 0.8471875 0.5175 0.074375 0.10166666666666667
0 0.749375 0.5154166666666666 0.06875 0.10083333333333333
0 0.42125 0.09333333333333334 0.08 0.09666666666666666
0 0.5934375 0.2866666666666667 0.080625 0.09833333333333333
0 0.3603125 0.8641666666666666 0.080625 0.08833333333333333
0 0.753125 0.695 0.07625 0.11166666666666666
0 0.8959375 0.7125 0.070625 0.085
0 0.309375 0.62875 0.06875 0.10083333333333333
0 0.1640625 0.11541666666666667 0.071875 0.0925
0 0.9590625 0.7954166666666667 0.073125 0.0975
0 0.9275 0.10083333333333333 0.07375 0.11166666666666666
0 0.5459375 0.18458333333333332 0.063125 0.10583333333333333
0 0.8703125 0.37375 0.076875 0.0975
0 0.8265625 0.685 0.069375 0.11166666666666666
0 0.4784375 0.8558333333333333 0.070625 0.105
0 0.3321875 0.93 0.078125 0.11
0 0.0465625 0.48333333333333334 0.073125 0.11333333333333333
0 0.3675 0.7620833333333333 0.07375 0.09416666666666666
0 0.5346875 0.8041666666666667 0.086875 0.105
0 0.385 0.3625 0.08 0.09833333333333333
0 0.7028125 0.41541666666666666 0.073125 0.0975
0 0.5659375 0.06541666666666666 0.074375 0.09083333333333334
0 0.169375 0.8591666666666666 0.07125 0.11333333333333333
0 0.2021875 0.24125 0.075625 0.10916666666666666
0 0.826875 0.17875 0.0625 0.11416666666666667
0 0.545625 0.6495833333333333 0.07875 0.10916666666666666
0 0.2559375 0.2125 0.081875 0.1
0 0.875 0.63875 0.06375 0.09083333333333334
0 0.64 0.19 0.06625 0.10666666666666667
0 0.2465625 0.45958333333333334 0.063125 0.1075
0 0.1375 0.3754166666666667 0.0725 0.10583333333333333
0 0.1075 0.37958333333333333 0.0825 0.1075
0 0.2475 0.47291666666666665 0.11125 0.07416666666666667
0 0.5884375 0.18041666666666667 0.064375 0.1175