0 0.209375 0.645 0.07 0.09166666666666666
0 0.19375 0.4891666666666667 0.0675 0.08833333333333333
0 0.2084375 0.145 0.056875 0.08
0 0.3625 0.5716666666666667 0.07375 0.09666666666666666
0 0.1653125 0.8904166666666666 0.064375 0.0825
0 0.5690625 0.1525 0.070625 0.09333333333333334
0 0.2503125 0.54625 0.078125 0.10416666666666667
0 0.2390625 0.43291666666666667 0.074375 0.0925
0 0.5678125 0.3375 0.068125 0.09666666666666666
0 0.161875 0.26416666666666666 0.06625 0.11833333333333333
0 0.4396875 0.36041666666666666 0.084375 0.10416666666666667
1 0.4428125 0.26666666666666666 0.094375 0.10166666666666667
0 0.2421875 0.08208333333333333 0.051875 0.09083333333333334
0 0.305 0.49416666666666664 0.0575 0.08833333333333333
0 0.515 0.3225 0.0675 0.105
0 0.3621875 0.3695833333333333 0.071875 0.0875
0 0.3571875 0.4295833333333333 0.075625 0.0925
0 0.366875 0.49666666666666665 0.07125 0.07833333333333334
1 0.519375 0.76625 0.08125 0.10083333333333333
0 0.286875 0.14125 0.07625 0.1025
0 0.663125 0.23 0.07 0.09666666666666666
0 0.5825 0.09083333333333334 0.06625 0.10333333333333333
0 0.283125 0.605 0.095 0.08833333333333333
1 0.2703125 0.25 0.079375 0.08666666666666667
1 0.2121875 0.30125 0.076875 0.12083333333333333
0 0.330625 0.26125 0.06125 0.07916666666666666
0 0.4528125 0.6041666666666666 0.066875 0.08666666666666667
0 0.405625 0.6279166666666667 0.0625 0.0775
0 0.471875 0.7391666666666666 0.0625 0.085
0 0.779375 0.26875 0.0675 0.08083333333333333
0 0.7915625 0.48583333333333334 0.060625 0.07333333333333333
0 0.785 0.18875 0.05625 0.09083333333333334
0 0.8390625 0.16875 0.056875 0.08083333333333333
0 0.460625 0.8870833333333333 0.07125 0.10083333333333333
0 0.8140625 0.57375 0.069375 0.09083333333333334
0 0.7978125 0.8695833333333334 0.068125 0.09583333333333334
0 0.8225 0.70625 0.075 0.09083333333333334
0 0.8325 0.8220833333333334 0.06375 0.0775
0 0.17625 0.36791666666666667 0.06375 0.0775
0 0.215 0.22541666666666665 0.045 0.0825