0 0.4009375 0.15 0.079375 0.105
0 0.2625 0.7954166666666667 0.0925 0.12416666666666666
0 0.7903125 0.50625 0.101875 0.13583333333333333
0 0.649375 0.7845833333333333 0.105 0.13916666666666666
0 0.2234375 0.33875 0.093125 0.12416666666666666
0 0.1334375 0.42541666666666667 0.108125 0.14416666666666667
0 0.6290625 0.6858333333333333 0.104375 0.14
0 0.7096875 0.49375 0.108125 0.14416666666666667
0 0.541875 0.7054166666666667 0.10375 0.1375
0 0.1384375 0.6304166666666666 0.104375 0.13916666666666666
0 0.116875 0.8045833333333333 0.1125 0.15083333333333335
0 0.63875 0.5491666666666667 0.09375 0.125
0 0.7259375 0.5670833333333334 0.105625 0.14083333333333334
0 0.4971875 0.17791666666666667 0.099375 0.1325
0 0.3690625 0.25333333333333335 0.093125 0.12333333333333334
0 0.5228125 0.11625 0.100625 0.13416666666666666
0 0.6371875 0.39875 0.101875 0.13583333333333333
0 0.2175 0.48125 0.10375 0.13916666666666666
0 0.431875 0.61 0.09125 0.12166666666666667
0 0.2084375 0.6995833333333333 0.113125 0.15083333333333335
0 0.4465625 0.70875 0.100625 0.13416666666666666
0 0.6215625 0.30916666666666665 0.101875 0.13666666666666666
0 0.8703125 0.43375 0.105625 0.14083333333333334
0 0.0578125 0.6845833333333333 0.105625 0.14083333333333334
0 0.335625 0.80875 0.105 0.13916666666666666
0 0.878125 0.38 0.0975 0.13
0 0.429375 0.5008333333333334 0.0875 0.11666666666666667
0 0.8403125 0.35291666666666666 0.094375 0.12583333333333332
0 0.5234375 0.77625 0.101875 0.13583333333333333
0 0.894375 0.25 0.10125 0.135
0 0.5140625 0.6175 0.094375 0.12666666666666668
0 0.52 0.8954166666666666 0.09125 0.1225
0 0.45125 0.8141666666666667 0.10875 0.145
0 0.31625 0.31583333333333335 0.11625 0.155
0 0.3325 0.6154166666666666 0.09875 0.13083333333333333
0 0.8178125 0.4191666666666667 0.100625 0.13333333333333333
0 0.3996875 0.7529166666666667 0.098125 0.13083333333333333
0 0.2790625 0.9045833333333333 0.098125 0.13083333333333333
0 0.284375 0.57125 0.11375 0.15083333333333335
0 0.5028125 0.8354166666666667 0.104375 0.13916666666666666
0 0.29375 0.7395833333333334 0.09 0.12083333333333333
0 0.3928125 0.8775 0.115625 0.155
0 0.1890625 0.8379166666666666 0.116875 0.15583333333333332
0 0.69875 0.8475 0.10125 0.135
0 0.5103125 0.29625 0.103125 0.1375
0 0.635 0.1725 0.11625 0.155
0 0.79625 0.265 0.10875 0.145
0 0.56875 0.45916666666666667 0.10375 0.13833333333333334
0 0.7178125 0.64375 0.108125 0.14416666666666667
0 0.6403125 0.24458333333333335 0.099375 0.1325
0 0.459375 0.3616666666666667 0.1025 0.13666666666666666
0 0.8890625 0.18333333333333332 0.101875 0.135
0 0.3934375 0.44625 0.105625 0.14083333333333334
0 0.89875 0.5395833333333333 0.09375 0.12583333333333332
0 0.4703125 0.4220833333333333 0.096875 0.12916666666666668
0 0.261875 0.6416666666666667 0.1 0.13333333333333333
0 0.573125 0.4216666666666667 0.105 0.14
0 0.350625 0.5716666666666667 0.09375 0.125
0 0.5140625 0.5579166666666666 0.099375 0.1325
0 0.313125 0.6808333333333333 0.10875 0.145
0 0.57625 0.5108333333333334 0.0975 0.13
0 0.31 0.48833333333333334 0.10875 0.145
0 0.145625 0.9066666666666666 0.10125 0.135
0 0.9203125 0.24333333333333335 0.098125 0.13
0 0.839375 0.17833333333333334 0.1 0.13333333333333333
0 0.775 0.18416666666666667 0.1175 0.15666666666666668
0 0.8403125 0.10583333333333333 0.104375 0.13833333333333334
0 0.806875 0.14333333333333334 0.1 0.13333333333333333
0 0.35875 0.4 0.0975 0.13
0 0.581875 0.575 0.105 0.14
0 0.345625 0.8991666666666667 0.1125 0.15
0 0.2415625 0.9229166666666667 0.113125 0.15083333333333335
0 0.2425 0.6670833333333334 0.09125 0.12083333333333333
0 0.615625 0.40291666666666665 0.11625 0.15583333333333332
0 0.43375 0.7275 0.12 0.16
0 0.4540625 0.52125 0.100625 0.13416666666666666