0 0.3540625 0.5016666666666667 0.086875 0.115
0 0.6190625 0.7020833333333333 0.091875 0.1225
0 0.6628125 0.39666666666666667 0.108125 0.14333333333333334
0 0.0725 0.4975 0.0975 0.13
0 0.2071875 0.42583333333333334 0.086875 0.11666666666666667
0 0.74 0.2891666666666667 0.0875 0.11666666666666667
0 0.7690625 0.6895833333333333 0.084375 0.1125
0 0.7253125 0.6379166666666667 0.085625 0.11416666666666667
0 0.419375 0.8541666666666666 0.0825 0.11
0 0.676875 0.9358333333333333 0.0875 0.11666666666666667
0 0.0765625 0.33541666666666664 0.100625 0.13416666666666666
0 0.3778125 0.39458333333333334 0.085625 0.11416666666666667
0 0.618125 0.59875 0.0875 0.1175
0 0.6740625 0.19791666666666666 0.103125 0.1375
1 0.4 0.6970833333333334 0.11 0.1475
0 0.2434375 0.6895833333333333 0.086875 0.11583333333333333
0 0.7278125 0.5308333333333334 0.096875 0.12833333333333333
0 0.461875 0.43916666666666665 0.1025 0.13666666666666666
1 0.205 0.5829166666666666 0.10625 0.14083333333333334
0 0.879375 0.45416666666666666 0.0975 0.13
0 0.176875 0.24041666666666667 0.09125 0.12083333333333333
0 0.6140625 0.33458333333333334 0.099375 0.1325
0 0.480625 0.3620833333333333 0.09625 0.1275
0 0.1628125 0.3695833333333333 0.085625 0.11416666666666667
0 0.774375 0.8495833333333334 0.085 0.11416666666666667
0 0.2946875 0.13958333333333334 0.080625 0.1075
0 0.27125 0.385 0.08875 0.11833333333333333
0 0.37625 0.7916666666666666 0.0825 0.11
0 0.36 0.18333333333333332 0.0875 0.11666666666666667
0 0.348125 0.6304166666666666 0.085 0.11416666666666667
0 0.918125 0.4875 0.09875 0.13166666666666665
0 0.271875 0.4691666666666667 0.09125 0.12166666666666667
0 0.420625 0.40541666666666665 0.09875 0.1325
0 0.42875 0.5091666666666667 0.0875 0.11666666666666667
0 0.49625 0.205 0.08875 0.11833333333333333
0 0.5290625 0.5079166666666667 0.095625 0.1275
0 0.3446875 0.8916666666666667 0.084375 0.11166666666666666
0 0.3153125 0.34458333333333335 0.076875 0.1025
0 0.5009375 0.17125 0.104375 0.13916666666666666
0 0.5878125 0.2654166666666667 0.093125 0.12416666666666666
0 0.4534375 0.28708333333333336 0.069375 0.0925
0 0.294375 0.6404166666666666 0.0925 0.12416666666666666
0 0.3228125 0.8195833333333333 0.076875 0.1025
0 0.0909375 0.18333333333333332 0.086875 0.115
0 0.0896875 0.24375 0.081875 0.10916666666666666
0 0.1946875 0.5220833333333333 0.080625 0.1075
0 0.2253125 0.7870833333333334 0.088125 0.1175
0 0.6909375 0.7195833333333334 0.089375 0.11916666666666667