0 0.826875 0.6291666666666667 0.11125 0.14833333333333334
0 0.48 0.49083333333333334 0.10625 0.14166666666666666
0 0.55625 0.85375 0.11375 0.1525
0 0.55375 0.6016666666666667 0.115 0.15333333333333332
0 0.57125 0.25375 0.10875 0.14583333333333334
0 0.810625 0.3516666666666667 0.11375 0.15166666666666667
0 0.8278125 0.72625 0.106875 0.1425
0 0.4209375 0.35208333333333336 0.104375 0.13916666666666666
0 0.189375 0.07916666666666666 0.09625 0.12833333333333333
0 0.255625 0.2708333333333333 0.11125 0.14833333333333334
0 0.1328125 0.12458333333333334 0.098125 0.13083333333333333
0 0.2196875 0.47375 0.105625 0.14083333333333334
0 0.92875 0.4825 0.1025 0.13666666666666666
0 0.415625 0.9179166666666667 0.1175 0.15583333333333332
0 0.515 0.41375 0.11375 0.1525
0 0.6575 0.2966666666666667 0.0975 0.13
0 0.256875 0.7770833333333333 0.11375 0.15083333333333335
0 0.3775 0.655 0.115 0.15333333333333332
0 0.708125 0.65 0.11375 0.15166666666666667
0 0.589375 0.35083333333333333 0.1125 0.15
0 0.6546875 0.12 0.118125 0.15666666666666668
0 0.1834375 0.22375 0.104375 0.13916666666666666
0 0.589375 0.19041666666666668 0.10875 0.14416666666666667
0 0.24 0.6891666666666667 0.12 0.16
0 0.368125 0.21583333333333332 0.1 0.13333333333333333