0 0.3840625 0.8254166666666667 0.099375 0.1325
0 0.82625 0.5845833333333333 0.09125 0.12083333333333333
0 0.415625 0.5716666666666667 0.09625 0.12833333333333333
0 0.3053125 0.6529166666666667 0.084375 0.1125
0 0.8190625 0.2991666666666667 0.109375 0.145
0 0.6040625 0.6104166666666667 0.094375 0.12583333333333332
0 0.5496875 0.24125 0.106875 0.1425
0 0.22875 0.2275 0.1 0.13333333333333333
0 0.42125 0.26166666666666666 0.10875 0.145
0 0.850625 0.3879166666666667 0.09625 0.1275
0 0.545625 0.38625 0.1025 0.1375
0 0.7621875 0.70875 0.106875 0.1425
0 0.305625 0.4475 0.09125 0.12166666666666667
0 0.51375 0.49 0.11125 0.14833333333333334
0 0.6190625 0.8620833333333333 0.105625 0.14083333333333334
0 0.6678125 0.6954166666666667 0.095625 0.1275
0 0.5928125 0.4583333333333333 0.100625 0.13333333333333333
0 0.614375 0.26416666666666666 0.1075 0.14333333333333334
0 0.65875 0.3545833333333333 0.10875 0.14416666666666667
0 0.85875 0.5008333333333334 0.11 0.14666666666666667
0 0.14 0.6404166666666666 0.0925 0.12416666666666666
0 0.3859375 0.70875 0.095625 0.1275
0 0.4584375 0.6633333333333333 0.100625 0.13333333333333333
0 0.6225 0.17916666666666667 0.10875 0.145
0 0.72625 0.34458333333333335 0.11375 0.15083333333333335
0 0.256875 0.9270833333333334 0.0975 0.12916666666666668
0 0.10375 0.44 0.0975 0.13
0 0.131875 0.5725 0.1 0.13333333333333333
0 0.903125 0.57375 0.11125 0.1475
0 0.685625 0.4195833333333333 0.09375 0.12416666666666666
0 0.23375 0.5591666666666667 0.095 0.12666666666666668
0 0.0678125 0.44 0.095625 0.12666666666666668
0 0.4484375 0.7983333333333333 0.085625 0.11333333333333333
0 0.1925 0.545 0.105 0.14
0 0.8846875 0.4266666666666667 0.109375 0.14666666666666667
0 0.2921875 0.13625 0.104375 0.13916666666666666
0 0.295625 0.355 0.105 0.14
0 0.454375 0.15958333333333333 0.0975 0.12916666666666668
0 0.5115625 0.8929166666666667 0.083125 0.11083333333333334
0 0.4928125 0.12458333333333334 0.103125 0.1375
0 0.6128125 0.7579166666666667 0.098125 0.13083333333333333
0 0.654375 0.495 0.1075 0.14333333333333334
0 0.1203125 0.5195833333333333 0.110625 0.1475
0 0.7215625 0.84125 0.089375 0.11916666666666667
0 0.3184375 0.7275 0.095625 0.12833333333333333
0 0.196875 0.39166666666666666 0.11125 0.14833333333333334
0 0.69125 0.7758333333333334 0.09125 0.12166666666666667
0 0.5153125 0.7608333333333334 0.110625 0.14666666666666667
0 0.6684375 0.7995833333333333 0.095625 0.1275
0 0.425625 0.18041666666666667 0.0925 0.12416666666666666
0 0.220625 0.8995833333333333 0.08375 0.11083333333333334
0 0.696875 0.8833333333333333 0.09 0.12
0 0.4953125 0.7954166666666667 0.101875 0.13583333333333333
0 0.7303125 0.47708333333333336 0.104375 0.13916666666666666
0 0.1471875 0.92375 0.099375 0.1325
0 0.194375 0.6554166666666666 0.1225 0.16416666666666666
0 0.93625 0.22041666666666668 0.10875 0.14583333333333334
0 0.56375 0.7520833333333333 0.1025 0.13583333333333333
0 0.459375 0.915 0.11 0.14666666666666667