0 0.596875 0.35 0.0875 0.11666666666666667
0 0.5078125 0.20125 0.103125 0.1375
0 0.7525 0.5654166666666667 0.11 0.14583333333333334
0 0.8821875 0.80875 0.091875 0.1225
0 0.88375 0.685 0.08625 0.115
0 0.63375 0.11333333333333333 0.0925 0.12333333333333334
0 0.56875 0.25916666666666666 0.1075 0.14333333333333334
0 0.7421875 0.9108333333333334 0.083125 0.11
0 0.9028125 0.565 0.084375 0.11333333333333333
0 0.3415625 0.5945833333333334 0.084375 0.1125
0 0.1378125 0.44458333333333333 0.099375 0.1325
0 0.791875 0.47583333333333333 0.0975 0.13
0 0.2053125 0.25958333333333333 0.104375 0.13916666666666666
0 0.9303125 0.74125 0.099375 0.1325
0 0.2778125 0.58625 0.094375 0.12583333333333332
0 0.054375 0.23583333333333334 0.105 0.14
0 0.184375 0.5291666666666667 0.09125 0.12166666666666667
0 0.3125 0.775 0.095 0.12666666666666668
0 0.548125 0.39958333333333335 0.0875 0.1175
0 0.1878125 0.3983333333333333 0.095625 0.12666666666666668
0 0.4278125 0.45708333333333334 0.098125 0.13083333333333333
0 0.8234375 0.3545833333333333 0.084375 0.1125
0 0.66375 0.4033333333333333 0.08625 0.115
0 0.8125 0.5929166666666666 0.09375 0.12416666666666666
0 0.36625 0.1475 0.08 0.10666666666666667
0 0.635625 0.22416666666666665 0.09125 0.12166666666666667
0 0.7078125 0.7175 0.084375 0.11333333333333333
0 0.61625 0.6575 0.09125 0.12166666666666667
0 0.214375 0.7529166666666667 0.09125 0.1225
0 0.3471875 0.3779166666666667 0.086875 0.11583333333333333
0 0.4653125 0.12375 0.096875 0.12916666666666668
0 0.2465625 0.3670833333333333 0.081875 0.10916666666666666
0 0.2525 0.14083333333333334 0.0875 0.11666666666666667
1 0.3134375 0.5133333333333333 0.101875 0.135
0 0.3675 0.82 0.1 0.13333333333333333
0 0.0821875 0.40208333333333335 0.081875 0.10916666666666666
0 0.4559375 0.29041666666666666 0.090625 0.12083333333333333
0 0.4296875 0.8604166666666667 0.073125 0.0975
0 0.6071875 0.7595833333333334 0.094375 0.12583333333333332
0 0.2628125 0.68 0.083125 0.11166666666666666
0 0.5040625 0.69375 0.070625 0.09416666666666666
0 0.520625 0.79125 0.0775 0.10416666666666667
0 0.1165625 0.5529166666666666 0.090625 0.12083333333333333
0 0.4228125 0.5358333333333334 0.081875 0.11
0 0.6596875 0.71125 0.080625 0.1075
0 0.080625 0.5254166666666666 0.085 0.1125
0 0.378125 0.5025 0.07 0.09333333333333334
0 0.4903125 0.3625 0.085625 0.115
0 0.1221875 0.3516666666666667 0.074375 0.09833333333333333
0 0.680625 0.8883333333333333 0.085 0.11333333333333333
0 0.6321875 0.8720833333333333 0.089375 0.11916666666666667
0 0.2071875 0.18291666666666667 0.075625 0.10083333333333333
0 0.4671875 0.40125 0.085625 0.11416666666666667
0 0.580625 0.15083333333333335 0.07625 0.10166666666666667
0 0.645 0.315 0.0725 0.09666666666666666
0 0.553125 0.7254166666666667 0.075 0.10083333333333333
0 0.37375 0.9133333333333333 0.0925 0.12333333333333334
0 0.5884375 0.5479166666666667 0.083125 0.11083333333333334
0 0.3340625 0.69125 0.086875 0.11583333333333333
0 0.6109375 0.48541666666666666 0.073125 0.0975
0 0.724375 0.6379166666666667 0.07375 0.09916666666666667
0 0.475625 0.9104166666666667 0.08625 0.11583333333333333
0 0.6234375 0.7775 0.094375 0.125
0 0.55125 0.6570833333333334 0.0725 0.09583333333333334
0 0.1340625 0.12875 0.076875 0.1025
0 0.5253125 0.11916666666666667 0.068125 0.09166666666666666
1 0.76875 0.7183333333333334 0.12625 0.16833333333333333
1 0.3215625 0.87625 0.121875 0.1625
0 0.8259375 0.5383333333333333 0.078125 0.105
0 0.6246875 0.9520833333333333 0.070625 0.09416666666666666
0 0.524375 0.9525 0.06375 0.085
0 0.344375 0.6383333333333333 0.0925 0.12333333333333334