0 0.6671875 0.6179166666666667 0.083125 0.11083333333333334
0 0.735625 0.20958333333333334 0.08125 0.10916666666666666
0 0.37625 0.6883333333333334 0.08625 0.115
0 0.388125 0.4891666666666667 0.09 0.12
0 0.491875 0.3125 0.09 0.12
0 0.6125 0.14666666666666667 0.09875 0.13166666666666665
0 0.2303125 0.23791666666666667 0.098125 0.13083333333333333
0 0.3459375 0.4033333333333333 0.086875 0.11666666666666667
0 0.0878125 0.44166666666666665 0.100625 0.13333333333333333
0 0.6678125 0.235 0.088125 0.11666666666666667
0 0.3503125 0.13208333333333333 0.094375 0.12583333333333332
0 0.76875 0.13666666666666666 0.09375 0.125
0 0.33375 0.5941666666666666 0.09 0.12
0 0.4940625 0.8220833333333334 0.081875 0.10916666666666666
1 0.0746875 0.5633333333333334 0.114375 0.15333333333333332
0 0.3 0.47333333333333333 0.09875 0.13166666666666665
0 0.0965625 0.6866666666666666 0.100625 0.13333333333333333
0 0.4646875 0.93875 0.090625 0.12083333333333333
0 0.38 0.075 0.08 0.10666666666666667
0 0.4653125 0.65625 0.091875 0.1225
0 0.72375 0.7008333333333333 0.10375 0.13833333333333334
0 0.441875 0.27125 0.10125 0.13416666666666666
0 0.1896875 0.5545833333333333 0.088125 0.1175
0 0.8240625 0.33458333333333334 0.083125 0.11083333333333334
0 0.3409375 0.7779166666666667 0.104375 0.13916666666666666
0 0.5415625 0.5020833333333333 0.084375 0.1125
0 0.6678125 0.36625 0.078125 0.10416666666666667
0 0.5234375 0.8970833333333333 0.089375 0.11916666666666667
0 0.7009375 0.53 0.093125 0.12333333333333334
0 0.5865625 0.23708333333333334 0.083125 0.11083333333333334
0 0.27375 0.9254166666666667 0.08375 0.11083333333333334
0 0.9125 0.22666666666666666 0.09125 0.12166666666666667
0 0.8125 0.2175 0.0925 0.12333333333333334
0 0.461875 0.5245833333333333 0.0975 0.12916666666666668
0 0.82125 0.455 0.08875 0.11833333333333333
0 0.5075 0.23625 0.0875 0.1175
0 0.716875 0.8225 0.105 0.14
0 0.5865625 0.2991666666666667 0.088125 0.11666666666666667
0 0.1584375 0.87875 0.085625 0.11416666666666667
0 0.5525 0.365 0.08375 0.11166666666666666
0 0.6428125 0.3125 0.094375 0.12666666666666668
0 0.39125 0.82125 0.08375 0.11083333333333334
0 0.26875 0.7929166666666667 0.11 0.1475
0 0.2553125 0.5525 0.094375 0.125
0 0.149375 0.41541666666666666 0.08875 0.1175
0 0.4734375 0.47625 0.078125 0.10416666666666667
0 0.9028125 0.31958333333333333 0.084375 0.1125
0 0.7246875 0.59875 0.105625 0.14083333333333334
0 0.855625 0.5108333333333334 0.07625 0.10166666666666667
0 0.1775 0.8341666666666666 0.08125 0.10833333333333334
0 0.8515625 0.3954166666666667 0.078125 0.10416666666666667
0 0.445 0.815 0.0775 0.10333333333333333
0 0.8315625 0.20125 0.098125 0.13083333333333333
0 0.673125 0.4825 0.0775 0.10333333333333333
0 0.9396875 0.29041666666666666 0.083125 0.11083333333333334
0 0.166875 0.35833333333333334 0.07625 0.10166666666666667
0 0.1046875 0.44083333333333335 0.089375 0.11833333333333333