0 0.7953125 0.7291666666666666 0.073125 0.08166666666666667
0 0.6175 0.7341666666666666 0.07 0.07833333333333334
0 0.15625 0.8195833333333333 0.0725 0.1075
0 0.291875 0.2075 0.07875 0.1
0 0.683125 0.9 0.05625 0.08166666666666667
0 0.85 0.5616666666666666 0.065 0.11666666666666667
0 0.7546875 0.49666666666666665 0.060625 0.1
0 0.5475 0.6870833333333334 0.0725 0.0875
0 0.84625 0.8720833333333333 0.075 0.1025
0 0.7028125 0.4891666666666667 0.055625 0.10833333333333334
0 0.79125 0.57375 0.055 0.10583333333333333
0 0.9609375 0.7679166666666667 0.070625 0.10416666666666667
0 0.8221875 0.23375 0.075625 0.10083333333333333
0 0.1065625 0.4 0.066875 0.11
0 0.2475 0.6870833333333334 0.07 0.08416666666666667
0 0.605 0.60375 0.0675 0.10583333333333333
0 0.2878125 0.51 0.063125 0.11333333333333333
0 0.8359375 0.4475 0.076875 0.09166666666666666
0 0.3121875 0.12666666666666668 0.078125 0.11
0 0.115 0.5625 0.0675 0.105
0 0.40875 0.35291666666666666 0.06625 0.10583333333333333
0 0.8190625 0.64875 0.068125 0.1175
0 0.4684375 0.3229166666666667 0.061875 0.07583333333333334
0 0.5928125 0.08833333333333333 0.075625 0.08166666666666667
0 0.348125 0.495 0.06125 0.12333333333333334
0 0.5990625 0.18625 0.063125 0.09083333333333334
0 0.1509375 0.7041666666666667 0.066875 0.11166666666666666
0 0.6690625 0.6675 0.053125 0.09666666666666666
0 0.283125 0.765 0.07875 0.10333333333333333
0 0.476875 0.1 0.0775 0.09666666666666666
0 0.4828125 0.3954166666666667 0.065625 0.1075
0 0.32375 0.8241666666666667 0.05875 0.105
0 0.580625 0.35375 0.06125 0.09916666666666667
0 0.0384375 0.4508333333333333 0.063125 0.10166666666666667
0 0.31125 0.38875 0.05875 0.11583333333333333
0 0.1278125 0.12041666666666667 0.075625 0.11083333333333334
0 0.96625 0.5033333333333333 0.06625 0.11666666666666667
0 0.6275 0.6616666666666666 0.06375 0.08
0 0.565 0.43916666666666665 0.075 0.125
0 0.415 0.16208333333333333 0.07625 0.10416666666666667
0 0.9071875 0.6141666666666666 0.060625 0.12666666666666668
0 0.433125 0.25625 0.065 0.09916666666666667
0 0.2559375 0.8341666666666666 0.061875 0.10833333333333334
0 0.2265625 0.13916666666666666 0.075625 0.08833333333333333
0 0.8090625 0.34833333333333333 0.083125 0.10166666666666667