0 0.7944958847736625 0.5195227765726681 0.0684156378600823 0.09038322487346348
0 0.9495884773662552 0.388647866955893 0.06275720164609054 0.08459869848156182
0 0.12474279835390946 0.462762111352133 0.07047325102880658 0.0911062906724512
0 0.9614197530864198 0.5770065075921909 0.06584362139917696 0.09978308026030369
0 0.24897119341563786 0.2989877078814172 0.07098765432098765 0.09327548806941431
0 0.050411522633744855 0.5365148228488793 0.07921810699588477 0.10267534345625452
0 0.4261831275720165 0.16702819956616052 0.07561728395061729 0.09689081706435286
0 0.7950102880658436 0.3553868402024584 0.07150205761316872 0.10339840925524223
0 0.4007201646090535 0.2411424439624006 0.07510288065843622 0.09472161966738973
0 0.9555041152263375 0.7729573391178597 0.07253086419753087 0.08676789587852494
0 0.2013888888888889 0.34887924801156905 0.06532921810699588 0.09038322487346348
0 0.2656893004115226 0.08568329718004339 0.07150205761316872 0.1019522776572668
0 0.06172839506172839 0.11858279103398409 0.06172839506172839 0.09833694866232827
0 0.06584362139917696 0.3604483007953724 0.07407407407407407 0.0918293564714389
0 0.6252572016460906 0.6475054229934925 0.07047325102880658 0.10339840925524223
0 0.4773662551440329 0.21800433839479394 0.07921810699588477 0.10339840925524223
0 0.8809156378600823 0.7436731742588576 0.06327160493827161 0.10918293564714389
0 0.584619341563786 0.9385394070860448 0.073559670781893 0.10701373825018076
0 0.41898148148148145 0.9038322487346349 0.07253086419753087 0.1099060014461316
0 0.4781378600823045 0.8593637020968908 0.073559670781893 0.10918293564714389
0 0.10673868312757202 0.603759942154736 0.07561728395061729 0.10556760665220535
0 0.8899176954732511 0.17642805495300073 0.07613168724279835 0.11424439624005785
0 0.12808641975308643 0.3633405639913232 0.07510288065843622 0.09616775126536514
0 0.5426954732510288 0.8788864786695589 0.07818930041152264 0.11352133044107014
0 0.918724279835391 0.10014461315979754 0.06584362139917696 0.11207519884309472
0 0.6010802469135802 0.8521330441070137 0.07150205761316872 0.0918293564714389
0 0.831275720164609 0.42769342010122924 0.0720164609053498 0.09472161966738973
0 0.5300925925925926 0.7979031091829356 0.07767489711934156 0.08170643528561099
0 0.27906378600823045 0.6417208966015907 0.06738683127572016 0.08170643528561099
0 0.6815843621399177 0.7657266811279827 0.0823045267489712 0.09255242227042661
0 0.12294238683127572 0.7002892263195951 0.07716049382716049 0.10773680404916848
0 0.7492283950617284 0.7006507592190889 0.07253086419753087 0.10556760665220535
0 0.18569958847736626 0.43130874909616773 0.07407407407407407 0.09472161966738973
0 0.5030864197530864 0.7266811279826464 0.07098765432098765 0.09978308026030369
0 0.9027777777777778 0.5542299349240781 0.08127572016460906 0.09761388286334056
0 0.07407407407407407 0.7653651482284888 0.07716049382716049 0.09616775126536514
0 0.30709876543209874 0.9154013015184381 0.0720164609053498 0.10556760665220535
0 0.5565843621399177 0.5874909616775127 0.07613168724279835 0.09038322487346348
0 0.8469650205761317 0.23210412147505424 0.08281893004115226 0.10556760665220535
0 0.0625 0.928416485900217 0.08076131687242798 0.09544468546637744
0 0.760545267489712 0.9338394793926247 0.07458847736625514 0.10918293564714389
0 0.10210905349794239 0.14352856109906 0.06532921810699588 0.14533622559652928
0 0.22247942386831276 0.4790310918293565 0.07561728395061729 0.09327548806941431
0 0.823559670781893 0.13376717281272596 0.07613168724279835 0.10412147505422993
0 0.7139917695473251 0.5520607375271149 0.06995884773662552 0.10484454085321765
0 0.05015432098765432 0.7107736804049168 0.08384773662551441 0.0911062906724512
0 0.9606481481481481 0.19233550253073028 0.07767489711934156 0.10701373825018076
0 0.1183127572016461 0.5274765003615329 0.07818930041152264 0.07447577729573392
0 0.5529835390946503 0.48590021691973967 0.08024691358024691 0.09978308026030369
0 0.36856995884773663 0.6424439624005784 0.08076131687242798 0.09761388286334056
0 0.15612139917695472 0.6381055676066522 0.08076131687242798 0.10918293564714389
0 0.4573045267489712 0.06652205350686913 0.06584362139917696 0.1012292118582791
1 0.9444444444444444 0.482646420824295 0.08024691358024691 0.10918293564714389
1 0.0411522633744856 0.6348517715112075 0.0823045267489712 0.1099060014461316
1 0.8899176954732511 0.6417208966015907 0.08024691358024691 0.09616775126536514
0 0.3081275720164609 0.7386117136659436 0.08539094650205761 0.09327548806941431
0 0.5871913580246914 0.09725234996384671 0.073559670781893 0.08749096167751265
0 0.43364197530864196 0.3749096167751265 0.08127572016460906 0.08893709327548807
0 0.6738683127572016 0.6876355748373102 0.07613168724279835 0.09978308026030369
0 0.2713477366255144 0.37852494577006507 0.08487654320987655 0.1005061460592914
0 0.18209876543209877 0.1381055676066522 0.07304526748971193 0.11135213304410702
0 0.38271604938271603 0.8282718727404194 0.08539094650205761 0.09906001446131597
0 0.21939300411522633 0.07556037599421547 0.06738683127572016 0.13665943600867678
0 0.1412037037037037 0.13919016630513376 0.048868312757201646 0.1569052783803326