0 0.773125 0.8791666666666667 0.065 0.095
0 0.6853125 0.62875 0.073125 0.09916666666666667
0 0.6209375 0.6841666666666667 0.059375 0.07333333333333333
0 0.355 0.76625 0.07125 0.0925
0 0.4184375 0.9204166666666667 0.068125 0.09916666666666667
0 0.2453125 0.17583333333333334 0.065625 0.10333333333333333
0 0.2990625 0.6879166666666666 0.079375 0.1125
0 0.43125 0.45625 0.08125 0.1025
0 0.521875 0.47833333333333333 0.06625 0.09333333333333334
0 0.2584375 0.88375 0.070625 0.10083333333333333
0 0.1765625 0.17666666666666667 0.074375 0.10666666666666667
0 0.7540625 0.1675 0.056875 0.08666666666666667
0 0.290625 0.07916666666666666 0.07125 0.09666666666666666
0 0.6709375 0.50125 0.061875 0.08916666666666667
0 0.7065625 0.2841666666666667 0.056875 0.08
0 0.6171875 0.8229166666666666 0.069375 0.08583333333333333
0 0.5025 0.3983333333333333 0.065 0.085
0 0.613125 0.60125 0.0675 0.08583333333333333
0 0.4375 0.60125 0.06375 0.09083333333333334
0 0.5109375 0.89125 0.060625 0.07916666666666666
0 0.5209375 0.6366666666666667 0.064375 0.09166666666666666
0 0.609375 0.5141666666666667 0.06875 0.09333333333333334
0 0.3953125 0.2825 0.075625 0.10833333333333334
0 0.1665625 0.5245833333333333 0.069375 0.0975
0 0.7490625 0.5654166666666667 0.074375 0.0975
0 0.228125 0.6595833333333333 0.0625 0.09083333333333334
0 0.703125 0.9125 0.06 0.085
0 0.6990625 0.04625 0.070625 0.08416666666666667
0 0.55625 0.8166666666666667 0.0675 0.10166666666666667
0 0.656875 0.33666666666666667 0.0675 0.09333333333333334
0 0.33 0.18291666666666667 0.0675 0.0975
0 0.1840625 0.7295833333333334 0.076875 0.10416666666666667
0 0.5428125 0.5591666666666667 0.063125 0.1
0 0.6428125 0.41875 0.066875 0.0825
0 0.464375 0.060833333333333336 0.0775 0.11
1 0.4753125 0.8125 0.069375 0.11166666666666666
0 0.6615625 0.8625 0.061875 0.08666666666666667
0 0.2109375 0.8016666666666666 0.073125 0.09166666666666666
0 0.4265625 0.84 0.060625 0.08166666666666667
0 0.4903125 0.935 0.068125 0.10166666666666667
0 0.70875 0.07791666666666666 0.07 0.09583333333333334
0 0.575625 0.36083333333333334 0.08375 0.10833333333333334
0 0.843125 0.39166666666666666 0.0625 0.08833333333333333
0 0.7696875 0.3016666666666667 0.059375 0.105
0 0.3759375 0.12291666666666666 0.070625 0.1075
0 0.5371875 0.25375 0.068125 0.0975
0 0.54 0.3308333333333333 0.07125 0.085
0 0.484375 0.34125 0.06875 0.09416666666666666
0 0.815625 0.3070833333333333 0.06375 0.07916666666666666
0 0.4240625 0.25916666666666666 0.068125 0.08833333333333333
0 0.4409375 0.20458333333333334 0.061875 0.09583333333333334
0 0.8290625 0.6925 0.061875 0.09833333333333333
0 0.7915625 0.6558333333333334 0.060625 0.07333333333333333