0 0.5115625 0.7129166666666666 0.083125 0.11083333333333334
0 0.5934375 0.18041666666666667 0.105625 0.14083333333333334
0 0.4421875 0.7383333333333333 0.098125 0.13166666666666665
0 0.28375 0.21291666666666667 0.11 0.1475
0 0.34 0.5283333333333333 0.09375 0.125
0 0.7928125 0.5604166666666667 0.105625 0.14083333333333334
0 0.536875 0.5683333333333334 0.09875 0.13166666666666665
0 0.8796875 0.45375 0.110625 0.1475
0 0.6771875 0.6683333333333333 0.113125 0.15166666666666667
0 0.5546875 0.425 0.109375 0.14666666666666667
0 0.271875 0.6620833333333334 0.1075 0.1425
0 0.7565625 0.9041666666666667 0.114375 0.15166666666666667
0 0.296875 0.36 0.1025 0.13666666666666666
0 0.834375 0.8391666666666666 0.10375 0.13833333333333334
0 0.3415625 0.2816666666666667 0.085625 0.115
0 0.936875 0.5170833333333333 0.0975 0.13083333333333333
0 0.638125 0.7766666666666666 0.11 0.14666666666666667
0 0.24125 0.7825 0.115 0.15333333333333332
0 0.49125 0.5341666666666667 0.105 0.14
0 0.3771875 0.18 0.101875 0.13666666666666666
0 0.74 0.4658333333333333 0.09375 0.125
0 0.651875 0.515 0.08875 0.11833333333333333
0 0.8803125 0.6633333333333333 0.105625 0.14166666666666666
0 0.223125 0.4191666666666667 0.1075 0.14333333333333334
0 0.289375 0.5658333333333333 0.11 0.14666666666666667
0 0.1834375 0.125 0.100625 0.135
0 0.39375 0.6129166666666667 0.09875 0.1325
0 0.6971875 0.2554166666666667 0.091875 0.1225
0 0.5240625 0.8670833333333333 0.101875 0.13583333333333333
0 0.6590625 0.40041666666666664 0.104375 0.13916666666666666
0 0.1371875 0.19041666666666668 0.093125 0.12416666666666666
0 0.0971875 0.22125 0.099375 0.1325
0 0.0828125 0.51375 0.106875 0.1425
0 0.2084375 0.21958333333333332 0.100625 0.13416666666666666
0 0.6934375 0.17375 0.089375 0.11916666666666667
0 0.686875 0.30375 0.1 0.13416666666666666
0 0.54375 0.33958333333333335 0.105 0.14083333333333334
0 0.424375 0.26916666666666667 0.105 0.14
0 0.8359375 0.8979166666666667 0.094375 0.12583333333333332
0 0.4584375 0.8454166666666667 0.103125 0.1375
0 0.204375 0.46791666666666665 0.11125 0.14916666666666667
0 0.3125 0.7458333333333333 0.09875 0.13166666666666665
0 0.630625 0.6083333333333333 0.10875 0.145
0 0.590625 0.8741666666666666 0.10625 0.14166666666666666
0 0.25625 0.12166666666666667 0.1025 0.13666666666666666
0 0.3584375 0.1625 0.090625 0.12166666666666667
0 0.2340625 0.3929166666666667 0.095625 0.1275
0 0.708125 0.6708333333333333 0.10875 0.145
0 0.464375 0.295 0.10625 0.14166666666666666
0 0.238125 0.30291666666666667 0.125 0.16583333333333333
0 0.17875 0.25875 0.09375 0.12416666666666666
0 0.439375 0.5358333333333334 0.0975 0.13
0 0.4303125 0.3804166666666667 0.091875 0.1225
0 0.4446875 0.34708333333333335 0.108125 0.14416666666666667
0 0.5375 0.31166666666666665 0.09125 0.12166666666666667
1 0.4675 0.44333333333333336 0.1225 0.16333333333333333