0 0.8309375 0.11791666666666667 0.105625 0.14083333333333334
0 0.6628125 0.11333333333333333 0.085625 0.11333333333333333
0 0.9140625 0.23666666666666666 0.090625 0.12
0 0.630625 0.5233333333333333 0.1075 0.14333333333333334
0 0.929375 0.3975 0.09375 0.125
0 0.625 0.64 0.0925 0.12333333333333334
0 0.7571875 0.44333333333333336 0.103125 0.13833333333333334
0 0.83125 0.6891666666666667 0.09375 0.125
0 0.8996875 0.4820833333333333 0.105625 0.14083333333333334
0 0.7 0.41375 0.08875 0.11916666666666667
0 0.718125 0.06291666666666666 0.08625 0.11583333333333333
0 0.7178125 0.14708333333333334 0.098125 0.13083333333333333
0 0.8890625 0.31625 0.104375 0.13916666666666666
0 0.6415625 0.41333333333333333 0.094375 0.125
0 0.865 0.20083333333333334 0.1025 0.13666666666666666
0 0.4325 0.24 0.08625 0.115
0 0.408125 0.6429166666666667 0.08125 0.10916666666666666
0 0.8346875 0.5604166666666667 0.096875 0.12916666666666668
0 0.8196875 0.38 0.123125 0.16333333333333333
0 0.3584375 0.76375 0.105625 0.14083333333333334
0 0.229375 0.4625 0.11 0.14666666666666667
0 0.3140625 0.6079166666666667 0.104375 0.13916666666666666
0 0.7065625 0.66875 0.094375 0.12583333333333332
0 0.3825 0.18125 0.1 0.13416666666666666
0 0.4046875 0.09666666666666666 0.111875 0.15
0 0.60625 0.11333333333333333 0.08 0.10666666666666667
0 0.6840625 0.5966666666666667 0.096875 0.12833333333333333
0 0.0646875 0.64 0.104375 0.13833333333333334
0 0.7684375 0.6833333333333333 0.088125 0.11666666666666667
0 0.3825 0.33916666666666667 0.10625 0.14166666666666666
0 0.6221875 0.8558333333333333 0.101875 0.13666666666666666
0 0.5540625 0.825 0.108125 0.14333333333333334
0 0.6946875 0.5766666666666667 0.103125 0.13666666666666666
0 0.1646875 0.5145833333333333 0.113125 0.15083333333333335
0 0.384375 0.4429166666666667 0.08875 0.11916666666666667
0 0.43875 0.375 0.10375 0.13833333333333334
0 0.5271875 0.32 0.108125 0.14333333333333334
0 0.6334375 0.18583333333333332 0.080625 0.10833333333333334
1 0.820625 0.49166666666666664 0.13375 0.17833333333333334
0 0.0778125 0.46791666666666665 0.099375 0.1325
0 0.515 0.12583333333333332 0.1 0.13333333333333333
0 0.3646875 0.5220833333333333 0.099375 0.1325
0 0.1121875 0.5579166666666666 0.078125 0.10416666666666667
0 0.58 0.37083333333333335 0.105 0.14
0 0.3975 0.2520833333333333 0.09875 0.13083333333333333
0 0.411875 0.7654166666666666 0.0975 0.12916666666666668
0 0.205 0.5883333333333334 0.1025 0.13666666666666666
0 0.564375 0.20958333333333334 0.10375 0.13916666666666666
0 0.8465625 0.64625 0.111875 0.14916666666666667
0 0.3565625 0.09625 0.098125 0.13083333333333333
1 0.7615625 0.75875 0.119375 0.15916666666666668
1 0.5628125 0.9108333333333334 0.130625 0.17333333333333334
1 0.28375 0.15333333333333332 0.1225 0.16333333333333333
0 0.4459375 0.8775 0.084375 0.11166666666666666
0 0.34625 0.6895833333333333 0.1 0.13416666666666666
0 0.415625 0.55375 0.09 0.11916666666666667
0 0.3953125 0.81375 0.104375 0.13916666666666666
0 0.424375 0.8420833333333333 0.0975 0.12916666666666668
0 0.5928125 0.24375 0.094375 0.12583333333333332
0 0.4828125 0.33625 0.080625 0.1075
0 0.321875 0.16875 0.09 0.11916666666666667
0 0.311875 0.5366666666666666 0.10125 0.135
0 0.2371875 0.5954166666666667 0.098125 0.13083333333333333