0 0.4865625 0.12333333333333334 0.081875 0.11
0 0.3996875 0.28291666666666665 0.060625 0.0775
0 0.341875 0.29583333333333334 0.06375 0.09833333333333333
0 0.441875 0.3616666666666667 0.07625 0.1
0 0.6896875 0.6725 0.081875 0.09333333333333334
0 0.363125 0.18583333333333332 0.06375 0.09
0 0.304375 0.19875 0.055 0.0875
0 0.7078125 0.8995833333333333 0.089375 0.10583333333333333
0 0.2528125 0.3283333333333333 0.066875 0.07
0 0.5753125 0.5654166666666667 0.070625 0.09583333333333334
0 0.5840625 0.07541666666666667 0.069375 0.1025
0 0.64375 0.16208333333333333 0.05625 0.0825
0 0.7078125 0.20625 0.069375 0.0775
0 0.76 0.63125 0.06375 0.08083333333333333
1 0.7928125 0.35 0.120625 0.16
1 0.183125 0.8029166666666666 0.0875 0.13583333333333333
1 0.444375 0.8829166666666667 0.0775 0.07083333333333333
1 0.2596875 0.08291666666666667 0.083125 0.0925
1 0.2815625 0.59625 0.094375 0.1275
1 0.385625 0.465 0.085 0.14166666666666666
1 0.449375 0.5075 0.09375 0.12833333333333333
0 0.21 0.4 0.06125 0.07666666666666666
0 0.2128125 0.23 0.058125 0.09666666666666666
0 0.364375 0.07416666666666667 0.06125 0.08333333333333333
0 0.308125 0.42291666666666666 0.0675 0.09916666666666667
0 0.2853125 0.26125 0.058125 0.07916666666666666
0 0.4678125 0.44166666666666665 0.061875 0.10166666666666667
0 0.50875 0.45125 0.0625 0.09083333333333334
0 0.571875 0.47375 0.06125 0.09416666666666666
0 0.6234375 0.45708333333333334 0.056875 0.09083333333333334
1 0.6390625 0.5495833333333333 0.081875 0.13583333333333333
1 0.7715625 0.5275 0.089375 0.13833333333333334
0 0.79125 0.6133333333333333 0.0725 0.08666666666666667
0 0.291875 0.38083333333333336 0.06875 0.06666666666666667
0 0.16875 0.09208333333333334 0.06375 0.08916666666666667
0 0.1621875 0.26208333333333333 0.058125 0.08916666666666667
0 0.1640625 0.33458333333333334 0.070625 0.09416666666666666
0 0.1946875 0.49666666666666665 0.064375 0.085
0 0.363125 0.63625 0.0625 0.09083333333333334
0 0.7690625 0.25166666666666665 0.069375 0.085
0 0.83375 0.18041666666666667 0.055 0.0925