0 0.93 0.5379166666666667 0.09375 0.12416666666666666
0 0.691875 0.84 0.09375 0.125
0 0.451875 0.6983333333333334 0.0925 0.12333333333333334
0 0.42 0.6016666666666667 0.0725 0.09666666666666666
0 0.2659375 0.51625 0.095625 0.1275
0 0.3190625 0.43625 0.086875 0.11583333333333333
0 0.5734375 0.7325 0.089375 0.11833333333333333
0 0.4825 0.4575 0.085 0.11333333333333333
0 0.168125 0.36666666666666664 0.09 0.12
0 0.24375 0.3375 0.08125 0.10833333333333334
0 0.513125 0.06916666666666667 0.085 0.11333333333333333
0 0.3903125 0.42125 0.089375 0.11916666666666667
0 0.365 0.515 0.095 0.12666666666666668
0 0.6853125 0.40958333333333335 0.081875 0.10916666666666666
0 0.6396875 0.47625 0.085625 0.11416666666666667
0 0.4834375 0.135 0.106875 0.14333333333333334
0 0.7015625 0.6954166666666667 0.086875 0.11583333333333333
0 0.2390625 0.18541666666666667 0.089375 0.11916666666666667
0 0.1690625 0.16041666666666668 0.089375 0.11916666666666667
0 0.8171875 0.28458333333333335 0.096875 0.12916666666666668
0 0.5090625 0.30625 0.088125 0.1175
0 0.243125 0.43666666666666665 0.0875 0.11666666666666667
0 0.413125 0.8229166666666666 0.09 0.11916666666666667
0 0.506875 0.8758333333333334 0.0925 0.12333333333333334
0 0.8615625 0.485 0.089375 0.11833333333333333
0 0.92125 0.6333333333333333 0.09 0.12
0 0.703125 0.5779166666666666 0.10125 0.13416666666666666
0 0.3671875 0.69375 0.093125 0.12416666666666666
0 0.5878125 0.8704166666666666 0.090625 0.12083333333333333
0 0.925625 0.4375 0.09375 0.125
0 0.68625 0.335 0.08375 0.11166666666666666
0 0.4575 0.5216666666666666 0.0975 0.13
0 0.3834375 0.11708333333333333 0.091875 0.1225
0 0.1040625 0.47125 0.083125 0.11083333333333334
0 0.55625 0.15166666666666667 0.09375 0.125
0 0.3434375 0.9129166666666667 0.088125 0.1175
0 0.6884375 0.9208333333333333 0.088125 0.11666666666666667
0 0.845 0.6029166666666667 0.095 0.12583333333333332
0 0.6234375 0.29083333333333333 0.083125 0.11166666666666666
0 0.76375 0.4025 0.09125 0.12166666666666667
0 0.5678125 0.4791666666666667 0.099375 0.13166666666666665
0 0.491875 0.7629166666666667 0.095 0.12583333333333332
0 0.854375 0.36375 0.0925 0.12416666666666666
0 0.6378125 0.7279166666666667 0.083125 0.11083333333333334
0 0.7571875 0.8395833333333333 0.085625 0.11416666666666667
0 0.171875 0.4795833333333333 0.0925 0.12416666666666666
0 0.7715625 0.6879166666666666 0.086875 0.11583333333333333
0 0.30625 0.35583333333333333 0.0825 0.11
0 0.451875 0.36625 0.0775 0.1025
0 0.824375 0.6241666666666666 0.08 0.10666666666666667
0 0.2121875 0.5629166666666666 0.080625 0.1075
0 0.605625 0.8125 0.085 0.11333333333333333
0 0.825 0.39916666666666667 0.08875 0.11833333333333333
0 0.698125 0.21833333333333332 0.0925 0.12333333333333334
0 0.5425 0.5666666666666667 0.09375 0.125
0 0.6684375 0.16458333333333333 0.086875 0.11583333333333333
0 0.781875 0.49416666666666664 0.09375 0.125
0 0.524375 0.3725 0.08875 0.11833333333333333
0 0.12625 0.16791666666666666 0.08875 0.1175
0 0.7553125 0.27125 0.098125 0.13083333333333333
0 0.6034375 0.6479166666666667 0.076875 0.1025
0 0.0990625 0.31875 0.086875 0.11583333333333333
0 0.2546875 0.6508333333333334 0.101875 0.13666666666666666
0 0.751875 0.54125 0.09 0.11916666666666667
0 0.1925 0.7029166666666666 0.07875 0.10583333333333333
0 0.273125 0.8191666666666667 0.0775 0.10333333333333333
0 0.105 0.41833333333333333 0.095 0.12666666666666668
0 0.2734375 0.7079166666666666 0.118125 0.1575
0 0.328125 0.10291666666666667 0.08125 0.1075
0 0.83875 0.74625 0.08 0.10583333333333333
0 0.375625 0.27208333333333334 0.08625 0.11583333333333333
0 0.344375 0.8016666666666666 0.075 0.1
0 0.54375 0.5025 0.07625 0.10166666666666667
0 0.30375 0.14166666666666666 0.0825 0.11
0 0.960625 0.7 0.07125 0.095
0 0.234375 0.0975 0.085 0.11333333333333333
0 0.245625 0.7195833333333334 0.07625 0.10083333333333333
0 0.2434375 0.8095833333333333 0.079375 0.10583333333333333
0 0.48375 0.7925 0.07875 0.105
0 0.4034375 0.8604166666666667 0.075625 0.10083333333333333
0 0.610625 0.85 0.08625 0.115
0 0.8046875 0.61125 0.081875 0.10916666666666666
0 0.879375 0.4583333333333333 0.085 0.11333333333333333
0 0.7228125 0.2604166666666667 0.088125 0.1175
0 0.6965625 0.4325 0.080625 0.10666666666666667
0 0.6015625 0.25958333333333333 0.084375 0.1125
0 0.623125 0.15583333333333332 0.075 0.1
0 0.5965625 0.14625 0.084375 0.1125
0 0.5465625 0.20541666666666666 0.086875 0.11583333333333333
0 0.4065625 0.10791666666666666 0.075625 0.10083333333333333
0 0.120625 0.19791666666666666 0.0775 0.1025
0 0.0959375 0.27708333333333335 0.065625 0.0875
0 0.3278125 0.14291666666666666 0.079375 0.10583333333333333
0 0.1175 0.4995833333333333 0.08625 0.11416666666666667
0 0.1503125 0.5825 0.073125 0.09666666666666666
0 0.1684375 0.5370833333333334 0.093125 0.12416666666666666
0 0.2478125 0.5925 0.094375 0.125
0 0.389375 0.29375 0.08 0.1075
0 0.3975 0.255 0.09 0.12
0 0.55625 0.3858333333333333 0.085 0.11333333333333333
0 0.523125 0.39375 0.08625 0.11583333333333333
0 0.4328125 0.39458333333333334 0.085625 0.11416666666666667
0 0.4315625 0.5004166666666666 0.089375 0.11916666666666667
0 0.420625 0.62125 0.08 0.10583333333333333
0 0.2121875 0.5933333333333334 0.090625 0.12166666666666667
0 0.8715625 0.7320833333333333 0.083125 0.11083333333333334
0 0.8534375 0.73125 0.084375 0.1125
0 0.76375 0.655 0.07875 0.105
0 0.768125 0.7179166666666666 0.08 0.1075
0 0.6575 0.6283333333333333 0.06375 0.085
0 0.5846875 0.6354166666666666 0.080625 0.1075
0 0.7875 0.4166666666666667 0.08875 0.11833333333333333
0 0.6015625 0.6158333333333333 0.085625 0.115
0 0.525 0.5516666666666666 0.08875 0.11833333333333333
0 0.786875 0.9166666666666666 0.09 0.12
0 0.556875 0.2475 0.08 0.10666666666666667
0 0.64 0.7791666666666667 0.0825 0.11
0 0.3275 0.7966666666666666 0.08875 0.11833333333333333