0 0.4284375 0.49291666666666667 0.073125 0.08916666666666667
0 0.8 0.6375 0.07375 0.085
0 0.1909375 0.4675 0.075625 0.09333333333333334
0 0.6665625 0.5166666666666667 0.065625 0.08666666666666667
0 0.505625 0.49 0.06625 0.08833333333333333
0 0.2028125 0.3670833333333333 0.064375 0.08416666666666667
0 0.701875 0.7275 0.0725 0.09333333333333334
0 0.2853125 0.5058333333333334 0.063125 0.085
0 0.6409375 0.6525 0.065625 0.09666666666666666
0 0.736875 0.9225 0.065 0.08333333333333333
0 0.6653125 0.06375 0.061875 0.08916666666666667
0 0.5984375 0.57 0.071875 0.08
0 0.665625 0.9445833333333333 0.0625 0.08083333333333333
0 0.485 0.2733333333333333 0.06875 0.09
0 0.62875 0.32208333333333333 0.06375 0.08916666666666667
0 0.3153125 0.08 0.068125 0.08833333333333333
0 0.5278125 0.36083333333333334 0.066875 0.10333333333333333
0 0.69125 0.5970833333333333 0.0625 0.08083333333333333
0 0.1875 0.27791666666666665 0.06625 0.08583333333333333
0 0.531875 0.13291666666666666 0.07 0.08916666666666667
0 0.8121875 0.54 0.063125 0.08166666666666667
0 0.565 0.815 0.05875 0.08833333333333333
0 0.566875 0.26625 0.06375 0.09416666666666666
0 0.2965625 0.6929166666666666 0.058125 0.0675
0 0.375 0.29833333333333334 0.06125 0.08333333333333333
0 0.27 0.3070833333333333 0.0575 0.08416666666666667
0 0.4790625 0.945 0.076875 0.07333333333333333
0 0.59125 0.9091666666666667 0.07625 0.09333333333333334
0 0.405 0.395 0.07 0.09166666666666666
0 0.16875 0.6641666666666667 0.06875 0.09
0 0.5296875 0.72125 0.063125 0.09416666666666666
0 0.2496875 0.8433333333333334 0.063125 0.085
0 0.450625 0.8345833333333333 0.06 0.08416666666666667
0 0.7434375 0.20291666666666666 0.064375 0.08416666666666667
0 0.224375 0.13791666666666666 0.0625 0.09916666666666667
0 0.74875 0.5675 0.05625 0.11
0 0.3978125 0.09416666666666666 0.073125 0.09666666666666666
0 0.68375 0.38666666666666666 0.0625 0.08833333333333333
0 0.1846875 0.049166666666666664 0.061875 0.095
0 0.2746875 0.15833333333333333 0.063125 0.08166666666666667
0 0.3171875 0.9041666666666667 0.055625 0.08666666666666667
0 0.8325 0.08458333333333333 0.06125 0.0925
0 0.2640625 0.4116666666666667 0.065625 0.07833333333333334
0 0.2115625 0.5695833333333333 0.074375 0.0925
0 0.76875 0.385 0.06125 0.09
0 0.51625 0.925 0.07125 0.08833333333333333
0 0.4915625 0.8325 0.069375 0.09
0 0.6946875 0.2816666666666667 0.059375 0.07166666666666667
0 0.475 0.6804166666666667 0.05 0.0625
0 0.4753125 0.17958333333333334 0.061875 0.0825
0 0.6596875 0.16708333333333333 0.064375 0.07916666666666666
0 0.800625 0.37333333333333335 0.05875 0.08333333333333333
0 0.36 0.5283333333333333 0.06125 0.08833333333333333
0 0.5603125 0.05416666666666667 0.063125 0.08
0 0.27875 0.8154166666666667 0.0675 0.08916666666666667
0 0.2415625 0.6620833333333334 0.056875 0.07083333333333333
0 0.426875 0.17708333333333334 0.0625 0.07916666666666666
0 0.611875 0.4429166666666667 0.05875 0.0925
0 0.513125 0.5933333333333334 0.06625 0.09166666666666666
0 0.4525 0.36916666666666664 0.06625 0.09333333333333334
0 0.625 0.20875 0.06625 0.08583333333333333
0 0.3803125 0.58125 0.063125 0.08583333333333333
0 0.161875 0.5995833333333334 0.065 0.0825
0 0.15875 0.18791666666666668 0.0675 0.09916666666666667
0 0.4221875 0.6220833333333333 0.058125 0.0925
0 0.75375 0.06666666666666667 0.07 0.055
0 0.75125 0.865 0.0575 0.07666666666666666
0 0.2653125 0.59125 0.069375 0.06583333333333333
0 0.395 0.8495833333333334 0.0675 0.09083333333333334
0 0.58875 0.18583333333333332 0.065 0.06833333333333333
0 0.5696875 0.6683333333333333 0.060625 0.09
0 0.7309375 0.14458333333333334 0.056875 0.08583333333333333
1 0.5353125 0.6483333333333333 0.064375 0.06833333333333333
0 0.833125 0.20291666666666666 0.06 0.08416666666666667
0 0.7325 0.0975 0.06125 0.07833333333333334
0 0.58875 0.06375 0.06625 0.07916666666666666
0 0.6428125 0.42291666666666666 0.056875 0.0775
0 0.42875 0.08291666666666667 0.06 0.07916666666666666
0 0.2465625 0.32 0.053125 0.07
0 0.2953125 0.4066666666666667 0.055625 0.08666666666666667
0 0.4909375 0.6058333333333333 0.061875 0.07
0 0.3528125 0.8841666666666667 0.063125 0.09333333333333334
0 0.3125 0.7170833333333333 0.05875 0.08416666666666667
0 0.5953125 0.7975 0.055625 0.09166666666666666
0 0.72 0.2945833333333333 0.0575 0.07583333333333334