0 0.265 0.6354166666666666 0.07125 0.08916666666666667
0 0.7690625 0.23541666666666666 0.076875 0.08916666666666667
0 0.768125 0.7408333333333333 0.065 0.08
0 0.4265625 0.25 0.074375 0.09333333333333334
0 0.3940625 0.6275 0.069375 0.08666666666666667
0 0.19375 0.6654166666666667 0.0675 0.08916666666666667
0 0.385 0.8808333333333334 0.06875 0.09333333333333334
0 0.2821875 0.17291666666666666 0.064375 0.09083333333333334
0 0.7965625 0.9116666666666666 0.063125 0.085
0 0.64 0.09458333333333334 0.0725 0.09083333333333334
0 0.5615625 0.50125 0.066875 0.0925
0 0.5934375 0.7416666666666667 0.063125 0.09166666666666666
0 0.69 0.9233333333333333 0.07125 0.08833333333333333
0 0.806875 0.56875 0.0725 0.08583333333333333
0 0.660625 0.47791666666666666 0.0625 0.08583333333333333
0 0.449375 0.9029166666666667 0.07125 0.09416666666666666
0 0.7040625 0.16583333333333333 0.068125 0.1
0 0.2934375 0.7479166666666667 0.063125 0.09083333333333334
0 0.3921875 0.5233333333333333 0.066875 0.09
0 0.2853125 0.33875 0.071875 0.09416666666666666
0 0.751875 0.4791666666666667 0.06625 0.08333333333333333
0 0.3309375 0.49541666666666667 0.073125 0.08416666666666667
0 0.208125 0.15541666666666668 0.06875 0.08583333333333333
0 0.5421875 0.6779166666666666 0.058125 0.0875
0 0.5459375 0.1 0.070625 0.08833333333333333
0 0.433125 0.13333333333333333 0.06625 0.08333333333333333
0 0.320625 0.57625 0.07375 0.07416666666666667
0 0.1934375 0.7754166666666666 0.068125 0.0775
0 0.8253125 0.46125 0.068125 0.09416666666666666
0 0.2278125 0.27708333333333335 0.068125 0.0775
0 0.5684375 0.39458333333333334 0.069375 0.09416666666666666
0 0.265 0.935 0.05375 0.06666666666666667
0 0.815625 0.6658333333333334 0.0675 0.105
0 0.455625 0.6975 0.07125 0.08666666666666667
0 0.5734375 0.8775 0.063125 0.095
0 0.745 0.6483333333333333 0.06125 0.10166666666666667
0 0.220625 0.495 0.06625 0.08333333333333333
0 0.8165625 0.3358333333333333 0.054375 0.08666666666666667
0 0.52875 0.79125 0.06375 0.08583333333333333
0 0.5921875 0.16291666666666665 0.074375 0.0875
0 0.51875 0.58625 0.06625 0.08083333333333333
0 0.620625 0.3095833333333333 0.065 0.07916666666666666
0 0.1884375 0.08125 0.069375 0.09583333333333334
0 0.718125 0.5504166666666667 0.065 0.09083333333333334
0 0.67875 0.35791666666666666 0.06125 0.08583333333333333
0 0.2746875 0.07791666666666666 0.060625 0.0925
0 0.634375 0.5579166666666666 0.08 0.08416666666666667
0 0.4990625 0.29 0.065625 0.09
0 0.7784375 0.8229166666666666 0.069375 0.0825
0 0.6509375 0.38958333333333334 0.084375 0.08416666666666667
0 0.576875 0.25375 0.0775 0.0875
0 0.491875 0.4483333333333333 0.07 0.09
0 0.7553125 0.33416666666666667 0.060625 0.08833333333333333
0 0.6534375 0.82875 0.055625 0.09583333333333334
0 0.3303125 0.41625 0.071875 0.07583333333333334
0 0.6890625 0.7370833333333333 0.059375 0.08083333333333333
0 0.319375 0.8470833333333333 0.05375 0.08583333333333333
0 0.793125 0.0875 0.05875 0.08666666666666667
0 0.5053125 0.15125 0.053125 0.09583333333333334
0 0.1559375 0.4295833333333333 0.063125 0.08583333333333333
0 0.50625 0.34 0.07375 0.09
0 0.4825 0.5966666666666667 0.07375 0.07833333333333334
0 0.3828125 0.41375 0.085625 0.08916666666666667
0 0.48875 0.7929166666666667 0.06625 0.0925
0 0.238125 0.06416666666666666 0.06125 0.10833333333333334
0 0.360625 0.13083333333333333 0.0775 0.085
0 0.775 0.12666666666666668 0.065 0.08666666666666667
0 0.52375 0.19166666666666668 0.07125 0.1
0 0.6296875 0.18 0.071875 0.07666666666666666
0 0.1571875 0.2833333333333333 0.063125 0.09
0 0.3990625 0.145 0.068125 0.095
0 0.834375 0.30041666666666667 0.05875 0.06916666666666667
0 0.4678125 0.47833333333333333 0.065625 0.08666666666666667
0 0.29 0.8483333333333334 0.05625 0.08166666666666667
0 0.2384375 0.24208333333333334 0.055625 0.08416666666666667
0 0.2340625 0.4708333333333333 0.056875 0.08333333333333333
0 0.63 0.8595833333333334 0.065 0.09083333333333334
0 0.748125 0.8408333333333333 0.06 0.08
0 0.6725 0.7070833333333333 0.06 0.08583333333333333
0 0.750625 0.38208333333333333 0.0625 0.07583333333333334