0 0.6390625 0.31083333333333335 0.078125 0.08833333333333333
0 0.364375 0.7395833333333334 0.075 0.09916666666666667
0 0.7275 0.3641666666666667 0.07875 0.1
0 0.3625 0.3229166666666667 0.0675 0.1025
0 0.2271875 0.585 0.084375 0.11666666666666667
0 0.55 0.31666666666666665 0.075 0.10666666666666667
0 0.5940625 0.7941666666666667 0.069375 0.09666666666666666
0 0.4896875 0.22083333333333333 0.061875 0.08833333333333333
0 0.04625 0.665 0.07875 0.10333333333333333
0 0.57125 0.20666666666666667 0.0775 0.08666666666666667
0 0.389375 0.6595833333333333 0.0725 0.0975
0 0.319375 0.4504166666666667 0.07875 0.09416666666666666
0 0.879375 0.90125 0.07625 0.07916666666666666
0 0.771875 0.085 0.07375 0.09
0 0.7015625 0.7616666666666667 0.075625 0.095
0 0.4365625 0.7416666666666667 0.069375 0.105
0 0.418125 0.13958333333333334 0.08125 0.1125
0 0.81625 0.47333333333333333 0.075 0.11
0 0.885 0.4891666666666667 0.0775 0.09666666666666666
0 0.161875 0.44875 0.06875 0.10583333333333333
0 0.22 0.15291666666666667 0.0725 0.0925
0 0.1440625 0.6779166666666666 0.078125 0.1125
0 0.46875 0.8783333333333333 0.0825 0.09833333333333333
0 0.4346875 0.2945833333333333 0.069375 0.09416666666666666
0 0.9225 0.07833333333333334 0.075 0.1
0 0.5184375 0.73875 0.064375 0.1025
0 0.176875 0.26916666666666667 0.075 0.10333333333333333
0 0.7309375 0.6845833333333333 0.078125 0.09916666666666667
0 0.129375 0.3433333333333333 0.075 0.09833333333333333
0 0.7371875 0.26416666666666666 0.076875 0.10666666666666667
0 0.6325 0.6004166666666667 0.08 0.11416666666666667
0 0.921875 0.7295833333333334 0.065 0.08916666666666667
0 0.5653125 0.12208333333333334 0.078125 0.10583333333333333
0 0.230625 0.475 0.075 0.105
0 0.80125 0.6741666666666667 0.07625 0.11166666666666666
0 0.521875 0.5654166666666667 0.07375 0.09583333333333334
0 0.0646875 0.3745833333333333 0.081875 0.10916666666666666
0 0.81125 0.2966666666666667 0.07 0.09833333333333333
0 0.7575 0.4625 0.07 0.10166666666666667
0 0.4475 0.5554166666666667 0.07375 0.11083333333333334
0 0.4871875 0.7333333333333333 0.074375 0.09833333333333333
0 0.53625 0.9108333333333334 0.07625 0.105
0 0.2221875 0.7529166666666667 0.073125 0.0925
0 0.045625 0.8729166666666667 0.08375 0.09583333333333334
0 0.520625 0.46708333333333335 0.07375 0.09916666666666667
0 0.7084375 0.605 0.071875 0.11166666666666666
0 0.9228125 0.3954166666666667 0.078125 0.1025
0 0.585 0.27875 0.07125 0.09416666666666666
0 0.4946875 0.5075 0.075625 0.1
0 0.7384375 0.21958333333333332 0.069375 0.0925
0 0.8925 0.6225 0.08375 0.09
0 0.1734375 0.5279166666666667 0.074375 0.10083333333333333
0 0.7825 0.19666666666666666 0.0675 0.11333333333333333
0 0.2353125 0.8091666666666667 0.053125 0.11
0 0.279375 0.8 0.05 0.10666666666666667
0 0.865 0.6375 0.075 0.095
0 0.864375 0.8004166666666667 0.06625 0.08916666666666667
0 0.1375 0.5295833333333333 0.07625 0.08916666666666667
0 0.651875 0.19791666666666666 0.055 0.12083333333333333
0 0.8896875 0.8670833333333333 0.085625 0.09083333333333334
0 0.8928125 0.7933333333333333 0.085625 0.08833333333333333