0 0.46 0.545 0.06875 0.09
0 0.476875 0.3954166666666667 0.0725 0.0975
0 0.7296875 0.8804166666666666 0.069375 0.0875
0 0.2334375 0.7633333333333333 0.068125 0.09666666666666666
0 0.8178125 0.8383333333333334 0.071875 0.09833333333333333
0 0.5078125 0.8208333333333333 0.065625 0.08166666666666667
0 0.725625 0.2825 0.07375 0.095
0 0.64375 0.4195833333333333 0.06125 0.09916666666666667
0 0.210625 0.12458333333333334 0.0675 0.09083333333333334
0 0.781875 0.5933333333333334 0.075 0.10166666666666667
0 0.43625 0.17583333333333334 0.07 0.10666666666666667
0 0.7115625 0.6983333333333334 0.071875 0.095
0 0.436875 0.07708333333333334 0.07125 0.09416666666666666
0 0.83875 0.545 0.0625 0.07833333333333334
0 0.7546875 0.19666666666666666 0.081875 0.095
0 0.763125 0.43125 0.0775 0.09583333333333334
0 0.509375 0.665 0.07125 0.10333333333333333
0 0.79125 0.7366666666666667 0.07375 0.105
0 0.3159375 0.4241666666666667 0.068125 0.09333333333333334
0 0.59125 0.31583333333333335 0.06625 0.10166666666666667
0 0.593125 0.76375 0.07125 0.09916666666666667
0 0.614375 0.5958333333333333 0.0625 0.10333333333333333
0 0.6003125 0.49041666666666667 0.083125 0.10083333333333333
0 0.24625 0.5016666666666667 0.07 0.10333333333333333
0 0.5878125 0.6766666666666666 0.060625 0.08333333333333333
0 0.390625 0.23541666666666666 0.07375 0.09583333333333334
0 0.435 0.2679166666666667 0.07 0.08916666666666667
0 0.6828125 0.11875 0.069375 0.07583333333333334
0 0.6928125 0.8008333333333333 0.074375 0.09333333333333334
0 0.2125 0.45625 0.0675 0.1025
0 0.498125 0.12166666666666667 0.0675 0.115
0 0.6375 0.7445833333333334 0.06375 0.10416666666666667
0 0.3125 0.31 0.0675 0.09666666666666666
0 0.33125 0.7441666666666666 0.07 0.09166666666666666
0 0.6690625 0.6458333333333334 0.074375 0.1
0 0.319375 0.20625 0.08125 0.0975
0 0.473125 0.9470833333333334 0.065 0.09083333333333334
0 0.2290625 0.2504166666666667 0.066875 0.09416666666666666
0 0.17 0.6483333333333333 0.06 0.09166666666666666
0 0.275625 0.5108333333333334 0.0675 0.08666666666666667
0 0.5834375 0.9325 0.075625 0.09833333333333333
0 0.759375 0.22791666666666666 0.07625 0.09583333333333334
0 0.24875 0.30833333333333335 0.07375 0.09
0 0.641875 0.61875 0.07125 0.0925
0 0.539375 0.2675 0.0575 0.07666666666666666
0 0.31375 0.7766666666666666 0.075 0.095
0 0.658125 0.042916666666666665 0.06875 0.08583333333333333
0 0.7209375 0.7233333333333334 0.074375 0.095
0 0.32875 0.3525 0.0775 0.09