0 0.2896875 0.69625 0.091875 0.1225
0 0.84125 0.2704166666666667 0.08125 0.1075
0 0.8315625 0.16541666666666666 0.091875 0.1225
0 0.37875 0.5479166666666667 0.10375 0.1375
0 0.9134375 0.4970833333333333 0.085625 0.11416666666666667
0 0.2475 0.3070833333333333 0.09125 0.12083333333333333
0 0.4965625 0.56875 0.096875 0.12916666666666668
0 0.6109375 0.26166666666666666 0.095625 0.12666666666666668
0 0.1778125 0.57125 0.104375 0.13916666666666666
0 0.094375 0.7166666666666667 0.08875 0.11833333333333333
0 0.5475 0.29 0.10375 0.13833333333333334
0 0.2409375 0.3904166666666667 0.104375 0.13916666666666666
0 0.8284375 0.48875 0.098125 0.13083333333333333
0 0.4209375 0.6995833333333333 0.099375 0.1325
0 0.5 0.6716666666666666 0.09625 0.12833333333333333
0 0.379375 0.20541666666666666 0.115 0.15416666666666667
1 0.34625 0.7495833333333334 0.12125 0.16083333333333333