0 0.3465625 0.36333333333333334 0.070625 0.105
0 0.5846875 0.5241666666666667 0.081875 0.1
0 0.4984375 0.5729166666666666 0.074375 0.09583333333333334
0 0.7528125 0.5558333333333333 0.069375 0.09333333333333334
0 0.4896875 0.6845833333333333 0.081875 0.08916666666666667
0 0.3728125 0.83875 0.065625 0.0925
0 0.77625 0.8729166666666667 0.07 0.09916666666666667
0 0.47375 0.35125 0.07125 0.08583333333333333
0 0.405 0.42333333333333334 0.06375 0.10333333333333333
0 0.705 0.8729166666666667 0.06125 0.09916666666666667
0 0.7428125 0.25416666666666665 0.068125 0.095
0 0.7778125 0.6791666666666667 0.068125 0.10333333333333333
0 0.365625 0.6679166666666667 0.07375 0.09916666666666667
0 0.4490625 0.9058333333333334 0.068125 0.095
0 0.275 0.66625 0.07125 0.09583333333333334
0 0.38125 0.17333333333333334 0.0725 0.09166666666666666
0 0.435625 0.21083333333333334 0.07375 0.085
0 0.549375 0.4075 0.0625 0.10166666666666667
0 0.2303125 0.275 0.066875 0.10333333333333333
0 0.265 0.7729166666666667 0.07375 0.08583333333333333
0 0.300625 0.8275 0.0875 0.1
0 0.1596875 0.8658333333333333 0.061875 0.10166666666666667
0 0.2271875 0.8379166666666666 0.073125 0.11083333333333334
0 0.186875 0.9033333333333333 0.05375 0.135
0 0.261875 0.8845833333333334 0.05375 0.0925