0 0.69 0.5916666666666667 0.07875 0.105
0 0.1653125 0.17041666666666666 0.088125 0.1175
0 0.5859375 0.64375 0.076875 0.1025
0 0.413125 0.7225 0.095 0.12666666666666668
0 0.114375 0.39666666666666667 0.0875 0.11666666666666667
0 0.688125 0.31416666666666665 0.0825 0.11
0 0.4203125 0.19875 0.105625 0.14083333333333334
0 0.4228125 0.36666666666666664 0.101875 0.135
0 0.2715625 0.7829166666666667 0.098125 0.13083333333333333
0 0.7290625 0.9170833333333334 0.103125 0.1375
0 0.424375 0.8433333333333334 0.1 0.13333333333333333
0 0.4759375 0.41541666666666666 0.089375 0.11916666666666667
0 0.621875 0.8533333333333334 0.09125 0.12166666666666667
0 0.081875 0.31666666666666665 0.09625 0.12833333333333333
0 0.13125 0.255 0.095 0.12666666666666668
0 0.4903125 0.6020833333333333 0.095625 0.1275
0 0.7540625 0.43666666666666665 0.094375 0.12666666666666668
0 0.378125 0.5225 0.09375 0.125
0 0.833125 0.8283333333333334 0.1025 0.13666666666666666
0 0.915625 0.8233333333333334 0.08625 0.115
0 0.1909375 0.2679166666666667 0.100625 0.13416666666666666
0 0.8134375 0.9404166666666667 0.088125 0.1175
0 0.574375 0.5308333333333334 0.1075 0.14333333333333334
0 0.1825 0.33375 0.10375 0.1375
0 0.678125 0.8229166666666666 0.0925 0.1225
0 0.2271875 0.5229166666666667 0.103125 0.1375
0 0.6865625 0.44625 0.101875 0.13583333333333333
0 0.81125 0.32666666666666666 0.0825 0.11
0 0.49375 0.4870833333333333 0.09375 0.12583333333333332
0 0.9496875 0.48083333333333333 0.089375 0.11833333333333333
0 0.5275 0.3129166666666667 0.085 0.1125
0 0.69625 0.70625 0.09375 0.12416666666666666
0 0.2546875 0.3279166666666667 0.120625 0.16083333333333333
0 0.6578125 0.06791666666666667 0.101875 0.13583333333333333
0 0.54625 0.37166666666666665 0.08375 0.11166666666666666
0 0.811875 0.5470833333333334 0.09875 0.13083333333333333
0 0.6609375 0.7708333333333334 0.091875 0.12333333333333334
0 0.7353125 0.40875 0.101875 0.13583333333333333
0 0.5275 0.24875 0.09 0.12083333333333333
0 0.19 0.74125 0.0775 0.10416666666666667