0 0.3775 0.07833333333333334 0.085 0.11333333333333333
0 0.7359375 0.5520833333333334 0.099375 0.1325
0 0.945625 0.53125 0.09 0.11916666666666667
0 0.656875 0.755 0.11125 0.14833333333333334
0 0.0978125 0.31875 0.088125 0.1175
0 0.91875 0.6583333333333333 0.085 0.11333333333333333
0 0.38 0.33375 0.0925 0.12416666666666666
0 0.75125 0.8695833333333334 0.095 0.12583333333333332
0 0.7778125 0.36666666666666664 0.099375 0.13333333333333333
0 0.51875 0.6979166666666666 0.105 0.13916666666666666
0 0.7971875 0.7341666666666666 0.103125 0.13833333333333334
0 0.06625 0.4633333333333333 0.1075 0.14333333333333334
0 0.47375 0.22875 0.0925 0.12416666666666666
0 0.74875 0.4575 0.09125 0.12166666666666667
0 0.5721875 0.08541666666666667 0.101875 0.13583333333333333
0 0.635 0.13416666666666666 0.1125 0.15
0 0.1690625 0.3620833333333333 0.091875 0.1225
0 0.5078125 0.43875 0.091875 0.1225
0 0.2734375 0.22541666666666665 0.099375 0.1325
0 0.201875 0.22333333333333333 0.09375 0.125
0 0.4134375 0.41875 0.103125 0.1375
0 0.170625 0.4483333333333333 0.10125 0.135
0 0.8075 0.925 0.09 0.12
0 0.2071875 0.14458333333333334 0.088125 0.1175
0 0.1975 0.6945833333333333 0.09875 0.13083333333333333
0 0.64125 0.5254166666666666 0.10125 0.13416666666666666
0 0.8921875 0.4504166666666667 0.090625 0.12083333333333333
0 0.5846875 0.48625 0.090625 0.12083333333333333
0 0.45 0.51875 0.105 0.13916666666666666
0 0.6628125 0.495 0.089375 0.11833333333333333
0 0.2453125 0.66625 0.110625 0.1475
0 0.44375 0.44166666666666665 0.09375 0.125
0 0.525625 0.3475 0.1025 0.13666666666666666
0 0.51875 0.2945833333333333 0.095 0.12583333333333332
0 0.88 0.4066666666666667 0.08875 0.11833333333333333
1 0.7209375 0.8875 0.116875 0.155
0 0.92875 0.7983333333333333 0.085 0.11333333333333333
0 0.1628125 0.6941666666666667 0.098125 0.13
0 0.6253125 0.44458333333333333 0.083125 0.11083333333333334
0 0.5253125 0.4820833333333333 0.108125 0.14416666666666667