0 0.7303125 0.5191666666666667 0.080625 0.095
0 0.670625 0.6808333333333333 0.07375 0.08833333333333333
0 0.0728125 0.11583333333333333 0.066875 0.07833333333333334
0 0.900625 0.9208333333333333 0.06625 0.08166666666666667
0 0.6353125 0.5470833333333334 0.065625 0.08416666666666667
0 0.8090625 0.6925 0.069375 0.09166666666666666
0 0.1246875 0.43875 0.075625 0.10416666666666667
0 0.4053125 0.5775 0.073125 0.08333333333333333
0 0.776875 0.2654166666666667 0.06625 0.08916666666666667
0 0.3640625 0.7904166666666667 0.069375 0.0775
0 0.8734375 0.8283333333333334 0.066875 0.085
0 0.40375 0.3020833333333333 0.0725 0.09583333333333334
0 0.0865625 0.8908333333333334 0.081875 0.08
0 0.3665625 0.20083333333333334 0.069375 0.09333333333333334
0 0.1575 0.1025 0.065 0.08166666666666667
0 0.3015625 0.13083333333333333 0.079375 0.09
0 0.8325 0.9416666666666667 0.065 0.08333333333333333
0 0.9646875 0.7029166666666666 0.064375 0.0825
0 0.410625 0.6641666666666667 0.0675 0.09
0 0.4640625 0.2783333333333333 0.066875 0.09
0 0.464375 0.7166666666666667 0.07375 0.08833333333333333
0 0.8353125 0.5895833333333333 0.065625 0.08083333333333333
0 0.5446875 0.87125 0.075625 0.08583333333333333
0 0.1203125 0.6116666666666667 0.078125 0.09666666666666666
0 0.845 0.44 0.06875 0.11166666666666666
0 0.52125 0.24666666666666667 0.07 0.09833333333333333
0 0.0903125 0.75375 0.073125 0.08083333333333333
0 0.8234375 0.22666666666666666 0.060625 0.07166666666666667
0 0.58875 0.7870833333333334 0.07375 0.0975
0 0.50375 0.36041666666666666 0.07625 0.08083333333333333
1 0.889375 0.11833333333333333 0.09125 0.09833333333333333
0 0.1165625 0.04791666666666667 0.069375 0.08083333333333333
0 0.465 0.4708333333333333 0.08125 0.09
0 0.584375 0.28458333333333335 0.0775 0.06583333333333333
0 0.643125 0.44625 0.06625 0.06916666666666667
0 0.6153125 0.16833333333333333 0.078125 0.07666666666666666
0 0.879375 0.7404166666666666 0.07125 0.08083333333333333
0 0.7890625 0.42875 0.076875 0.08083333333333333
0 0.6240625 0.86125 0.055625 0.07583333333333334
0 0.5640625 0.20958333333333334 0.051875 0.07083333333333333
0 0.645 0.23666666666666666 0.055 0.08333333333333333
0 0.1659375 0.3120833333333333 0.064375 0.07083333333333333
0 0.4434375 0.5233333333333333 0.076875 0.08666666666666667
0 0.136875 0.33166666666666667 0.0825 0.07333333333333333
1 0.29 0.67375 0.09 0.1075
1 0.153125 0.22291666666666668 0.0975 0.0875
0 0.591875 0.3358333333333333 0.0625 0.07166666666666667
1 0.0809375 0.5475 0.094375 0.11