0 0.643125 0.6691666666666667 0.11125 0.14833333333333334
0 0.5359375 0.40708333333333335 0.115625 0.15416666666666667
0 0.688125 0.7325 0.11 0.14666666666666667
0 0.6515625 0.32208333333333333 0.111875 0.14916666666666667
0 0.4325 0.09958333333333333 0.10625 0.14083333333333334
0 0.584375 0.51375 0.11125 0.1475
0 0.376875 0.16666666666666666 0.09125 0.12166666666666667
0 0.6584375 0.15958333333333333 0.114375 0.1525
0 0.5196875 0.24 0.118125 0.15833333333333333
0 0.1721875 0.44708333333333333 0.109375 0.14583333333333334
0 0.195 0.3458333333333333 0.11125 0.14833333333333334
0 0.338125 0.51 0.11375 0.15166666666666667
0 0.46875 0.4066666666666667 0.1175 0.15666666666666668
0 0.924375 0.35583333333333333 0.1175 0.15666666666666668
0 0.3453125 0.32708333333333334 0.108125 0.14416666666666667
0 0.113125 0.6416666666666667 0.10875 0.145
0 0.354375 0.6025 0.1175 0.15666666666666668
0 0.8384375 0.2920833333333333 0.098125 0.13083333333333333
0 0.763125 0.3616666666666667 0.11125 0.14833333333333334
0 0.665 0.8116666666666666 0.11625 0.155
0 0.200625 0.7545833333333334 0.1225 0.1625
0 0.28375 0.29875 0.11125 0.14916666666666667
0 0.7525 0.4529166666666667 0.11625 0.15416666666666667
0 0.9178125 0.2175 0.116875 0.155
0 0.7778125 0.5179166666666667 0.114375 0.1525
0 0.3815625 0.88125 0.111875 0.14916666666666667
0 0.31875 0.8358333333333333 0.12 0.16
1 0.185625 0.5633333333333334 0.135 0.18
0 0.4521875 0.7620833333333333 0.114375 0.1525
0 0.72375 0.18625 0.10375 0.1375
0 0.23375 0.4970833333333333 0.08875 0.11916666666666667
0 0.8159375 0.13833333333333334 0.103125 0.13666666666666666
0 0.13375 0.87125 0.1075 0.1425