0 0.30875 0.44083333333333335 0.08 0.10333333333333333
0 0.7640625 0.11416666666666667 0.066875 0.09166666666666666
0 0.580625 0.2629166666666667 0.06 0.0925
0 0.96625 0.8070833333333334 0.065 0.0875
0 0.5021875 0.88375 0.059375 0.0825
0 0.94125 0.17333333333333334 0.08 0.10666666666666667
0 0.3484375 0.26458333333333334 0.075625 0.09583333333333334
0 0.8825 0.5879166666666666 0.0725 0.1025
0 0.098125 0.5575 0.075 0.11333333333333333
0 0.73375 0.7470833333333333 0.075 0.09583333333333334
0 0.3203125 0.8283333333333334 0.083125 0.10333333333333333
0 0.2325 0.7816666666666666 0.0675 0.09166666666666666
0 0.95625 0.9016666666666666 0.075 0.10166666666666667
0 0.856875 0.32875 0.08375 0.0975
0 0.8371875 0.6883333333333334 0.078125 0.10333333333333333
0 0.309375 0.06291666666666666 0.06875 0.08916666666666667
0 0.894375 0.8183333333333334 0.0775 0.10666666666666667
0 0.788125 0.91875 0.07375 0.0975
0 0.17375 0.6445833333333333 0.07125 0.09416666666666666
0 0.288125 0.565 0.06875 0.085
0 0.5884375 0.74 0.073125 0.10166666666666667
0 0.950625 0.29833333333333334 0.07375 0.1
0 0.1975 0.30333333333333334 0.06 0.09833333333333333
0 0.70875 0.83 0.06625 0.08833333333333333
0 0.38 0.19625 0.0775 0.0975
0 0.465625 0.6745833333333333 0.07625 0.11083333333333334
0 0.293125 0.7379166666666667 0.07 0.09083333333333334
0 0.6446875 0.4479166666666667 0.078125 0.10583333333333333
0 0.8609375 0.23166666666666666 0.068125 0.09
0 0.7146875 0.9441666666666667 0.080625 0.095
0 0.6103125 0.16416666666666666 0.061875 0.08666666666666667
0 0.5215625 0.5341666666666667 0.080625 0.1
0 0.464375 0.7841666666666667 0.08 0.10166666666666667
0 0.41 0.83875 0.075 0.0975
0 0.43375 0.06583333333333333 0.07625 0.095
0 0.1115625 0.9225 0.058125 0.11
0 0.2421875 0.12208333333333334 0.075625 0.10416666666666667
0 0.7675 0.43625 0.0725 0.09416666666666666
0 0.214375 0.6520833333333333 0.07375 0.09083333333333334
0 0.9490625 0.56875 0.069375 0.11916666666666667
0 0.2303125 0.9204166666666667 0.068125 0.08916666666666667
0 0.121875 0.36 0.0725 0.09333333333333334
0 0.143125 0.40458333333333335 0.0775 0.09916666666666667
0 0.6825 0.11625 0.0625 0.10083333333333333
0 0.2984375 0.34208333333333335 0.075625 0.0875
0 0.789375 0.71 0.0825 0.09166666666666666
0 0.66375 0.10375 0.07125 0.0925
0 0.428125 0.8629166666666667 0.06375 0.0925
1 0.0803125 0.41791666666666666 0.079375 0.15583333333333332