0 0.345625 0.66625 0.08375 0.11083333333333334
0 0.2734375 0.5158333333333334 0.095625 0.12833333333333333
0 0.5621875 0.77375 0.098125 0.13083333333333333
0 0.63 0.3775 0.09375 0.125
0 0.658125 0.5416666666666666 0.105 0.14
0 0.908125 0.495 0.095 0.12666666666666668
0 0.31625 0.14291666666666666 0.09625 0.1275
0 0.6915625 0.6829166666666666 0.084375 0.1125
0 0.0925 0.3858333333333333 0.09375 0.125
0 0.8334375 0.31416666666666665 0.088125 0.11833333333333333
0 0.28 0.7754166666666666 0.0975 0.12916666666666668
0 0.68875 0.16833333333333333 0.1 0.13333333333333333
0 0.7478125 0.725 0.099375 0.13166666666666665
0 0.7228125 0.5504166666666667 0.084375 0.1125
0 0.378125 0.8429166666666666 0.09875 0.13083333333333333
0 0.5715625 0.07458333333333333 0.093125 0.12416666666666666
0 0.0553125 0.45916666666666667 0.095625 0.12666666666666668
0 0.1859375 0.39875 0.098125 0.13083333333333333
0 0.7734375 0.35041666666666665 0.091875 0.1225
0 0.4021875 0.6666666666666666 0.108125 0.14333333333333334
0 0.3084375 0.35208333333333336 0.108125 0.14416666666666667
0 0.73875 0.45916666666666667 0.09625 0.12833333333333333
0 0.1390625 0.18708333333333332 0.100625 0.13416666666666666
0 0.4946875 0.275 0.100625 0.13333333333333333
0 0.6203125 0.6579166666666667 0.091875 0.1225
0 0.639375 0.2325 0.09125 0.12166666666666667
1 0.8940625 0.69 0.120625 0.16
0 0.6734375 0.30125 0.095625 0.1275
0 0.626875 0.7633333333333333 0.075 0.1
0 0.643125 0.3025 0.0975 0.13