0 0.4765625 0.8866666666666667 0.100625 0.13333333333333333
0 0.7690625 0.19708333333333333 0.109375 0.14583333333333334
0 0.4809375 0.52375 0.109375 0.14583333333333334
0 0.2203125 0.37041666666666667 0.106875 0.1425
0 0.245 0.8416666666666667 0.10625 0.14166666666666666
0 0.5253125 0.43041666666666667 0.103125 0.1375
0 0.6928125 0.18666666666666668 0.100625 0.13333333333333333
0 0.5034375 0.23125 0.094375 0.12583333333333332
0 0.919375 0.5183333333333333 0.1025 0.13666666666666666
0 0.430625 0.30333333333333334 0.10375 0.13833333333333334
0 0.7725 0.5820833333333333 0.1075 0.14416666666666667
0 0.350625 0.8145833333333333 0.105 0.13916666666666666
0 0.2359375 0.72375 0.093125 0.12416666666666666
0 0.3540625 0.4429166666666667 0.109375 0.14583333333333334
0 0.4203125 0.20291666666666666 0.103125 0.1375
0 0.3065625 0.7054166666666667 0.106875 0.1425
0 0.36625 0.6875 0.10125 0.135
0 0.7690625 0.3591666666666667 0.093125 0.125
0 0.4303125 0.6520833333333333 0.099375 0.1325
1 0.638125 0.6075 0.12625 0.16833333333333333
0 0.11875 0.4033333333333333 0.10375 0.13833333333333334
0 0.2296875 0.5583333333333333 0.104375 0.14
0 0.4396875 0.5358333333333334 0.094375 0.12666666666666668
0 0.4209375 0.9125 0.106875 0.14166666666666666
0 0.10625 0.695 0.1025 0.13666666666666666
0 0.17375 0.8833333333333333 0.10125 0.135
0 0.593125 0.50375 0.10625 0.1425
0 0.4821875 0.77625 0.105625 0.14083333333333334
0 0.9103125 0.24166666666666667 0.094375 0.12666666666666668
0 0.52125 0.12 0.11125 0.14833333333333334
0 0.62875 0.27166666666666667 0.10625 0.14166666666666666
0 0.145 0.37 0.10625 0.14166666666666666
0 0.625 0.7933333333333333 0.09875 0.13166666666666665
0 0.83125 0.51 0.09125 0.12166666666666667
0 0.4465625 0.80125 0.100625 0.13416666666666666
0 0.6471875 0.2916666666666667 0.104375 0.14
0 0.276875 0.9275 0.1025 0.13666666666666666
0 0.580625 0.56 0.09125 0.12166666666666667
0 0.4190625 0.25375 0.103125 0.1375