0 0.5271875 0.17333333333333334 0.096875 0.12833333333333333
0 0.2725 0.48333333333333334 0.08 0.10666666666666667
0 0.4684375 0.29375 0.088125 0.1175
0 0.8109375 0.7629166666666667 0.084375 0.1125
0 0.3071875 0.6541666666666667 0.104375 0.13833333333333334
0 0.3490625 0.265 0.111875 0.14833333333333334
0 0.3653125 0.6704166666666667 0.103125 0.1375
0 0.8446875 0.83125 0.091875 0.1225
1 0.080625 0.30916666666666665 0.1025 0.13666666666666666
0 0.50125 0.9191666666666667 0.09125 0.12166666666666667
0 0.2146875 0.07208333333333333 0.101875 0.13583333333333333
0 0.3146875 0.7725 0.101875 0.135
0 0.4465625 0.4454166666666667 0.094375 0.12583333333333332
0 0.5184375 0.43083333333333335 0.093125 0.12333333333333334
0 0.221875 0.43041666666666667 0.095 0.1275
0 0.9396875 0.5704166666666667 0.103125 0.1375
0 0.556875 0.09583333333333334 0.0825 0.11
0 0.356875 0.8808333333333334 0.0875 0.11666666666666667
0 0.2640625 0.2920833333333333 0.104375 0.13916666666666666
0 0.86625 0.6170833333333333 0.08875 0.1175
0 0.668125 0.7395833333333334 0.0875 0.1175
0 0.7359375 0.23125 0.101875 0.13583333333333333
0 0.663125 0.505 0.08125 0.10833333333333334
0 0.89 0.41875 0.10125 0.13416666666666666
0 0.56625 0.23166666666666666 0.0775 0.10333333333333333
0 0.4253125 0.77875 0.085625 0.11416666666666667
0 0.7878125 0.3545833333333333 0.080625 0.1075
0 0.810625 0.5595833333333333 0.085 0.11416666666666667
0 0.4259375 0.14041666666666666 0.079375 0.10583333333333333
0 0.65875 0.8425 0.07875 0.105
0 0.5765625 0.725 0.076875 0.10166666666666667
0 0.945 0.7370833333333333 0.085 0.11416666666666667
0 0.635625 0.4425 0.09 0.12
0 0.5753125 0.6004166666666667 0.084375 0.1125
0 0.479375 0.13041666666666665 0.07875 0.10583333333333333
1 0.2075 0.20791666666666667 0.12625 0.1675
0 0.2078125 0.29041666666666666 0.078125 0.10416666666666667
0 0.6115625 0.9129166666666667 0.081875 0.10916666666666666
0 0.8446875 0.6933333333333334 0.080625 0.10833333333333334
0 0.795625 0.4583333333333333 0.07875 0.105
0 0.16125 0.12333333333333334 0.0875 0.11666666666666667
0 0.79 0.63375 0.075 0.09916666666666667
0 0.554375 0.81 0.0725 0.09666666666666666
0 0.79375 0.56 0.08375 0.11166666666666666
0 0.885 0.6675 0.10125 0.135
0 0.825 0.3825 0.095 0.12666666666666668
0 0.5465625 0.65375 0.081875 0.10916666666666666
0 0.6403125 0.335 0.081875 0.10833333333333334
0 0.673125 0.44166666666666665 0.09 0.12
0 0.6165625 0.27708333333333335 0.073125 0.0975
0 0.851875 0.45666666666666667 0.0875 0.11666666666666667
0 0.6075 0.6808333333333333 0.0775 0.10333333333333333
0 0.7784375 0.29083333333333333 0.083125 0.11
0 0.8290625 0.515 0.081875 0.11
0 0.675625 0.6733333333333333 0.13 0.17333333333333334
0 0.7234375 0.64625 0.084375 0.1125
0 0.7421875 0.5904166666666667 0.073125 0.0975
0 0.6909375 0.5979166666666667 0.090625 0.12083333333333333
0 0.8134375 0.8808333333333334 0.116875 0.15666666666666668
0 0.33375 0.925 0.09125 0.12166666666666667
0 0.0846875 0.16333333333333333 0.081875 0.11