0 0.1734375 0.7070833333333333 0.069375 0.09083333333333334
0 0.8628125 0.3875 0.065625 0.08166666666666667
0 0.0421875 0.7954166666666667 0.071875 0.09916666666666667
0 0.84 0.805 0.06625 0.09333333333333334
0 0.6003125 0.8820833333333333 0.064375 0.1025
0 0.11875 0.17625 0.075 0.1025
0 0.1746875 0.26916666666666667 0.059375 0.09
0 0.7434375 0.49083333333333334 0.066875 0.10333333333333333
0 0.4603125 0.31916666666666665 0.054375 0.10166666666666667
0 0.0821875 0.7541666666666667 0.070625 0.08
0 0.6628125 0.24208333333333334 0.063125 0.08416666666666667
0 0.5415625 0.6820833333333334 0.063125 0.1025
0 0.6990625 0.43416666666666665 0.064375 0.11166666666666666
0 0.1221875 0.8883333333333333 0.069375 0.09
0 0.3103125 0.09333333333333334 0.058125 0.075
0 0.460625 0.21333333333333335 0.0675 0.08
0 0.6615625 0.88 0.071875 0.09833333333333333
0 0.3921875 0.5533333333333333 0.073125 0.09333333333333334
0 0.5271875 0.5466666666666666 0.073125 0.10166666666666667
0 0.539375 0.88125 0.07125 0.09583333333333334
0 0.906875 0.12333333333333334 0.06375 0.09166666666666666
0 0.9709375 0.11916666666666667 0.056875 0.07833333333333334
0 0.3475 0.29 0.07125 0.09833333333333333
0 0.40375 0.9354166666666667 0.0675 0.09583333333333334
0 0.635 0.74375 0.07 0.0925
0 0.7290625 0.28458333333333335 0.068125 0.11083333333333334
0 0.8703125 0.31166666666666665 0.085625 0.07833333333333334
0 0.6453125 0.8058333333333333 0.075625 0.065
0 0.0834375 0.6191666666666666 0.073125 0.10333333333333333
0 0.9353125 0.23 0.079375 0.08666666666666667
0 0.3990625 0.33458333333333334 0.060625 0.10583333333333333
0 0.765625 0.5870833333333333 0.075 0.0975
0 0.540625 0.2920833333333333 0.085 0.07583333333333334
0 0.788125 0.38375 0.0825 0.08916666666666667
0 0.304375 0.6979166666666666 0.07125 0.08583333333333333
0 0.761875 0.2225 0.0725 0.10333333333333333
0 0.115625 0.26916666666666667 0.08625 0.095
0 0.7884375 0.46541666666666665 0.065625 0.0925
0 0.3678125 0.4483333333333333 0.069375 0.09666666666666666
0 0.870625 0.20875 0.05375 0.10416666666666667
0 0.284375 0.3825 0.07625 0.10666666666666667
0 0.225625 0.15333333333333332 0.0775 0.09
0 0.3028125 0.46625 0.068125 0.0875
0 0.8103125 0.6704166666666667 0.053125 0.11416666666666667
0 0.27125 0.8333333333333334 0.0775 0.09
0 0.8721875 0.73375 0.070625 0.09083333333333334
0 0.605 0.14 0.06375 0.11166666666666666
0 0.1603125 0.48 0.074375 0.11
0 0.1634375 0.09958333333333333 0.103125 0.059166666666666666
0 0.4340625 0.10291666666666667 0.079375 0.10916666666666666
0 0.614375 0.6891666666666667 0.075 0.09
0 0.809375 0.20291666666666666 0.07875 0.1075
0 0.4146875 0.5145833333333333 0.086875 0.0675
0 0.7121875 0.3229166666666667 0.069375 0.09416666666666666
0 0.483125 0.44458333333333333 0.07375 0.09916666666666667
0 0.710625 0.8375 0.07 0.09333333333333334
0 0.300625 0.20041666666666666 0.07875 0.09416666666666666
0 0.893125 0.8666666666666667 0.08875 0.06833333333333333
0 0.690625 0.14583333333333334 0.07625 0.09166666666666666
0 0.5471875 0.40291666666666665 0.054375 0.0875
0 0.4409375 0.8604166666666667 0.084375 0.0925
0 0.615 0.4270833333333333 0.08125 0.1025
0 0.7359375 0.09291666666666666 0.056875 0.09916666666666667
0 0.52 0.9579166666666666 0.06875 0.0825
0 0.2721875 0.92875 0.058125 0.0925
0 0.32625 0.6454166666666666 0.07875 0.08416666666666667
0 0.39875 0.23625 0.06875 0.09583333333333334
0 0.3734375 0.7645833333333333 0.095625 0.0825
0 0.6409375 0.12958333333333333 0.063125 0.09583333333333334
0 0.5478125 0.4741666666666667 0.064375 0.095
0 0.22 0.28458333333333335 0.0625 0.10083333333333333
0 0.3675 0.09666666666666666 0.06875 0.10166666666666667
0 0.9371875 0.7770833333333333 0.074375 0.09083333333333334
0 0.411875 0.8133333333333334 0.07875 0.08666666666666667
0 0.850625 0.51625 0.07125 0.0975
0 0.5803125 0.6295833333333334 0.073125 0.10916666666666666
0 0.3390625 0.8916666666666667 0.110625 0.06333333333333334
0 0.505 0.8170833333333334 0.10375 0.0725
0 0.9153125 0.6079166666666667 0.080625 0.1075
0 0.3353125 0.3883333333333333 0.071875 0.07666666666666666
0 0.7515625 0.7345833333333334 0.078125 0.09583333333333334
0 0.261875 0.31916666666666665 0.07125 0.105
0 0.0809375 0.0775 0.073125 0.105
0 0.5515625 0.06916666666666667 0.069375 0.10333333333333333
0 0.0703125 0.5208333333333334 0.074375 0.09333333333333334
0 0.2465625 0.73875 0.090625 0.0725
0 0.6815625 0.04875 0.071875 0.0975
0 0.654375 0.5266666666666666 0.08 0.07833333333333334
0 0.25 0.51 0.07625 0.1
0 0.1521875 0.5958333333333333 0.066875 0.095
0 0.9365625 0.9475 0.066875 0.075
0 0.1915625 0.8970833333333333 0.074375 0.1075
0 0.2584375 0.6425 0.068125 0.10166666666666667
0 0.7946875 0.8708333333333333 0.084375 0.115
0 0.164375 0.64125 0.10875 0.059166666666666666
0 0.3840625 0.19416666666666665 0.063125 0.06833333333333333
0 0.1959375 0.36 0.085625 0.10333333333333333
0 0.305625 0.9466666666666667 0.07125 0.095
0 0.455 0.7875 0.08375 0.085
0 0.309375 0.29625 0.0725 0.09416666666666666
0 0.2546875 0.16625 0.064375 0.1125
0 0.2421875 0.10291666666666667 0.095625 0.0875
0 0.41125 0.16458333333333333 0.07125 0.08583333333333333
0 0.6825 0.27541666666666664 0.06 0.10083333333333333
0 0.81875 0.07583333333333334 0.0775 0.095
0 0.534375 0.15625 0.06625 0.09916666666666667
0 0.5628125 0.15791666666666668 0.063125 0.09916666666666667
0 0.904375 0.15416666666666667 0.0625 0.08333333333333333
0 0.84625 0.1325 0.05875 0.105
0 0.7915625 0.125 0.091875 0.08166666666666667
0 0.8084375 0.66375 0.103125 0.059166666666666666
0 0.8865625 0.5325 0.106875 0.058333333333333334
0 0.8521875 0.5866666666666667 0.089375 0.07333333333333333
0 0.8871875 0.6504166666666666 0.080625 0.07083333333333333
0 0.9084375 0.7229166666666667 0.108125 0.06583333333333333
0 0.8684375 0.7933333333333333 0.091875 0.075
0 0.5028125 0.40958333333333335 0.063125 0.09583333333333334
0 0.509375 0.48583333333333334 0.06375 0.08333333333333333
0 0.7421875 0.945 0.078125 0.095
0 0.734375 0.8741666666666666 0.07375 0.08