0 0.403125 0.79125 0.08875 0.1175
0 0.5740625 0.7975 0.090625 0.12
0 0.1390625 0.5704166666666667 0.089375 0.11916666666666667
0 0.3584375 0.8695833333333334 0.110625 0.1475
0 0.4290625 0.3620833333333333 0.088125 0.1175
0 0.455625 0.75 0.095 0.12666666666666668
0 0.4240625 0.44875 0.084375 0.1125
0 0.8325 0.10583333333333333 0.09 0.12
0 0.544375 0.08791666666666667 0.09625 0.12916666666666668
0 0.5715625 0.25583333333333336 0.095625 0.12666666666666668
0 0.795625 0.25625 0.09 0.11916666666666667
0 0.671875 0.34 0.10125 0.135
0 0.5353125 0.8904166666666666 0.106875 0.1425
0 0.6984375 0.47541666666666665 0.089375 0.11916666666666667
0 0.710625 0.25375 0.095 0.1275
0 0.314375 0.6141666666666666 0.0875 0.11666666666666667
0 0.6196875 0.45125 0.103125 0.1375
0 0.4753125 0.6145833333333334 0.085625 0.11416666666666667
0 0.1475 0.3491666666666667 0.09375 0.125
0 0.4765625 0.27666666666666667 0.100625 0.13333333333333333
0 0.8878125 0.36875 0.103125 0.1375
0 0.6828125 0.17958333333333334 0.084375 0.1125
0 0.429375 0.6541666666666667 0.1025 0.13666666666666666
0 0.9021875 0.5058333333333334 0.091875 0.12333333333333334
0 0.529375 0.48125 0.0975 0.13083333333333333
0 0.2053125 0.73 0.085625 0.11333333333333333
0 0.351875 0.3383333333333333 0.09625 0.12833333333333333
0 0.184375 0.49666666666666665 0.09625 0.12833333333333333
0 0.2090625 0.55875 0.084375 0.1125
0 0.7371875 0.14083333333333334 0.090625 0.12
0 0.605625 0.5266666666666666 0.07625 0.10166666666666667
0 0.1621875 0.8570833333333333 0.091875 0.1225
0 0.2478125 0.41625 0.103125 0.1375
0 0.6328125 0.14041666666666666 0.089375 0.11916666666666667
0 0.7503125 0.5079166666666667 0.103125 0.1375
0 0.324375 0.39666666666666667 0.10375 0.13833333333333334
0 0.444375 0.18833333333333332 0.0925 0.12333333333333334
0 0.4603125 0.9304166666666667 0.080625 0.1075
0 0.7778125 0.71625 0.091875 0.1225
0 0.78875 0.4658333333333333 0.08 0.10666666666666667
0 0.2040625 0.8283333333333334 0.094375 0.125
0 0.605625 0.8766666666666667 0.09625 0.12833333333333333
0 0.381875 0.5558333333333333 0.08 0.10666666666666667
0 0.6075 0.6 0.09125 0.12166666666666667
0 0.2540625 0.5079166666666667 0.086875 0.11583333333333333
0 0.3246875 0.5320833333333334 0.085625 0.11416666666666667
0 0.669375 0.7458333333333333 0.0925 0.12333333333333334
0 0.1871875 0.63875 0.100625 0.13416666666666666
0 0.11375 0.7545833333333334 0.0875 0.11583333333333333
0 0.603125 0.6629166666666667 0.09625 0.1275
0 0.108125 0.7025 0.09875 0.13166666666666665
1 0.7296875 0.6208333333333333 0.145625 0.19333333333333333
0 0.63125 0.1625 0.09125 0.12166666666666667
0 0.430625 0.11 0.09125 0.12166666666666667
0 0.5503125 0.6266666666666667 0.085625 0.11333333333333333
0 0.645 0.6904166666666667 0.10375 0.13916666666666666
0 0.6234375 0.73375 0.079375 0.10583333333333333
0 0.530625 0.6383333333333333 0.1 0.13333333333333333
0 0.2778125 0.5304166666666666 0.093125 0.12416666666666666
0 0.188125 0.6658333333333334 0.09 0.12
0 0.1546875 0.7579166666666667 0.106875 0.1425
0 0.7225 0.7320833333333333 0.08625 0.11416666666666667
0 0.4603125 0.9025 0.080625 0.10833333333333334