0 0.5521875 0.4454166666666667 0.071875 0.0975
0 0.653125 0.37333333333333335 0.0775 0.09666666666666666
0 0.7659375 0.6545833333333333 0.069375 0.10583333333333333
0 0.389375 0.7191666666666666 0.06375 0.10166666666666667
0 0.4284375 0.6316666666666667 0.078125 0.10333333333333333
0 0.4446875 0.45916666666666667 0.079375 0.09833333333333333
0 0.431875 0.36291666666666667 0.07875 0.10416666666666667
0 0.521875 0.20625 0.08125 0.09583333333333334
0 0.55875 0.11 0.0875 0.09333333333333334
0 0.6103125 0.175 0.076875 0.09833333333333333
0 0.7021875 0.20166666666666666 0.074375 0.09333333333333334
0 0.688125 0.11041666666666666 0.07125 0.09916666666666667
0 0.72875 0.3233333333333333 0.06875 0.10166666666666667
0 0.7784375 0.265 0.074375 0.10666666666666667
0 0.835625 0.2783333333333333 0.06625 0.13
0 0.7034375 0.7516666666666667 0.069375 0.10166666666666667
0 0.63875 0.7216666666666667 0.08 0.11
0 0.3603125 0.6258333333333334 0.069375 0.10666666666666667
0 0.2440625 0.39375 0.069375 0.1125
0 0.2971875 0.7908333333333334 0.085625 0.10833333333333334
0 0.325 0.8629166666666667 0.0625 0.11083333333333334
0 0.2096875 0.6558333333333334 0.060625 0.09
0 0.2240625 0.5604166666666667 0.084375 0.10416666666666667
0 0.755625 0.07625 0.05625 0.11583333333333333
0 0.35375 0.19625 0.07125 0.09416666666666666
0 0.3428125 0.05625 0.079375 0.0875
0 0.214375 0.057916666666666665 0.065 0.09916666666666667
0 0.2053125 0.11666666666666667 0.073125 0.09333333333333334
0 0.3271875 0.9241666666666667 0.079375 0.09333333333333334
0 0.378125 0.5108333333333334 0.08125 0.09
1 0.341875 0.44333333333333336 0.0825 0.15833333333333333
1 0.6321875 0.5975 0.091875 0.155
0 0.2290625 0.9079166666666667 0.096875 0.11416666666666667
0 0.1653125 0.2841666666666667 0.081875 0.09166666666666666
0 0.289375 0.23375 0.0725 0.10083333333333333
0 0.250625 0.2625 0.06875 0.08666666666666667
0 0.163125 0.18208333333333335 0.0725 0.09916666666666667
0 0.18875 0.8595833333333334 0.0725 0.12416666666666666
0 0.5753125 0.9208333333333333 0.075625 0.1
0 0.50125 0.835 0.0875 0.085
0 0.535 0.6970833333333334 0.08375 0.10583333333333333
0 0.476875 0.735 0.075 0.095