0 0.6909375 0.9104166666666667 0.089375 0.11916666666666667
0 0.6540625 0.7345833333333334 0.095625 0.1275
0 0.795625 0.925 0.10375 0.13833333333333334
0 0.843125 0.9125 0.1025 0.13666666666666666
0 0.773125 0.8266666666666667 0.10375 0.13833333333333334
0 0.71125 0.79375 0.1 0.1325
0 0.4053125 0.9004166666666666 0.105625 0.14083333333333334
0 0.91875 0.75625 0.1075 0.14416666666666667
0 0.8675 0.74 0.10375 0.13833333333333334
0 0.743125 0.65125 0.115 0.1525
0 0.8925 0.5925 0.1025 0.13666666666666666
0 0.855625 0.47 0.1 0.13333333333333333
0 0.769375 0.42875 0.11 0.1475
0 0.7453125 0.4995833333333333 0.106875 0.1425
0 0.720625 0.345 0.10875 0.145
0 0.729375 0.27125 0.1 0.1325
0 0.7675 0.225 0.1075 0.14333333333333334
0 0.6675 0.215 0.09625 0.12833333333333333
0 0.593125 0.3929166666666667 0.11375 0.15083333333333335
0 0.468125 0.65 0.10625 0.14166666666666666
0 0.446875 0.7995833333333333 0.1125 0.14916666666666667
0 0.405625 0.49375 0.10125 0.13416666666666666
0 0.31875 0.7908333333333334 0.11375 0.15166666666666667
0 0.216875 0.7558333333333334 0.1025 0.13666666666666666
0 0.1128125 0.54 0.101875 0.13666666666666666
0 0.1209375 0.33958333333333335 0.110625 0.1475
0 0.2453125 0.5970833333333333 0.099375 0.1325
0 0.2496875 0.5070833333333333 0.103125 0.1375
0 0.3096875 0.42375 0.096875 0.12916666666666668
0 0.293125 0.32 0.09875 0.13166666666666665
0 0.354375 0.3279166666666667 0.0825 0.11083333333333334
0 0.37625 0.33708333333333335 0.09375 0.12416666666666666
0 0.2428125 0.23375 0.106875 0.1425
0 0.24 0.13958333333333334 0.0925 0.12416666666666666
0 0.3353125 0.19166666666666668 0.104375 0.14
0 0.3325 0.09458333333333334 0.1025 0.1375
0 0.3540625 0.10833333333333334 0.116875 0.15666666666666668
0 0.4234375 0.19666666666666666 0.108125 0.145
0 0.5325 0.34041666666666665 0.10375 0.13916666666666666
0 0.5421875 0.27708333333333335 0.111875 0.14916666666666667
0 0.48875 0.20041666666666666 0.095 0.1275
0 0.5809375 0.15916666666666668 0.104375 0.13833333333333334
0 0.6103125 0.14291666666666666 0.101875 0.13583333333333333
0 0.0784375 0.23458333333333334 0.106875 0.1425
0 0.1009375 0.21958333333333332 0.108125 0.14416666666666667
0 0.1471875 0.11916666666666667 0.111875 0.14833333333333334