0 0.5875 0.7725 0.075 0.08666666666666667
0 0.560625 0.6679166666666667 0.06625 0.0925
0 0.483125 0.23916666666666667 0.07 0.08333333333333333
0 0.4471875 0.6945833333333333 0.084375 0.1025
0 0.535 0.35625 0.0725 0.0875
0 0.58875 0.5820833333333333 0.06125 0.0825
0 0.44375 0.40875 0.065 0.08583333333333333
0 0.5503125 0.26708333333333334 0.061875 0.0875
0 0.67875 0.4975 0.0625 0.085
0 0.485 0.11625 0.06625 0.0825
0 0.525 0.9229166666666667 0.0625 0.08583333333333333
0 0.2471875 0.17625 0.068125 0.0825
0 0.6275 0.32416666666666666 0.07125 0.08833333333333333
0 0.383125 0.24833333333333332 0.06875 0.08166666666666667
0 0.0775 0.3770833333333333 0.065 0.07416666666666667
0 0.6453125 0.1375 0.078125 0.095
0 0.1509375 0.7233333333333334 0.078125 0.10333333333333333
0 0.705 0.5741666666666667 0.06625 0.095
0 0.3190625 0.09083333333333334 0.064375 0.08166666666666667
0 0.8775 0.9191666666666667 0.07125 0.09833333333333333
0 0.1146875 0.6325 0.078125 0.09
0 0.5865625 0.3929166666666667 0.064375 0.08083333333333333
0 0.4259375 0.3154166666666667 0.076875 0.0975
0 0.948125 0.6075 0.07125 0.10833333333333334
0 0.64875 0.6258333333333334 0.06625 0.07833333333333334
0 0.4765625 0.5204166666666666 0.074375 0.10083333333333333
0 0.7634375 0.33375 0.079375 0.1025
0 0.07625 0.7145833333333333 0.07375 0.09916666666666667
0 0.8221875 0.7245833333333334 0.080625 0.10583333333333333
0 0.4234375 0.8720833333333333 0.078125 0.0975
0 0.1696875 0.23791666666666667 0.076875 0.09916666666666667
0 0.634375 0.85 0.07 0.08666666666666667
0 0.9475 0.9479166666666666 0.0625 0.10083333333333333
0 0.0925 0.5533333333333333 0.06625 0.075
0 0.5815625 0.8725 0.066875 0.09333333333333334
0 0.7775 0.22583333333333333 0.07875 0.095
0 0.0934375 0.47583333333333333 0.071875 0.06833333333333333
0 0.5315625 0.17375 0.063125 0.07583333333333334
0 0.4684375 0.6058333333333333 0.073125 0.08833333333333333
0 0.341875 0.8025 0.075 0.11
0 0.7034375 0.8275 0.073125 0.10166666666666667
0 0.71875 0.11208333333333333 0.065 0.09416666666666666
0 0.1384375 0.16416666666666666 0.046875 0.07
0 0.1109375 0.09916666666666667 0.068125 0.08
0 0.6309375 0.43375 0.059375 0.06416666666666666
0 0.1453125 0.44 0.060625 0.07833333333333334
0 0.925 0.7545833333333334 0.07625 0.1025
0 0.3759375 0.07125 0.063125 0.07916666666666666
0 0.74 0.465 0.06625 0.08333333333333333
0 0.7359375 0.24958333333333332 0.071875 0.08583333333333333
0 0.0453125 0.44666666666666666 0.051875 0.08166666666666667
0 0.5503125 0.03625 0.059375 0.0725
0 0.3571875 0.39958333333333335 0.076875 0.11083333333333334
0 0.3328125 0.30583333333333335 0.075625 0.085
0 0.598125 0.48625 0.0625 0.07416666666666667
0 0.7809375 0.675 0.064375 0.08333333333333333
0 0.8078125 0.47041666666666665 0.079375 0.10083333333333333
0 0.188125 0.15208333333333332 0.05875 0.08416666666666667
0 0.6596875 0.9075 0.078125 0.10333333333333333
0 0.516875 0.555 0.0725 0.09833333333333333
0 0.5515625 0.5266666666666666 0.049375 0.07833333333333334
0 0.716875 0.6695833333333333 0.0675 0.09583333333333334
0 0.14625 0.36083333333333334 0.0775 0.09333333333333334
0 0.2946875 0.915 0.076875 0.09166666666666666
0 0.726875 0.165 0.07 0.07333333333333333
0 0.8734375 0.5966666666666667 0.056875 0.08166666666666667
0 0.58 0.16958333333333334 0.08 0.08916666666666667
0 0.88625 0.5045833333333334 0.06 0.08583333333333333
0 0.3603125 0.9270833333333334 0.064375 0.08416666666666667
0 0.1865625 0.10416666666666667 0.066875 0.08
0 0.821875 0.3466666666666667 0.0825 0.10666666666666667
0 0.475625 0.9370833333333334 0.06625 0.08916666666666667
0 0.0340625 0.5366666666666666 0.055625 0.08
0 0.4246875 0.07291666666666667 0.076875 0.10583333333333333
0 0.35375 0.14625 0.06625 0.0725
0 0.8671875 0.6370833333333333 0.061875 0.08916666666666667
0 0.8215625 0.6245833333333334 0.053125 0.08916666666666667
1 0.8115625 0.5329166666666667 0.079375 0.11916666666666667
1 0.67125 0.7095833333333333 0.07375 0.1125
1 0.200625 0.8820833333333333 0.14 0.1125
1 0.2728125 0.395 0.086875 0.10666666666666667
1 0.3215625 0.23541666666666666 0.079375 0.08416666666666667
0 0.9446875 0.4841666666666667 0.061875 0.09666666666666666
0 0.7728125 0.3975 0.065625 0.07
0 0.7484375 0.5166666666666667 0.065625 0.07666666666666666
0 0.2821875 0.86375 0.065625 0.0825
0 0.2553125 0.805 0.070625 0.085
0 0.278125 0.7583333333333333 0.0625 0.085
0 0.2 0.7620833333333333 0.06125 0.07416666666666667
0 0.05375 0.67 0.07625 0.09833333333333333
0 0.6603125 0.7575 0.063125 0.095
0 0.901875 0.43416666666666665 0.0825 0.085
0 0.4940625 0.0375 0.058125 0.07
0 0.3346875 0.17916666666666667 0.065625 0.075
0 0.2328125 0.08916666666666667 0.061875 0.07666666666666666
0 0.2275 0.25125 0.05125 0.0725
0 0.24125 0.33625 0.075 0.08916666666666667
0 0.2790625 0.26666666666666666 0.060625 0.09333333333333334
0 0.1803125 0.3120833333333333 0.070625 0.08416666666666667
0 0.1334375 0.29625 0.073125 0.0975
0 0.1965625 0.38708333333333333 0.075625 0.0875
0 0.3703125 0.94875 0.063125 0.0875