0 0.229375 0.8941666666666667 0.1025 0.13666666666666666
0 0.3746875 0.7404166666666666 0.106875 0.1425
0 0.229375 0.35083333333333333 0.11 0.14666666666666667
0 0.0828125 0.6945833333333333 0.096875 0.12916666666666668
0 0.3178125 0.6516666666666666 0.105625 0.14166666666666666
0 0.0696875 0.44166666666666665 0.106875 0.14166666666666666
0 0.5684375 0.41291666666666665 0.085625 0.11416666666666667
0 0.7815625 0.08958333333333333 0.115625 0.15416666666666667
0 0.441875 0.7033333333333334 0.1225 0.16333333333333333
0 0.761875 0.5358333333333334 0.1075 0.14333333333333334
0 0.159375 0.8379166666666666 0.11375 0.1525
0 0.7778125 0.17416666666666666 0.111875 0.14833333333333334
0 0.85 0.46166666666666667 0.1075 0.14333333333333334
0 0.809375 0.28291666666666665 0.09625 0.12916666666666668
0 0.7265625 0.6375 0.111875 0.14833333333333334
0 0.2009375 0.26375 0.093125 0.12416666666666666
0 0.6471875 0.4266666666666667 0.110625 0.14666666666666667
0 0.7271875 0.34 0.119375 0.15833333333333333
0 0.3 0.7725 0.10125 0.135
0 0.5609375 0.6666666666666666 0.114375 0.15166666666666667
0 0.54 0.5441666666666667 0.10875 0.145
0 0.2978125 0.2625 0.111875 0.15
0 0.8928125 0.3879166666666667 0.110625 0.1475
0 0.945625 0.5291666666666667 0.09875 0.13166666666666665
0 0.424375 0.4575 0.10375 0.13833333333333334
0 0.2184375 0.6595833333333333 0.113125 0.15083333333333335
0 0.5090625 0.46291666666666664 0.113125 0.15083333333333335
0 0.5071875 0.38625 0.096875 0.12916666666666668
0 0.693125 0.13916666666666666 0.1025 0.13666666666666666
0 0.135 0.5725 0.10875 0.145
0 0.1175 0.38083333333333336 0.1025 0.13666666666666666
0 0.3378125 0.47333333333333333 0.104375 0.14
0 0.311875 0.195 0.11375 0.15166666666666667
0 0.165625 0.7458333333333333 0.105 0.14
0 0.624375 0.16666666666666666 0.1075 0.14333333333333334
0 0.91875 0.44125 0.11 0.14583333333333334
0 0.6403125 0.26125 0.123125 0.16416666666666666
0 0.18125 0.5375 0.125 0.16666666666666666
0 0.94 0.30916666666666665 0.1025 0.13666666666666666
0 0.2540625 0.54625 0.115625 0.15416666666666667
0 0.6221875 0.35541666666666666 0.108125 0.14416666666666667
0 0.7265625 0.23875 0.104375 0.13916666666666666
0 0.6103125 0.8583333333333333 0.114375 0.15333333333333332