0 0.2378125 0.5704166666666667 0.096875 0.12916666666666668
0 0.4625 0.16333333333333333 0.09125 0.12166666666666667
0 0.55625 0.7608333333333334 0.0875 0.11666666666666667
0 0.7040625 0.5179166666666667 0.103125 0.1375
0 0.345625 0.13208333333333333 0.095 0.1275
0 0.5025 0.35583333333333333 0.09875 0.13166666666666665
0 0.6690625 0.70625 0.099375 0.1325
0 0.63375 0.0875 0.09125 0.12166666666666667
0 0.7646875 0.28375 0.093125 0.12416666666666666
0 0.166875 0.13375 0.1025 0.13583333333333333
0 0.916875 0.7966666666666666 0.085 0.11333333333333333
0 0.664375 0.7795833333333333 0.10875 0.14583333333333334
0 0.21625 0.6508333333333334 0.105 0.14
0 0.625625 0.8333333333333334 0.1075 0.14333333333333334
0 0.2453125 0.23708333333333334 0.108125 0.14416666666666667
0 0.4646875 0.41583333333333333 0.100625 0.135
0 0.39 0.5870833333333333 0.11125 0.14916666666666667
0 0.1378125 0.28041666666666665 0.105625 0.14083333333333334
0 0.30375 0.5079166666666667 0.12875 0.1725