0 0.05375 0.45416666666666666 0.06 0.085
0 0.41125 0.6775 0.06625 0.10833333333333334
0 0.111875 0.74125 0.065 0.10416666666666667
0 0.146875 0.86625 0.0775 0.0925
0 0.550625 0.5525 0.0675 0.08666666666666667
0 0.26625 0.16 0.0675 0.1
0 0.8484375 0.8466666666666667 0.068125 0.09666666666666666
0 0.8021875 0.9083333333333333 0.063125 0.08833333333333333
0 0.768125 0.7129166666666666 0.0725 0.09583333333333334
0 0.743125 0.31625 0.06875 0.11583333333333333
0 0.234375 0.6220833333333333 0.07 0.1025
0 0.3396875 0.59 0.068125 0.08
0 0.82125 0.5420833333333334 0.0625 0.10583333333333333
0 0.42125 0.355 0.075 0.08333333333333333
0 0.6259375 0.7279166666666667 0.081875 0.09583333333333334
0 0.900625 0.18916666666666668 0.055 0.09166666666666666
0 0.87625 0.7383333333333333 0.075 0.10833333333333334
0 0.3503125 0.7908333333333334 0.073125 0.11166666666666666
0 0.6165625 0.6391666666666667 0.080625 0.075
0 0.4178125 0.13791666666666666 0.074375 0.1025
0 0.4615625 0.48583333333333334 0.073125 0.11
0 0.3459375 0.5175 0.079375 0.08
0 0.8109375 0.6733333333333333 0.070625 0.10666666666666667
0 0.864375 0.3154166666666667 0.06625 0.1075
0 0.9046875 0.46208333333333335 0.070625 0.0825
0 0.24125 0.34208333333333335 0.07375 0.0775
0 0.7078125 0.67 0.059375 0.115
0 0.52375 0.13708333333333333 0.0675 0.10583333333333333
0 0.3178125 0.45125 0.058125 0.1075
0 0.6865625 0.4141666666666667 0.068125 0.095
0 0.6653125 0.5425 0.079375 0.09333333333333334
0 0.1525 0.24416666666666667 0.05875 0.125
0 0.6140625 0.22708333333333333 0.063125 0.1125
0 0.56375 0.11708333333333333 0.06 0.1125
0 0.145625 0.42583333333333334 0.0625 0.10833333333333334
0 0.0865625 0.14458333333333334 0.061875 0.09583333333333334
0 0.11375 0.09458333333333334 0.0475 0.12416666666666666
0 0.413125 0.50875 0.065 0.10583333333333333
0 0.5540625 0.2675 0.061875 0.13
0 0.4453125 0.2791666666666667 0.071875 0.09
0 0.9415625 0.225 0.056875 0.10333333333333333
0 0.1578125 0.09375 0.066875 0.10583333333333333
0 0.7775 0.54625 0.05875 0.1375
0 0.0378125 0.8883333333333333 0.051875 0.14333333333333334
0 0.435 0.23708333333333334 0.05875 0.10916666666666666
0 0.9628125 0.4033333333333333 0.050625 0.105
0 0.2515625 0.4354166666666667 0.088125 0.09416666666666666
0 0.1940625 0.13833333333333334 0.063125 0.115
0 0.2365625 0.2925 0.064375 0.08166666666666667
0 0.25625 0.5304166666666666 0.07875 0.08583333333333333
0 0.623125 0.17291666666666666 0.0725 0.09916666666666667
0 0.9159375 0.30541666666666667 0.056875 0.13416666666666666
0 0.853125 0.54 0.06 0.12
0 0.2815625 0.8779166666666667 0.043125 0.1525
0 0.413125 0.92375 0.04875 0.15083333333333335
0 0.39125 0.22541666666666665 0.05125 0.11416666666666667
0 0.4853125 0.23833333333333334 0.060625 0.10333333333333333
0 0.0753125 0.935 0.045625 0.12833333333333333
0 0.96625 0.9383333333333334 0.06625 0.12166666666666667
0 0.5040625 0.29541666666666666 0.074375 0.11416666666666667
0 0.680625 0.04375 0.07 0.07916666666666666
0 0.6665625 0.50875 0.084375 0.0875