0 0.258125 0.76 0.075 0.10666666666666667
0 0.2265625 0.8570833333333333 0.080625 0.0925
0 0.42375 0.10708333333333334 0.07 0.10916666666666666
0 0.8815625 0.6104166666666667 0.078125 0.08416666666666667
0 0.294375 0.6370833333333333 0.07 0.09416666666666666
0 0.7225 0.45375 0.07625 0.09916666666666667
0 0.3453125 0.36333333333333334 0.068125 0.09666666666666666
0 0.57125 0.4866666666666667 0.075 0.1
0 0.413125 0.7758333333333334 0.0825 0.09833333333333333
0 0.3165625 0.5420833333333334 0.083125 0.09083333333333334
0 0.72125 0.2791666666666667 0.06125 0.10166666666666667
0 0.116875 0.47208333333333335 0.07625 0.0825
0 0.4740625 0.47458333333333336 0.079375 0.0975
0 0.503125 0.7979166666666667 0.0825 0.10583333333333333
0 0.6009375 0.20833333333333334 0.081875 0.085
0 0.3084375 0.8908333333333334 0.084375 0.1
0 0.5053125 0.9258333333333333 0.066875 0.11833333333333333
0 0.574375 0.6233333333333333 0.07375 0.10166666666666667
0 0.585625 0.8179166666666666 0.085 0.10083333333333333
0 0.046875 0.6120833333333333 0.07375 0.09583333333333334
0 0.828125 0.47708333333333336 0.08125 0.10083333333333333
0 0.800625 0.2783333333333333 0.07125 0.10333333333333333
0 0.5653125 0.1475 0.084375 0.09833333333333333
0 0.1309375 0.64125 0.069375 0.10416666666666667
0 0.6496875 0.3229166666666667 0.084375 0.08916666666666667
1 0.9134375 0.40708333333333335 0.069375 0.10916666666666666
0 0.6975 0.585 0.07375 0.10333333333333333
0 0.2896875 0.485 0.080625 0.08666666666666667
0 0.6734375 0.18708333333333332 0.070625 0.1075
0 0.3053125 0.22458333333333333 0.081875 0.09083333333333334
0 0.6034375 0.40958333333333335 0.088125 0.09416666666666666
0 0.9428125 0.04791666666666667 0.080625 0.08416666666666667
0 0.9196875 0.17458333333333334 0.059375 0.08916666666666667
1 0.8321875 0.35625 0.073125 0.10416666666666667
0 0.0525 0.475 0.06375 0.10166666666666667
0 0.6303125 0.6291666666666667 0.078125 0.09166666666666666
0 0.2925 0.06333333333333334 0.08875 0.07
1 0.6753125 0.7491666666666666 0.076875 0.10333333333333333
0 0.4878125 0.115 0.066875 0.11666666666666667
0 0.8434375 0.7225 0.091875 0.085
0 0.130625 0.22208333333333333 0.07 0.11583333333333333
0 0.4446875 0.67 0.080625 0.1
0 0.1053125 0.36375 0.064375 0.10083333333333333
0 0.5003125 0.5379166666666667 0.070625 0.10083333333333333
0 0.17375 0.5475 0.0725 0.08333333333333333
0 0.3384375 0.7566666666666667 0.075625 0.10166666666666667
0 0.929375 0.2708333333333333 0.07125 0.09833333333333333
0 0.5346875 0.7554166666666666 0.070625 0.10583333333333333
0 0.336875 0.16 0.08375 0.09166666666666666
0 0.4915625 0.6533333333333333 0.071875 0.12
0 0.8371875 0.6354166666666666 0.074375 0.1025
0 0.7475 0.6829166666666666 0.06625 0.1075
0 0.9171875 0.8020833333333334 0.078125 0.09416666666666666
0 0.0834375 0.26916666666666667 0.066875 0.11
0 0.6046875 0.75875 0.076875 0.11416666666666667
0 0.04125 0.3491666666666667 0.0675 0.10833333333333334
0 0.3671875 0.85375 0.088125 0.1025
0 0.3925 0.9441666666666667 0.075 0.1
0 0.8709375 0.32458333333333333 0.076875 0.09083333333333334
0 0.79875 0.85875 0.09 0.07583333333333334
0 0.2875 0.13416666666666666 0.09625 0.075
0 0.8959375 0.29083333333333333 0.066875 0.08666666666666667
0 0.6421875 0.2579166666666667 0.100625 0.0775
0 0.7125 0.7083333333333334 0.0675 0.08666666666666667
0 0.7125 0.7904166666666667 0.09875 0.09583333333333334
0 0.7478125 0.81375 0.081875 0.09416666666666666
0 0.860625 0.835 0.06375 0.11333333333333333
0 0.0928125 0.5458333333333333 0.089375 0.06
0 0.045 0.19 0.08875 0.07666666666666666
0 0.7478125 0.06208333333333333 0.093125 0.07583333333333334
0 0.8734375 0.43041666666666667 0.079375 0.10416666666666667
0 0.8203125 0.9158333333333334 0.090625 0.075