0 0.59 0.6729166666666667 0.0825 0.09916666666666667
0 0.5503125 0.2579166666666667 0.074375 0.09916666666666667
0 0.11375 0.5120833333333333 0.07875 0.10416666666666667
0 0.430625 0.4354166666666667 0.07875 0.09416666666666666
0 0.5515625 0.5829166666666666 0.079375 0.10583333333333333
0 0.3934375 0.6566666666666666 0.065625 0.09666666666666666
0 0.7834375 0.7245833333333334 0.081875 0.11083333333333334
0 0.9565625 0.79125 0.069375 0.10083333333333333
0 0.10875 0.8795833333333334 0.07875 0.0975
0 0.201875 0.21 0.08125 0.09
0 0.1715625 0.12708333333333333 0.080625 0.0975
0 0.199375 0.5004166666666666 0.08625 0.11416666666666667
0 0.3178125 0.6875 0.078125 0.095
0 0.1884375 0.6166666666666667 0.093125 0.09166666666666666
0 0.82375 0.6520833333333333 0.0775 0.11416666666666667
0 0.95375 0.38625 0.07 0.12416666666666666
0 0.921875 0.08625 0.08125 0.1075
0 0.448125 0.19541666666666666 0.0825 0.11416666666666667
0 0.6653125 0.21291666666666667 0.085625 0.09583333333333334
0 0.04875 0.20166666666666666 0.0775 0.09666666666666666
0 0.9240625 0.53125 0.064375 0.08916666666666667
0 0.56125 0.44333333333333336 0.095 0.09
0 0.893125 0.8091666666666667 0.0725 0.10166666666666667
0 0.17875 0.4058333333333333 0.08 0.08833333333333333
0 0.3121875 0.8991666666666667 0.086875 0.10666666666666667
0 0.3259375 0.18791666666666668 0.103125 0.10416666666666667
0 0.88375 0.37041666666666667 0.095 0.08583333333333333
0 0.094375 0.36291666666666667 0.0875 0.1025
0 0.1984375 0.91375 0.086875 0.1025
0 0.765625 0.36625 0.07875 0.10416666666666667
0 0.285 0.4791666666666667 0.08 0.12166666666666667
0 0.0809375 0.43375 0.081875 0.10583333333333333
0 0.1071875 0.6179166666666667 0.059375 0.09916666666666667
0 0.0609375 0.6204166666666666 0.065625 0.1075
0 0.8015625 0.4529166666666667 0.060625 0.0925
0 0.7628125 0.4454166666666667 0.066875 0.06916666666666667