0 0.8659375 0.4404166666666667 0.108125 0.14416666666666667
0 0.8025 0.73375 0.10125 0.13583333333333333
0 0.4025 0.41 0.11125 0.14833333333333334
0 0.64875 0.76 0.10875 0.145
0 0.93 0.47375 0.1025 0.13583333333333333
0 0.72625 0.5 0.1125 0.15
0 0.1725 0.37 0.10625 0.14166666666666666
0 0.7453125 0.8016666666666666 0.100625 0.13333333333333333
0 0.7975 0.325 0.10875 0.145
0 0.65625 0.6208333333333333 0.1 0.13333333333333333
0 0.24375 0.20333333333333334 0.095 0.12666666666666668
0 0.1246875 0.39958333333333335 0.105625 0.14083333333333334
0 0.7840625 0.5891666666666666 0.110625 0.14833333333333334
0 0.480625 0.3983333333333333 0.0975 0.13
0 0.303125 0.1225 0.10125 0.135
0 0.7065625 0.6570833333333334 0.103125 0.1375
0 0.20875 0.32666666666666666 0.1075 0.14333333333333334
0 0.7559375 0.11583333333333333 0.108125 0.145
0 0.488125 0.6020833333333333 0.1025 0.13583333333333333
0 0.5059375 0.25625 0.110625 0.1475
0 0.8709375 0.20833333333333334 0.114375 0.15333333333333332
0 0.326875 0.46291666666666664 0.11 0.1475
0 0.7990625 0.21041666666666667 0.108125 0.14416666666666667
0 0.35375 0.34625 0.1075 0.1425
0 0.11625 0.5075 0.105 0.14
0 0.26875 0.5633333333333334 0.12 0.16
0 0.710625 0.4058333333333333 0.09875 0.13166666666666665
0 0.62125 0.21083333333333334 0.1225 0.16333333333333333
0 0.79875 0.48041666666666666 0.10875 0.14583333333333334
0 0.104375 0.6129166666666667 0.1075 0.14416666666666667
0 0.6428125 0.36041666666666666 0.099375 0.1325
0 0.6303125 0.45708333333333334 0.085625 0.11416666666666667
0 0.51 0.6983333333333334 0.11125 0.14833333333333334
0 0.5371875 0.77 0.106875 0.14166666666666666
0 0.215625 0.7525 0.12375 0.165
0 0.5490625 0.19458333333333333 0.106875 0.1425
0 0.0553125 0.5504166666666667 0.104375 0.13916666666666666
0 0.5346875 0.5354166666666667 0.096875 0.12916666666666668
0 0.59625 0.60125 0.1 0.13416666666666666
1 0.6009375 0.8520833333333333 0.121875 0.1625
0 0.5484375 0.6458333333333334 0.089375 0.11833333333333333
0 0.536875 0.8720833333333333 0.105 0.14083333333333334