0 0.5128125 0.5929166666666666 0.099375 0.1325
0 0.70125 0.6883333333333334 0.1075 0.14333333333333334
0 0.12625 0.38083333333333336 0.0925 0.12333333333333334
0 0.71875 0.31958333333333333 0.1025 0.1375
0 0.4703125 0.3670833333333333 0.096875 0.12916666666666668
0 0.85375 0.6225 0.10125 0.135
0 0.4646875 0.7795833333333333 0.091875 0.1225
0 0.7021875 0.22791666666666666 0.099375 0.1325
0 0.84 0.43 0.0975 0.13
0 0.580625 0.7804166666666666 0.09125 0.1225
0 0.2525 0.125 0.105 0.14
0 0.1946875 0.68375 0.096875 0.12916666666666668
0 0.541875 0.8925 0.09625 0.12833333333333333
0 0.703125 0.8791666666666667 0.10125 0.135
0 0.43375 0.8591666666666666 0.09625 0.12833333333333333
0 0.2559375 0.5145833333333333 0.105625 0.14083333333333334
0 0.621875 0.085 0.1025 0.13666666666666666
0 0.1721875 0.08208333333333333 0.095625 0.1275
0 0.805625 0.7658333333333334 0.08625 0.115
0 0.5490625 0.2225 0.098125 0.13166666666666665
0 0.639375 0.40875 0.10375 0.13916666666666666
0 0.06625 0.335 0.09375 0.125
0 0.2784375 0.6045833333333334 0.105625 0.14083333333333334
0 0.1296875 0.15416666666666667 0.098125 0.13166666666666665
0 0.3634375 0.44208333333333333 0.105625 0.14083333333333334
0 0.7759375 0.40208333333333335 0.096875 0.12916666666666668
0 0.48 0.18041666666666667 0.09625 0.12916666666666668
0 0.3496875 0.545 0.098125 0.13166666666666665
0 0.7946875 0.30125 0.100625 0.13416666666666666
0 0.5625 0.5070833333333333 0.095 0.1275
0 0.40875 0.5225 0.09625 0.12833333333333333
0 0.91 0.42125 0.08875 0.1175
0 0.6359375 0.3516666666666667 0.105625 0.14166666666666666
0 0.851875 0.8566666666666667 0.09 0.12
0 0.793125 0.8345833333333333 0.0975 0.12916666666666668
0 0.378125 0.8941666666666667 0.10625 0.14166666666666666