1 0.37375 0.7675 0.085 0.09666666666666666
0 0.4809375 0.3575 0.076875 0.105
0 0.8328125 0.28958333333333336 0.073125 0.10583333333333333
0 0.5815625 0.5629166666666666 0.069375 0.09416666666666666
0 0.7446875 0.3375 0.073125 0.10333333333333333
0 0.265625 0.8725 0.0775 0.11333333333333333
0 0.283125 0.33875 0.07875 0.1125
0 0.54375 0.14083333333333334 0.0775 0.1
0 0.3684375 0.6075 0.074375 0.1
0 0.16875 0.5241666666666667 0.07375 0.09833333333333333
0 0.3990625 0.6629166666666667 0.073125 0.09416666666666666
0 0.5571875 0.83875 0.073125 0.09583333333333334
0 0.2609375 0.0875 0.085625 0.11666666666666667
0 0.1721875 0.07416666666666667 0.071875 0.10166666666666667
0 0.5328125 0.29375 0.080625 0.1075
0 0.6534375 0.5145833333333333 0.073125 0.10583333333333333
0 0.3878125 0.3854166666666667 0.064375 0.0975
0 0.6071875 0.3466666666666667 0.069375 0.09666666666666666
0 0.434375 0.5491666666666667 0.075 0.11166666666666666
0 0.37875 0.11625 0.07875 0.10583333333333333
0 0.8228125 0.53 0.078125 0.10166666666666667
0 0.2984375 0.805 0.069375 0.08833333333333333
0 0.79125 0.5758333333333333 0.08375 0.09833333333333333
0 0.2840625 0.5975 0.071875 0.10333333333333333
0 0.4746875 0.21541666666666667 0.069375 0.10416666666666667
0 0.765 0.7354166666666667 0.08375 0.10416666666666667
0 0.8409375 0.8379166666666666 0.065625 0.0875
0 0.2540625 0.6975 0.071875 0.09
0 0.3953125 0.23833333333333334 0.076875 0.10333333333333333
0 0.671875 0.33 0.0675 0.11666666666666667
0 0.484375 0.745 0.0825 0.09833333333333333