0 0.680625 0.22916666666666666 0.05875 0.075
0 0.91625 0.68875 0.06875 0.0825
0 0.36125 0.3308333333333333 0.05625 0.08166666666666667
0 0.9621875 0.51375 0.054375 0.08916666666666667
0 0.4365625 0.22041666666666668 0.069375 0.0875
0 0.6640625 0.485 0.071875 0.09666666666666666
0 0.3653125 0.49166666666666664 0.064375 0.07666666666666666
0 0.319375 0.9291666666666667 0.07 0.1
0 0.1596875 0.6 0.055625 0.08
0 0.0565625 0.7529166666666667 0.073125 0.08916666666666667
0 0.84125 0.8895833333333333 0.0625 0.0825
0 0.88 0.60125 0.07 0.0975
0 0.5053125 0.825 0.059375 0.07333333333333333
0 0.736875 0.43416666666666665 0.0775 0.095
0 0.7678125 0.17083333333333334 0.061875 0.07666666666666666
0 0.8003125 0.6695833333333333 0.059375 0.07916666666666666
0 0.086875 0.18416666666666667 0.0675 0.07833333333333334
0 0.109375 0.07375 0.07125 0.10416666666666667
0 0.245 0.3854166666666667 0.075 0.07083333333333333
0 0.8475 0.21291666666666667 0.06875 0.08416666666666667
0 0.933125 0.9229166666666667 0.0575 0.0725
0 0.85125 0.30125 0.07125 0.0975
0 0.3003125 0.8395833333333333 0.058125 0.07916666666666666
0 0.598125 0.7454166666666666 0.07125 0.0825
0 0.8396875 0.1325 0.060625 0.08166666666666667
0 0.7715625 0.5933333333333334 0.061875 0.08
0 0.375 0.19916666666666666 0.06375 0.085
0 0.47125 0.7545833333333334 0.0675 0.09083333333333334
0 0.328125 0.27625 0.06625 0.0875
0 0.6590625 0.6695833333333333 0.056875 0.0825
0 0.8296875 0.5108333333333334 0.064375 0.08333333333333333
0 0.570625 0.6770833333333334 0.06375 0.07083333333333333
0 0.2675 0.32375 0.06375 0.0775
0 0.5009375 0.16666666666666666 0.054375 0.07833333333333334
0 0.7071875 0.365 0.064375 0.07
0 0.516875 0.36291666666666667 0.06625 0.0775
0 0.5521875 0.4175 0.050625 0.06166666666666667
0 0.6859375 0.30291666666666667 0.064375 0.07916666666666666
0 0.2846875 0.57625 0.081875 0.0925
0 0.3765625 0.7054166666666667 0.041875 0.0775
0 0.7978125 0.42916666666666664 0.053125 0.07833333333333334
0 0.6040625 0.8025 0.071875 0.08
0 0.135625 0.66 0.05 0.06666666666666667
0 0.19625 0.9133333333333333 0.05375 0.07
0 0.93875 0.31125 0.07375 0.08916666666666667
0 0.2603125 0.7570833333333333 0.070625 0.08416666666666667
0 0.1159375 0.8225 0.055625 0.07333333333333333
0 0.708125 0.9516666666666667 0.05625 0.075
0 0.3525 0.415 0.05375 0.07
0 0.4284375 0.95375 0.069375 0.0675
0 0.7259375 0.5125 0.051875 0.06833333333333333
0 0.3178125 0.635 0.058125 0.075
0 0.3425 0.7129166666666666 0.055 0.0825
0 0.61625 0.4170833333333333 0.075 0.0725
0 0.27125 0.6654166666666667 0.05125 0.07416666666666667
0 0.55625 0.5816666666666667 0.05375 0.06666666666666667
0 0.04625 0.5504166666666667 0.0575 0.0825
0 0.8225 0.11125 0.04625 0.060833333333333336
0 0.63 0.5483333333333333 0.05625 0.075
0 0.598125 0.6091666666666666 0.05375 0.06833333333333333
0 0.0703125 0.83125 0.058125 0.07583333333333334
0 0.9690625 0.4241666666666667 0.059375 0.07833333333333334
0 0.6028125 0.48125 0.053125 0.06583333333333333
0 0.2125 0.28875 0.06 0.07583333333333334
0 0.911875 0.05625 0.0475 0.0625
0 0.876875 0.03833333333333333 0.0525 0.07
0 0.8340625 0.03666666666666667 0.046875 0.07333333333333333
0 0.919375 0.26416666666666666 0.0625 0.06333333333333334
0 0.3159375 0.2275 0.061875 0.07166666666666667
0 0.8421875 0.79375 0.058125 0.06416666666666666
0 0.7496875 0.955 0.045625 0.07833333333333334
0 0.801875 0.9554166666666667 0.05 0.060833333333333336
0 0.24125 0.8504166666666667 0.0525 0.059166666666666666
0 0.58375 0.5366666666666666 0.055 0.06666666666666667
0 0.2709375 0.025833333333333333 0.058125 0.051666666666666666
0 0.0253125 0.9579166666666666 0.049375 0.07416666666666667