0 0.383125 0.8429166666666666 0.10125 0.13583333333333333
0 0.6675 0.6425 0.11125 0.14833333333333334
0 0.8303125 0.47375 0.105625 0.14083333333333334
0 0.7453125 0.38125 0.099375 0.1325
0 0.5325 0.7004166666666667 0.1075 0.1425
0 0.35625 0.25 0.10625 0.14166666666666666
0 0.08375 0.4741666666666667 0.1025 0.13666666666666666
0 0.4578125 0.88125 0.109375 0.14583333333333334
0 0.5596875 0.60375 0.105625 0.14083333333333334
0 0.694375 0.79875 0.11125 0.1475
0 0.47375 0.6041666666666666 0.1075 0.14333333333333334
0 0.75375 0.5425 0.1175 0.15666666666666668
0 0.3459375 0.5879166666666666 0.106875 0.1425
0 0.9075 0.5425 0.105 0.14
0 0.8221875 0.5683333333333334 0.101875 0.13666666666666666
0 0.4596875 0.75 0.099375 0.13166666666666665
0 0.4575 0.19333333333333333 0.09875 0.13166666666666665
0 0.113125 0.3725 0.11375 0.15166666666666667
0 0.644375 0.7416666666666667 0.10875 0.145
0 0.749375 0.73875 0.1075 0.1425
0 0.4125 0.7275 0.1025 0.13666666666666666
0 0.40125 0.21041666666666667 0.1025 0.1375
0 0.535625 0.8166666666666667 0.12 0.16
0 0.524375 0.16666666666666666 0.09125 0.12166666666666667
0 0.750625 0.86125 0.11375 0.15083333333333335
0 0.9425 0.47375 0.1025 0.13583333333333333
0 0.606875 0.86125 0.1 0.13416666666666666
0 0.5309375 0.88375 0.113125 0.15083333333333335
0 0.825625 0.7333333333333333 0.1175 0.15666666666666668
0 0.5628125 0.17125 0.104375 0.13916666666666666
0 0.5740625 0.72125 0.114375 0.1525
0 0.5934375 0.8141666666666667 0.115625 0.15333333333333332
0 0.37125 0.5566666666666666 0.10125 0.135