0 0.9028125 0.17041666666666666 0.101875 0.13583333333333333
0 0.3675 0.6466666666666666 0.10375 0.13833333333333334
0 0.6259375 0.12541666666666668 0.103125 0.1375
0 0.87625 0.32 0.10625 0.14166666666666666
0 0.138125 0.5483333333333333 0.1025 0.13666666666666666
0 0.8059375 0.17458333333333334 0.090625 0.12083333333333333
0 0.15625 0.425 0.09875 0.13166666666666665
0 0.694375 0.4658333333333333 0.09625 0.12833333333333333
0 0.3575 0.87625 0.10375 0.13916666666666666
0 0.595625 0.6929166666666666 0.1075 0.14416666666666667
0 0.8609375 0.5929166666666666 0.105625 0.14083333333333334
0 0.3675 0.7925 0.09625 0.12833333333333333
0 0.8503125 0.4116666666666667 0.099375 0.13333333333333333
0 0.51125 0.7879166666666667 0.085 0.1125
0 0.2540625 0.90875 0.101875 0.13583333333333333
0 0.0665625 0.56375 0.121875 0.1625
0 0.3671875 0.13083333333333333 0.100625 0.135
0 0.715 0.7029166666666666 0.11 0.14583333333333334
0 0.5884375 0.8095833333333333 0.109375 0.14583333333333334
0 0.386875 0.22041666666666668 0.09375 0.12416666666666666
0 0.4590625 0.41291666666666665 0.104375 0.13916666666666666
0 0.4071875 0.7945833333333333 0.105625 0.14083333333333334
0 0.334375 0.295 0.11125 0.14833333333333334
0 0.4334375 0.6216666666666667 0.109375 0.14666666666666667
0 0.698125 0.3283333333333333 0.095 0.12666666666666668
0 0.2278125 0.49125 0.100625 0.13416666666666666
0 0.3934375 0.35625 0.099375 0.1325
0 0.5678125 0.18083333333333335 0.105625 0.14166666666666666
0 0.4775 0.6991666666666667 0.1025 0.13666666666666666
0 0.48875 0.385 0.1 0.13333333333333333
0 0.4234375 0.0725 0.103125 0.13833333333333334
0 0.2721875 0.30625 0.105625 0.14083333333333334
0 0.799375 0.4925 0.1125 0.15
0 0.230625 0.38625 0.10625 0.1425
0 0.31375 0.47791666666666666 0.0925 0.12416666666666666
0 0.3259375 0.7804166666666666 0.103125 0.1375
0 0.33 0.23916666666666667 0.10125 0.135
0 0.0621875 0.43875 0.099375 0.1325
0 0.9065625 0.53125 0.098125 0.13083333333333333
0 0.44875 0.5470833333333334 0.1025 0.1375
0 0.563125 0.42083333333333334 0.10125 0.135
0 0.5303125 0.4870833333333333 0.098125 0.13083333333333333
0 0.795625 0.08958333333333333 0.0975 0.12916666666666668
0 0.298125 0.365 0.10875 0.145
0 0.509375 0.5625 0.09375 0.125
0 0.56875 0.5195833333333333 0.0925 0.1225
0 0.41375 0.7175 0.08125 0.10833333333333334
0 0.5778125 0.3754166666666667 0.100625 0.13416666666666666
0 0.4659375 0.5070833333333333 0.098125 0.13083333333333333
0 0.799375 0.4608333333333333 0.0975 0.13
0 0.20625 0.40041666666666664 0.1075 0.1425