0 0.595 0.35291666666666666 0.11125 0.1475
0 0.8475 0.4191666666666667 0.11375 0.15166666666666667
0 0.2975 0.8125 0.11 0.14666666666666667
0 0.84875 0.21916666666666668 0.1 0.13333333333333333
0 0.2665625 0.62125 0.099375 0.1325
0 0.27 0.38 0.11375 0.15166666666666667
0 0.660625 0.38083333333333336 0.095 0.12666666666666668
0 0.2590625 0.9191666666666667 0.106875 0.14166666666666666
0 0.93625 0.23333333333333334 0.115 0.15333333333333332
0 0.4559375 0.4845833333333333 0.103125 0.1375
0 0.3053125 0.5420833333333334 0.103125 0.1375
0 0.768125 0.26 0.10125 0.135
0 0.7803125 0.56625 0.094375 0.12583333333333332
0 0.130625 0.35541666666666666 0.1025 0.1375
0 0.066875 0.7741666666666667 0.10125 0.135
0 0.4484375 0.72125 0.099375 0.1325
0 0.660625 0.6879166666666666 0.095 0.1275
0 0.8471875 0.5579166666666666 0.109375 0.14583333333333334
0 0.43875 0.305 0.115 0.15333333333333332
0 0.0925 0.6008333333333333 0.1075 0.14333333333333334
0 0.600625 0.17958333333333334 0.11625 0.15583333333333332
0 0.655625 0.81 0.10875 0.145
0 0.583125 0.8008333333333333 0.0975 0.13
0 0.49625 0.19666666666666666 0.10875 0.145
0 0.4971875 0.90625 0.108125 0.14416666666666667
0 0.3878125 0.88375 0.099375 0.1325
0 0.199375 0.30416666666666664 0.0975 0.13
0 0.429375 0.5791666666666667 0.10625 0.14166666666666666
0 0.658125 0.16333333333333333 0.105 0.14
0 0.7259375 0.35541666666666666 0.090625 0.12083333333333333
0 0.1659375 0.6320833333333333 0.104375 0.13916666666666666
0 0.564375 0.22791666666666666 0.1075 0.14416666666666667
0 0.4840625 0.33625 0.106875 0.1425
0 0.510625 0.11 0.085 0.11333333333333333
0 0.449375 0.8175 0.1125 0.15
0 0.58375 0.6716666666666666 0.0975 0.13
0 0.696875 0.11333333333333333 0.1125 0.15
0 0.6440625 0.46708333333333335 0.104375 0.13916666666666666
0 0.27125 0.27625 0.115 0.15416666666666667
0 0.1109375 0.6658333333333334 0.096875 0.13
0 0.2459375 0.2654166666666667 0.110625 0.1475