0 0.28375 0.5029166666666667 0.095 0.1275
0 0.77875 0.5795833333333333 0.08625 0.11416666666666667
0 0.6625 0.84 0.09875 0.13166666666666665
0 0.58 0.5795833333333333 0.1025 0.13583333333333333
0 0.42125 0.8920833333333333 0.085 0.11416666666666667
0 0.4446875 0.44958333333333333 0.109375 0.14583333333333334
0 0.4009375 0.21375 0.103125 0.1375
0 0.1459375 0.4925 0.088125 0.11666666666666667
0 0.603125 0.08 0.0975 0.13
0 0.4075 0.6175 0.095 0.12666666666666668
0 0.6628125 0.3770833333333333 0.081875 0.10916666666666666
0 0.1775 0.06833333333333333 0.08625 0.115
0 0.19625 0.4558333333333333 0.09875 0.13166666666666665
0 0.1775 0.27 0.0825 0.11
0 0.7903125 0.23708333333333334 0.078125 0.10416666666666667
0 0.1565625 0.21458333333333332 0.071875 0.09583333333333334
0 0.6990625 0.4920833333333333 0.094375 0.12583333333333332
0 0.78875 0.31708333333333333 0.09875 0.1325
0 0.7503125 0.9170833333333334 0.089375 0.11916666666666667
0 0.496875 0.19166666666666668 0.0825 0.11
0 0.08375 0.5145833333333333 0.09375 0.12583333333333332
0 0.3575 0.6966666666666667 0.0825 0.11
0 0.8575 0.4270833333333333 0.0725 0.0975
0 0.2675 0.6566666666666666 0.08625 0.115
0 0.5421875 0.29041666666666666 0.070625 0.09416666666666666
0 0.7921875 0.6933333333333334 0.093125 0.125
0 0.9353125 0.7520833333333333 0.081875 0.10916666666666666
0 0.254375 0.18 0.08625 0.115
0 0.6525 0.2708333333333333 0.085 0.11333333333333333
0 0.691875 0.60875 0.07875 0.10416666666666667
0 0.2021875 0.38625 0.076875 0.1025
0 0.898125 0.5225 0.08125 0.10833333333333334
0 0.484375 0.6216666666666667 0.09875 0.13166666666666665
0 0.5240625 0.5520833333333334 0.073125 0.0975
0 0.723125 0.4008333333333333 0.06875 0.09166666666666666
0 0.2859375 0.21666666666666667 0.081875 0.10833333333333334
0 0.6378125 0.53625 0.088125 0.1175
0 0.624375 0.3258333333333333 0.0675 0.09
0 0.1165625 0.635 0.073125 0.09666666666666666
0 0.2065625 0.14458333333333334 0.070625 0.09416666666666666
0 0.8928125 0.6091666666666666 0.070625 0.09333333333333334
0 0.1546875 0.15458333333333332 0.073125 0.0975
0 0.6565625 0.16208333333333333 0.081875 0.10916666666666666
0 0.2409375 0.36083333333333334 0.086875 0.115
0 0.5265625 0.23208333333333334 0.090625 0.12083333333333333
0 0.696875 0.1675 0.0825 0.11
0 0.121875 0.57 0.10375 0.13833333333333334
0 0.3415625 0.09333333333333334 0.073125 0.09666666666666666
0 0.4434375 0.32875 0.085625 0.11416666666666667
0 0.8146875 0.41208333333333336 0.078125 0.10416666666666667
0 0.68875 0.30916666666666665 0.07375 0.09833333333333333
0 0.555 0.4820833333333333 0.07 0.0925
0 0.3615625 0.315 0.074375 0.1
0 0.8584375 0.34375 0.084375 0.1125
0 0.904375 0.46458333333333335 0.07875 0.10583333333333333
0 0.8228125 0.62375 0.068125 0.09083333333333334
0 0.698125 0.11958333333333333 0.07 0.0925
0 0.7325 0.33958333333333335 0.06375 0.08583333333333333