1 0.2871875 0.3441666666666667 0.103125 0.13833333333333334
0 0.5809375 0.08708333333333333 0.083125 0.11083333333333334
0 0.778125 0.4033333333333333 0.1025 0.13666666666666666
0 0.3465625 0.4008333333333333 0.093125 0.12333333333333334
0 0.7584375 0.8095833333333333 0.105625 0.14083333333333334
0 0.4190625 0.60375 0.083125 0.11083333333333334
0 0.221875 0.36 0.08625 0.115
0 0.7734375 0.5533333333333333 0.084375 0.11166666666666666
0 0.499375 0.8066666666666666 0.10125 0.135
0 0.8284375 0.7141666666666666 0.089375 0.12
0 0.64875 0.7029166666666666 0.1075 0.14416666666666667
0 0.479375 0.205 0.105 0.14
0 0.9365625 0.6966666666666667 0.078125 0.10333333333333333
0 0.9121875 0.7129166666666666 0.090625 0.12083333333333333
0 0.6840625 0.18791666666666668 0.096875 0.12916666666666668
0 0.7509375 0.6945833333333333 0.098125 0.13083333333333333
0 0.1946875 0.12375 0.083125 0.11083333333333334
0 0.4134375 0.22416666666666665 0.080625 0.10833333333333334
0 0.21875 0.6345833333333334 0.09125 0.12083333333333333
0 0.7778125 0.24041666666666667 0.090625 0.12083333333333333
0 0.5928125 0.30291666666666667 0.086875 0.11583333333333333
0 0.794375 0.9283333333333333 0.0875 0.11666666666666667
0 0.3715625 0.28125 0.096875 0.12916666666666668
0 0.6871875 0.31125 0.084375 0.1125
0 0.4403125 0.5304166666666666 0.086875 0.11583333333333333
0 0.8246875 0.6108333333333333 0.105625 0.14
1 0.83 0.3225 0.11 0.14666666666666667
0 0.04625 0.48083333333333333 0.07375 0.09833333333333333
0 0.086875 0.295 0.09375 0.125
0 0.9153125 0.4795833333333333 0.084375 0.1125
0 0.8228125 0.8029166666666666 0.079375 0.10583333333333333
0 0.7228125 0.52125 0.076875 0.1025
0 0.6209375 0.5970833333333333 0.090625 0.12083333333333333
0 0.489375 0.14583333333333334 0.0775 0.10333333333333333
0 0.6290625 0.14375 0.096875 0.12916666666666668
0 0.1990625 0.7375 0.098125 0.13
0 0.504375 0.5908333333333333 0.085 0.11333333333333333
0 0.2059375 0.4841666666666667 0.071875 0.09666666666666666
0 0.4753125 0.41375 0.083125 0.11083333333333334
0 0.3275 0.7683333333333333 0.095 0.12666666666666668
0 0.3096875 0.63125 0.090625 0.12083333333333333
0 0.4059375 0.79375 0.094375 0.12583333333333332
0 0.3534375 0.5720833333333334 0.078125 0.10416666666666667
0 0.813125 0.4820833333333333 0.08375 0.1125
0 0.95 0.5108333333333334 0.09625 0.12833333333333333
0 0.5784375 0.64125 0.099375 0.1325
0 0.5503125 0.6358333333333334 0.096875 0.13
1 0.666875 0.8433333333333334 0.1175 0.15666666666666668
0 0.9459375 0.5704166666666667 0.076875 0.1025
0 0.2634375 0.5741666666666667 0.084375 0.11333333333333333
0 0.6865625 0.60875 0.074375 0.09916666666666667
0 0.3765625 0.8716666666666667 0.100625 0.135
0 0.120625 0.35833333333333334 0.08625 0.115
0 0.71875 0.9216666666666666 0.08125 0.10833333333333334
0 0.2584375 0.4395833333333333 0.078125 0.10416666666666667
0 0.8584375 0.4479166666666667 0.104375 0.13916666666666666
0 0.0609375 0.40541666666666665 0.091875 0.1225
0 0.24 0.23166666666666666 0.08 0.10666666666666667
0 0.2771875 0.16458333333333333 0.081875 0.10916666666666666
0 0.2259375 0.16291666666666665 0.078125 0.10416666666666667
0 0.3409375 0.6829166666666666 0.089375 0.11916666666666667
0 0.5003125 0.36875 0.090625 0.12083333333333333
0 0.8503125 0.54875 0.070625 0.09416666666666666
0 0.4446875 0.9195833333333333 0.093125 0.12416666666666666
0 0.0978125 0.45625 0.083125 0.11083333333333334
0 0.296875 0.4920833333333333 0.07875 0.10416666666666667
0 0.424375 0.3695833333333333 0.07125 0.09583333333333334
0 0.381875 0.17583333333333334 0.08625 0.115
0 0.335625 0.17375 0.0725 0.0975
0 0.285625 0.26916666666666667 0.0725 0.09666666666666666
0 0.4434375 0.43416666666666665 0.086875 0.11666666666666667
0 0.3346875 0.24166666666666667 0.088125 0.11833333333333333
0 0.24375 0.51125 0.08125 0.10916666666666666