0 0.69125 0.9270833333333334 0.0825 0.10083333333333333
1 0.2271875 0.71 0.084375 0.115
0 0.8890625 0.61875 0.071875 0.10416666666666667
0 0.948125 0.1 0.08 0.105
0 0.638125 0.8066666666666666 0.07375 0.10833333333333334
0 0.4190625 0.5816666666666667 0.079375 0.1
0 0.639375 0.47875 0.08 0.11416666666666667
0 0.0928125 0.25875 0.076875 0.09583333333333334
0 0.4996875 0.0725 0.080625 0.095
0 0.2890625 0.8370833333333333 0.084375 0.10416666666666667
0 0.37 0.79 0.07625 0.09333333333333334
0 0.08 0.4558333333333333 0.0825 0.11
0 0.8109375 0.28291666666666665 0.074375 0.09083333333333334
0 0.849375 0.42125 0.08625 0.10583333333333333
0 0.4934375 0.16958333333333334 0.083125 0.10583333333333333
1 0.289375 0.25125 0.0975 0.12916666666666668
0 0.3184375 0.5879166666666666 0.070625 0.09416666666666666
0 0.4459375 0.8154166666666667 0.071875 0.10083333333333333
0 0.2753125 0.3904166666666667 0.075625 0.10583333333333333
0 0.1021875 0.73125 0.079375 0.10916666666666666
0 0.173125 0.3575 0.08 0.11
0 0.59625 0.30333333333333334 0.07625 0.09
0 0.839375 0.7066666666666667 0.06875 0.09666666666666666
0 0.554375 0.5275 0.09125 0.10666666666666667
0 0.7646875 0.8733333333333333 0.074375 0.10666666666666667
0 0.2146875 0.9425 0.081875 0.11
0 0.5634375 0.81875 0.081875 0.10416666666666667
0 0.113125 0.6483333333333333 0.095 0.10833333333333334
0 0.7396875 0.26458333333333334 0.069375 0.09916666666666667
0 0.9215625 0.84125 0.074375 0.10916666666666666
0 0.83125 0.905 0.07875 0.10333333333333333
0 0.1003125 0.36291666666666667 0.080625 0.12583333333333332
0 0.05 0.3525 0.06625 0.11333333333333333
0 0.3734375 0.7170833333333333 0.103125 0.0875