0 0.740625 0.60125 0.06875 0.08916666666666667
0 0.3796875 0.8641666666666666 0.071875 0.10833333333333334
0 0.500625 0.39375 0.07375 0.1175
0 0.2203125 0.10291666666666667 0.075625 0.11416666666666667
0 0.591875 0.39166666666666666 0.0675 0.09166666666666666
0 0.6553125 0.5666666666666667 0.071875 0.10166666666666667
0 0.24125 0.48541666666666666 0.08125 0.10583333333333333
0 0.18625 0.2995833333333333 0.07375 0.1075
0 0.3571875 0.07208333333333333 0.076875 0.0975
0 0.265625 0.21875 0.08 0.1175
0 0.368125 0.38375 0.07375 0.10416666666666667
0 0.251875 0.84375 0.0675 0.10416666666666667
0 0.631875 0.26958333333333334 0.08125 0.10416666666666667
0 0.1690625 0.43125 0.070625 0.0975
0 0.7459375 0.1225 0.068125 0.09166666666666666
0 0.1978125 0.67375 0.083125 0.1075
0 0.7734375 0.7504166666666666 0.078125 0.10916666666666666
0 0.6325 0.8770833333333333 0.06625 0.09583333333333334
0 0.6584375 0.4320833333333333 0.078125 0.1075
0 0.4334375 0.3575 0.064375 0.10166666666666667
0 0.6915625 0.3620833333333333 0.069375 0.1075
0 0.4178125 0.26 0.071875 0.09666666666666666
0 0.4678125 0.051666666666666666 0.075625 0.1
0 0.700625 0.8733333333333333 0.07625 0.11166666666666666
0 0.5215625 0.7516666666666667 0.074375 0.11166666666666666
0 0.533125 0.5208333333333334 0.08 0.08