0 0.6046875 0.4375 0.101875 0.13666666666666666
0 0.3815625 0.8129166666666666 0.098125 0.13083333333333333
0 0.7171875 0.6654166666666667 0.099375 0.1325
0 0.641875 0.09833333333333333 0.1025 0.13666666666666666
0 0.7409375 0.8129166666666666 0.089375 0.11916666666666667
0 0.7209375 0.24791666666666667 0.104375 0.13916666666666666
0 0.613125 0.205 0.0975 0.13
0 0.3440625 0.20375 0.089375 0.11916666666666667
0 0.6234375 0.61875 0.089375 0.11916666666666667
0 0.8009375 0.6270833333333333 0.090625 0.12083333333333333
0 0.5134375 0.37041666666666667 0.098125 0.13083333333333333
0 0.8975 0.5525 0.095 0.12666666666666668
0 0.5521875 0.14166666666666666 0.088125 0.11666666666666667
0 0.8353125 0.8420833333333333 0.100625 0.13416666666666666
0 0.499375 0.16958333333333334 0.08625 0.11416666666666667
0 0.26625 0.32083333333333336 0.09375 0.125
0 0.54375 0.9004166666666666 0.09375 0.12416666666666666
0 0.34125 0.6079166666666667 0.11 0.14583333333333334
0 0.47 0.8483333333333334 0.115 0.15333333333333332
0 0.4253125 0.9279166666666666 0.084375 0.1125
0 0.6553125 0.8045833333333333 0.094375 0.12583333333333332
0 0.4165625 0.155 0.101875 0.135
0 0.398125 0.6845833333333333 0.08625 0.11583333333333333
0 0.301875 0.7020833333333333 0.105 0.13916666666666666
0 0.7853125 0.3304166666666667 0.071875 0.09583333333333334
0 0.655625 0.30291666666666667 0.08375 0.1125
0 0.86625 0.465 0.08 0.10666666666666667
0 0.7940625 0.5658333333333333 0.100625 0.135
0 0.6221875 0.88375 0.094375 0.12583333333333332
0 0.695625 0.5545833333333333 0.11 0.14583333333333334
0 0.28625 0.8545833333333334 0.09625 0.1275
0 0.19125 0.10166666666666667 0.08375 0.11166666666666666
0 0.133125 0.11583333333333333 0.09125 0.12166666666666667
0 0.2615625 0.5429166666666667 0.111875 0.14916666666666667
1 0.545 0.5675 0.19125 0.255