0 0.4809375 0.3516666666666667 0.116875 0.15666666666666668
0 0.17625 0.15791666666666668 0.11875 0.1575
0 0.6071875 0.8279166666666666 0.113125 0.15083333333333335
0 0.434375 0.62 0.11 0.14666666666666667
0 0.503125 0.7091666666666666 0.1025 0.13666666666666666
0 0.381875 0.49083333333333334 0.11 0.14666666666666667
0 0.234375 0.6875 0.105 0.14
0 0.396875 0.11541666666666667 0.095 0.12583333333333332
0 0.6946875 0.27458333333333335 0.095625 0.1275
0 0.47625 0.5008333333333334 0.11125 0.14833333333333334
0 0.2759375 0.16833333333333333 0.115625 0.15333333333333332
0 0.9034375 0.48875 0.106875 0.1425
0 0.6353125 0.15 0.111875 0.14833333333333334
0 0.6209375 0.25958333333333333 0.119375 0.15916666666666668
0 0.484375 0.17166666666666666 0.09125 0.12166666666666667
0 0.704375 0.5316666666666666 0.11125 0.14833333333333334
0 0.568125 0.62875 0.10625 0.14083333333333334
0 0.22875 0.28833333333333333 0.1125 0.15
0 0.5371875 0.0925 0.106875 0.14166666666666666
0 0.8365625 0.7025 0.105625 0.14166666666666666
0 0.5059375 0.7845833333333333 0.105625 0.14083333333333334
0 0.57625 0.525 0.11625 0.155
0 0.3346875 0.7570833333333333 0.106875 0.1425
0 0.55375 0.9033333333333333 0.11 0.14666666666666667
0 0.5371875 0.42333333333333334 0.106875 0.14166666666666666
0 0.72375 0.7991666666666667 0.105 0.14
0 0.4275 0.24083333333333334 0.1075 0.14333333333333334
0 0.5753125 0.7291666666666666 0.105625 0.14166666666666666
0 0.828125 0.3204166666666667 0.095 0.12583333333333332
0 0.3553125 0.9079166666666667 0.099375 0.1325
0 0.8253125 0.8354166666666667 0.115625 0.15416666666666667
0 0.1309375 0.5904166666666667 0.105625 0.14083333333333334
0 0.0875 0.20708333333333334 0.10375 0.1375
0 0.7371875 0.6970833333333334 0.141875 0.18916666666666668
0 0.30375 0.44875 0.09875 0.13083333333333333
0 0.2640625 0.5470833333333334 0.121875 0.1625
0 0.131875 0.24791666666666667 0.09625 0.12916666666666668
0 0.1521875 0.6720833333333334 0.093125 0.12416666666666666
0 0.825625 0.5141666666666667 0.0975 0.13
0 0.4459375 0.835 0.095625 0.12666666666666668
0 0.208125 0.49041666666666667 0.10125 0.13583333333333333
0 0.7684375 0.4970833333333333 0.099375 0.1325
0 0.8465625 0.5370833333333334 0.096875 0.12916666666666668
0 0.774375 0.45208333333333334 0.07875 0.10583333333333333
0 0.1521875 0.2654166666666667 0.098125 0.13083333333333333
0 0.655625 0.08083333333333333 0.1 0.13333333333333333
0 0.3225 0.43 0.1 0.13333333333333333
0 0.63375 0.07416666666666667 0.1025 0.13666666666666666
0 0.196875 0.61 0.10375 0.13833333333333334