0 0.0815625 0.5258333333333334 0.073125 0.09833333333333333
0 0.4125 0.24708333333333332 0.07125 0.09916666666666667
0 0.4234375 0.505 0.061875 0.085
0 0.62375 0.9316666666666666 0.0675 0.07833333333333334
0 0.524375 0.385 0.07125 0.08333333333333333
0 0.6778125 0.54125 0.066875 0.08916666666666667
0 0.680625 0.7808333333333334 0.06 0.08166666666666667
0 0.3715625 0.8391666666666666 0.070625 0.09833333333333333
0 0.8325 0.6170833333333333 0.0725 0.0975
0 0.6678125 0.6433333333333333 0.071875 0.09666666666666666
0 0.240625 0.7225 0.07 0.095
0 0.6115625 0.13 0.068125 0.085
0 0.9534375 0.3675 0.070625 0.08666666666666667
0 0.1334375 0.73875 0.068125 0.0925
0 0.411875 0.3570833333333333 0.05875 0.0825
0 0.0621875 0.7858333333333334 0.064375 0.08833333333333333
0 0.5084375 0.17958333333333334 0.068125 0.09083333333333334
0 0.3103125 0.40708333333333335 0.073125 0.10083333333333333
0 0.769375 0.4 0.07125 0.09666666666666666
0 0.75375 0.6908333333333333 0.0625 0.08
0 0.898125 0.5591666666666667 0.07 0.08833333333333333
0 0.5234375 0.6816666666666666 0.053125 0.075
0 0.0578125 0.4225 0.064375 0.08833333333333333
0 0.61625 0.7154166666666667 0.05875 0.07583333333333334
0 0.9146875 0.45708333333333334 0.063125 0.0875
0 0.4871875 0.31166666666666665 0.074375 0.09833333333333333
0 0.58875 0.24125 0.06 0.0825
0 0.85375 0.25666666666666665 0.06125 0.07833333333333334
0 0.658125 0.40208333333333335 0.0675 0.09083333333333334
0 0.6096875 0.32875 0.053125 0.0725
0 0.2071875 0.315 0.080625 0.10666666666666667
0 0.295 0.6520833333333333 0.06 0.0775
0 0.2915625 0.53 0.075625 0.10333333333333333
0 0.0446875 0.6283333333333333 0.060625 0.08333333333333333
0 0.7078125 0.07166666666666667 0.066875 0.085
0 0.19 0.7945833333333333 0.05 0.0625
0 0.75 0.2920833333333333 0.07125 0.09583333333333334
0 0.673125 0.15833333333333333 0.07 0.10166666666666667
0 0.7540625 0.88625 0.076875 0.10583333333333333
0 0.4809375 0.45208333333333334 0.065625 0.07583333333333334
0 0.5578125 0.8720833333333333 0.073125 0.0775
0 0.8440625 0.36875 0.068125 0.08916666666666667
0 0.3790625 0.6304166666666666 0.071875 0.1075
0 0.0575 0.08125 0.06625 0.10083333333333333
0 0.5625 0.7820833333333334 0.0675 0.09083333333333334
0 0.4746875 0.6175 0.053125 0.08
0 0.4428125 0.05 0.076875 0.1
0 0.1009375 0.865 0.059375 0.08
0 0.3646875 0.5416666666666666 0.046875 0.06666666666666667
0 0.8025 0.885 0.06375 0.07
0 0.6603125 0.2833333333333333 0.069375 0.10666666666666667
0 0.11875 0.3591666666666667 0.06375 0.08