1 0.29875 0.33166666666666667 0.0725 0.11333333333333333
0 0.6059375 0.47458333333333336 0.079375 0.1025
0 0.6571875 0.94375 0.079375 0.0975
0 0.451875 0.60875 0.07125 0.0925
0 0.62125 0.82625 0.0775 0.0975
0 0.2196875 0.1875 0.085625 0.10333333333333333
0 0.62 0.21083333333333334 0.085 0.105
0 0.76875 0.5583333333333333 0.075 0.10333333333333333
0 0.418125 0.32458333333333333 0.075 0.09916666666666667
0 0.955 0.7375 0.08 0.11
0 0.480625 0.058333333333333334 0.07375 0.09833333333333333
0 0.089375 0.5016666666666667 0.0775 0.10333333333333333
0 0.376875 0.36541666666666667 0.07 0.0975
0 0.2453125 0.57625 0.071875 0.0975
0 0.80875 0.18125 0.0875 0.11416666666666667
0 0.0978125 0.3491666666666667 0.071875 0.095
0 0.818125 0.06291666666666666 0.07625 0.09583333333333334
0 0.65375 0.54375 0.08125 0.1075
0 0.4884375 0.7045833333333333 0.079375 0.0975
0 0.5846875 0.35041666666666665 0.073125 0.08583333333333333
0 0.6140625 0.6429166666666667 0.073125 0.0925
0 0.461875 0.4125 0.08375 0.1
0 0.7871875 0.3383333333333333 0.079375 0.105
0 0.476875 0.9304166666666667 0.07625 0.10416666666666667
0 0.2703125 0.23125 0.066875 0.0925
0 0.4425 0.8883333333333333 0.07375 0.11166666666666666
0 0.425625 0.21208333333333335 0.0775 0.09583333333333334
0 0.8490625 0.37375 0.071875 0.1025
0 0.7128125 0.46625 0.078125 0.0925
0 0.9371875 0.2375 0.078125 0.10666666666666667
0 0.955625 0.55625 0.06875 0.09916666666666667
0 0.0753125 0.6241666666666666 0.075625 0.10666666666666667
0 0.3228125 0.8533333333333334 0.078125 0.11166666666666666
0 0.2459375 0.9545833333333333 0.065625 0.0875
0 0.8840625 0.55375 0.065625 0.08083333333333333
0 0.350625 0.17208333333333334 0.0675 0.09583333333333334
0 0.695625 0.36041666666666666 0.0775 0.1025
0 0.626875 0.7291666666666666 0.0875 0.09
0 0.315625 0.4791666666666667 0.07375 0.11
0 0.9059375 0.5929166666666666 0.058125 0.11083333333333334