0 0.3425 0.8533333333333334 0.08625 0.115
0 0.2815625 0.3825 0.096875 0.13
0 0.3534375 0.6066666666666667 0.109375 0.145
0 0.4484375 0.7445833333333334 0.095625 0.1275
0 0.6390625 0.16333333333333333 0.106875 0.14333333333333334
0 0.274375 0.91 0.09875 0.13166666666666665
0 0.235 0.605 0.09625 0.12833333333333333
0 0.7253125 0.79875 0.095625 0.1275
0 0.7828125 0.37625 0.100625 0.13416666666666666
0 0.2921875 0.7879166666666667 0.103125 0.1375
0 0.098125 0.5866666666666667 0.09875 0.13166666666666665
0 0.0684375 0.74625 0.093125 0.12416666666666666
1 0.639375 0.4725 0.11125 0.14833333333333334
0 0.5590625 0.13791666666666666 0.103125 0.1375
0 0.66 0.2554166666666667 0.0975 0.13083333333333333
0 0.5240625 0.9170833333333334 0.095625 0.1275
0 0.833125 0.4691666666666667 0.10625 0.14166666666666666
0 0.6959375 0.6520833333333333 0.098125 0.13083333333333333
0 0.6825 0.5441666666666667 0.0825 0.11
0 0.9275 0.47041666666666665 0.09 0.11916666666666667
1 0.609375 0.8841666666666667 0.11375 0.15166666666666667
0 0.644375 0.78625 0.09125 0.12083333333333333
0 0.5953125 0.3695833333333333 0.099375 0.1325
0 0.7575 0.27791666666666665 0.10125 0.13416666666666666
0 0.3678125 0.27291666666666664 0.081875 0.10916666666666666
0 0.3025 0.26 0.09625 0.12833333333333333
0 0.855625 0.09166666666666666 0.09125 0.12166666666666667
0 0.50125 0.27875 0.10625 0.14083333333333334
0 0.5203125 0.79625 0.101875 0.13583333333333333
0 0.185625 0.73 0.09125 0.12166666666666667
0 0.8190625 0.29291666666666666 0.103125 0.1375
0 0.1575 0.6383333333333333 0.1025 0.13666666666666666
0 0.393125 0.23416666666666666 0.09375 0.125
0 0.5315625 0.39875 0.101875 0.13583333333333333
0 0.918125 0.5866666666666667 0.09625 0.12833333333333333
0 0.445 0.50125 0.17625 0.23583333333333334