0 0.2959375 0.4429166666666667 0.101875 0.13583333333333333
0 0.7946875 0.61375 0.089375 0.11916666666666667
0 0.225625 0.3441666666666667 0.1125 0.15
0 0.4384375 0.45166666666666666 0.086875 0.11666666666666667
0 0.53125 0.3466666666666667 0.08125 0.10833333333333334
0 0.650625 0.25416666666666665 0.09375 0.125
0 0.641875 0.07583333333333334 0.105 0.14
0 0.695625 0.425 0.10125 0.135
0 0.55 0.22958333333333333 0.10875 0.14583333333333334
0 0.48375 0.13541666666666666 0.10625 0.1425
0 0.7096875 0.6425 0.114375 0.15166666666666667
0 0.445 0.57625 0.09875 0.1325
0 0.4409375 0.36 0.106875 0.14166666666666666
0 0.2228125 0.5858333333333333 0.094375 0.12666666666666668
0 0.4171875 0.14 0.096875 0.12833333333333333
0 0.205 0.49583333333333335 0.09875 0.13166666666666665
0 0.31875 0.25666666666666665 0.0875 0.11666666666666667
0 0.3259375 0.6708333333333333 0.110625 0.14833333333333334
0 0.47375 0.8716666666666667 0.11375 0.15166666666666667
0 0.296875 0.7841666666666667 0.11 0.14666666666666667
0 0.916875 0.725 0.12375 0.165
0 0.315 0.07708333333333334 0.10625 0.1425