0 0.7098765432098766 0.06941431670281996 0.06275720164609054 0.0911062906724512
0 0.5295781893004116 0.2932031814895155 0.06430041152263374 0.08893709327548807
0 0.49382716049382713 0.6688358640636298 0.07304526748971193 0.09399855386840203
0 0.319701646090535 0.482646420824295 0.06327160493827161 0.09472161966738973
0 0.12037037037037036 0.5 0.06378600823045268 0.08315256688358641
0 0.7013888888888888 0.41720896601590746 0.06430041152263374 0.08966015907447578
0 0.7157921810699589 0.19161243673174258 0.062242798353909466 0.08098336948662328
0 0.2883230452674897 0.38575560375994217 0.06430041152263374 0.09038322487346348
0 0.18621399176954734 0.242588575560376 0.06481481481481481 0.07447577729573392
0 0.5056584362139918 0.579175704989154 0.0668724279835391 0.08676789587852494
0 0.3863168724279835 0.4631236442516269 0.0720164609053498 0.08459869848156182
0 0.753343621399177 0.3467100506146059 0.061213991769547324 0.08170643528561099
0 0.5578703703703703 0.5368763557483731 0.0684156378600823 0.09761388286334056
0 0.8891460905349794 0.5354302241503976 0.0684156378600823 0.1019522776572668
0 0.08076131687242798 0.5531453362255966 0.060699588477366256 0.08098336948662328
0 0.6324588477366255 0.31344902386117135 0.05709876543209876 0.0918293564714389
0 0.17541152263374485 0.725234996384671 0.07716049382716049 0.09978308026030369
0 0.522633744855967 0.8347794649313087 0.06995884773662552 0.1019522776572668
0 0.7620884773662552 0.04953000723065799 0.06532921810699588 0.07881417208966016
0 0.14351851851851852 0.7982646420824295 0.05761316872427984 0.07519884309472162
0 0.41872427983539096 0.3947939262472885 0.0720164609053498 0.08676789587852494
0 0.7986111111111112 0.06326825741142444 0.06327160493827161 0.08026030368763558
0 0.9452160493827161 0.28669558929862615 0.051954732510288065 0.06724511930585683
0 0.125 0.6948662328271873 0.06481481481481481 0.12147505422993492
0 0.4763374485596708 0.8799710773680405 0.0720164609053498 0.10412147505422993
0 0.9040637860082305 0.6366594360086768 0.06532921810699588 0.12075198843094721
0 0.42772633744855965 0.08351409978308026 0.08179012345679013 0.1019522776572668
0 0.7993827160493827 0.17932031814895155 0.043209876543209874 0.0650759219088937
0 0.39197530864197533 0.33080260303687636 0.06995884773662552 0.09616775126536514
0 0.793724279835391 0.49349240780911063 0.044238683127572016 0.16124367317425886
1 0.35468106995884774 0.8152566883586406 0.07973251028806584 0.11641359363702097
1 0.6993312757201646 0.30404916847433117 0.07458847736625514 0.1294287780187997
0 0.7872942386831275 0.14099783080260303 0.06327160493827161 0.06218365871294288