0 0.339375 0.7391666666666666 0.07375 0.09166666666666666
0 0.6296875 0.12375 0.078125 0.08583333333333333
0 0.6325 0.36583333333333334 0.0675 0.09
0 0.0378125 0.6541666666666667 0.070625 0.09166666666666666
0 0.2303125 0.7245833333333334 0.080625 0.0975
0 0.3334375 0.29125 0.079375 0.09916666666666667
0 0.4671875 0.72125 0.083125 0.10416666666666667
0 0.3309375 0.19458333333333333 0.076875 0.0975
0 0.1478125 0.12291666666666666 0.071875 0.09416666666666666
0 0.3934375 0.5870833333333333 0.068125 0.09416666666666666
0 0.05875 0.24208333333333334 0.07 0.1025
0 0.6746875 0.18833333333333332 0.073125 0.09666666666666666
0 0.4975 0.18875 0.0875 0.1025
0 0.4890625 0.87375 0.074375 0.1075
0 0.466875 0.5533333333333333 0.08 0.10666666666666667
0 0.6390625 0.2425 0.089375 0.095
0 0.4421875 0.27375 0.070625 0.09083333333333334
0 0.2325 0.87625 0.065 0.08916666666666667
0 0.370625 0.87125 0.08125 0.10583333333333333
0 0.2090625 0.18958333333333333 0.071875 0.08416666666666667
0 0.078125 0.92 0.07375 0.1
0 0.4209375 0.3958333333333333 0.071875 0.09666666666666666
0 0.4809375 0.35875 0.080625 0.09416666666666666
0 0.079375 0.14458333333333334 0.07375 0.09416666666666666
0 0.36875 0.47541666666666665 0.0725 0.09916666666666667
0 0.4059375 0.7820833333333334 0.083125 0.09583333333333334
0 0.5059375 0.085 0.073125 0.10666666666666667
0 0.57625 0.8020833333333334 0.06 0.10916666666666666
0 0.103125 0.76375 0.0725 0.11416666666666667
0 0.46 0.6354166666666666 0.09 0.07583333333333334
0 0.315 0.10291666666666667 0.08 0.1025
0 0.253125 0.05333333333333334 0.07375 0.09833333333333333
0 0.103125 0.5454166666666667 0.0825 0.1075
0 0.5953125 0.31083333333333335 0.084375 0.10166666666666667
0 0.515 0.2725 0.08 0.08833333333333333
0 0.569375 0.40041666666666664 0.05875 0.10416666666666667
0 0.5071875 0.7891666666666667 0.089375 0.09
0 0.600625 0.5583333333333333 0.07875 0.11166666666666666
0 0.674375 0.44666666666666666 0.08375 0.09666666666666666
0 0.83625 0.1275 0.08875 0.10333333333333333
0 0.5865625 0.6575 0.080625 0.09833333333333333
0 0.7003125 0.8679166666666667 0.071875 0.10583333333333333
0 0.6409375 0.7904166666666667 0.073125 0.11916666666666667
0 0.6125 0.47208333333333335 0.07125 0.0975
0 0.3765625 0.5741666666666667 0.071875 0.1