0 0.56625 0.5979166666666667 0.09625 0.1275
0 0.448125 0.4508333333333333 0.08 0.10666666666666667
0 0.8609375 0.25458333333333333 0.090625 0.12083333333333333
0 0.659375 0.7025 0.08625 0.115
0 0.725 0.2841666666666667 0.09 0.12
0 0.4665625 0.37875 0.084375 0.1125
0 0.1375 0.4625 0.08125 0.10833333333333334
0 0.4334375 0.83625 0.096875 0.12916666666666668
0 0.7696875 0.5329166666666667 0.091875 0.1225
0 0.1059375 0.5908333333333333 0.080625 0.10833333333333334
0 0.34 0.4925 0.09875 0.13166666666666665
0 0.3103125 0.9129166666666667 0.096875 0.12916666666666668
0 0.5915625 0.09291666666666666 0.084375 0.1125
0 0.3434375 0.26666666666666666 0.093125 0.125
0 0.249375 0.31875 0.1025 0.13583333333333333
0 0.8696875 0.6475 0.096875 0.12833333333333333
0 0.83625 0.55875 0.09375 0.12583333333333332
0 0.6346875 0.42375 0.093125 0.12416666666666666
0 0.638125 0.49916666666666665 0.0975 0.13
0 0.649375 0.14791666666666667 0.09 0.12083333333333333
0 0.2940625 0.20125 0.091875 0.1225
0 0.2590625 0.6204166666666666 0.096875 0.12916666666666668
0 0.1584375 0.5895833333333333 0.094375 0.12583333333333332
0 0.5109375 0.6725 0.094375 0.12666666666666668
0 0.609375 0.8291666666666667 0.08625 0.115
0 0.4040625 0.6425 0.098125 0.13
0 0.2125 0.5070833333333333 0.095 0.12583333333333332
0 0.1134375 0.8704166666666666 0.086875 0.11583333333333333
0 0.2228125 0.4479166666666667 0.081875 0.10916666666666666
0 0.2609375 0.5329166666666667 0.085625 0.11416666666666667
0 0.146875 0.77 0.0875 0.11666666666666667
0 0.7790625 0.31958333333333333 0.081875 0.10916666666666666
0 0.7765625 0.39166666666666666 0.095625 0.12833333333333333
0 0.3653125 0.8929166666666667 0.083125 0.11083333333333334
0 0.8909375 0.33 0.093125 0.125
0 0.5665625 0.82375 0.099375 0.1325
0 0.498125 0.76125 0.08875 0.1175
0 0.3009375 0.5754166666666667 0.076875 0.1025
0 0.10875 0.7058333333333333 0.08125 0.10833333333333334
1 0.6378125 0.35875 0.129375 0.1725
0 0.938125 0.27708333333333335 0.0775 0.10416666666666667
0 0.160625 0.75 0.105 0.14