0 0.385625 0.20125 0.065 0.08416666666666667
0 0.465 0.5766666666666667 0.06125 0.09166666666666666
0 0.7653125 0.91875 0.064375 0.10083333333333333
0 0.4853125 0.6758333333333333 0.061875 0.085
0 0.75625 0.7345833333333334 0.0675 0.09583333333333334
0 0.4978125 0.795 0.073125 0.085
0 0.3415625 0.6775 0.078125 0.09666666666666666
0 0.2003125 0.5204166666666666 0.065625 0.09583333333333334
0 0.6271875 0.18291666666666667 0.060625 0.08583333333333333
0 0.39875 0.4025 0.07 0.08666666666666667
0 0.638125 0.49375 0.05875 0.0825
0 0.58125 0.44666666666666666 0.06375 0.08166666666666667
0 0.3484375 0.11916666666666667 0.066875 0.08833333333333333
0 0.683125 0.6625 0.06625 0.085
0 0.3590625 0.7845833333333333 0.075625 0.09916666666666667
0 0.5684375 0.07791666666666666 0.055625 0.0975
0 0.4165625 0.7083333333333334 0.068125 0.09666666666666666
0 0.5065625 0.16791666666666666 0.075625 0.09416666666666666
0 0.4203125 0.7929166666666667 0.061875 0.09083333333333334
0 0.27625 0.6333333333333333 0.055 0.07833333333333334
0 0.731875 0.34 0.07375 0.095
0 0.71625 0.50125 0.0525 0.08583333333333333
0 0.6321875 0.08208333333333333 0.064375 0.09416666666666666
0 0.179375 0.22958333333333333 0.05875 0.08083333333333333
0 0.175 0.32125 0.07125 0.09416666666666666
0 0.40375 0.29625 0.0775 0.0925
0 0.4384375 0.4820833333333333 0.066875 0.0925
0 0.2065625 0.6175 0.068125 0.08333333333333333
0 0.3946875 0.5766666666666667 0.070625 0.08666666666666667
0 0.5790625 0.8491666666666666 0.066875 0.08833333333333333
0 0.5125 0.8875 0.06625 0.09166666666666666
0 0.8096875 0.3308333333333333 0.064375 0.095
0 0.530625 0.5970833333333333 0.0625 0.0875
0 0.5778125 0.5420833333333334 0.063125 0.09416666666666666
0 0.2678125 0.38916666666666666 0.066875 0.08833333333333333
0 0.53625 0.2941666666666667 0.0725 0.09333333333333334
0 0.42625 0.8595833333333334 0.06875 0.08083333333333333
0 0.8053125 0.5275 0.068125 0.07
0 0.4090625 0.059583333333333335 0.073125 0.09583333333333334
0 0.58625 0.6591666666666667 0.06875 0.08333333333333333
0 0.8290625 0.7116666666666667 0.060625 0.09166666666666666
0 0.18 0.41208333333333336 0.07625 0.08416666666666667
0 0.3146875 0.17541666666666667 0.059375 0.08416666666666667
0 0.7603125 0.4175 0.071875 0.08333333333333333
0 0.2121875 0.7004166666666667 0.075625 0.08916666666666667
0 0.7965625 0.625 0.068125 0.08833333333333333
0 0.3246875 0.44 0.061875 0.095
0 0.6134375 0.6091666666666666 0.073125 0.08166666666666667
0 0.643125 0.7304166666666667 0.06125 0.0825
0 0.7853125 0.26125 0.070625 0.08583333333333333
0 0.68875 0.9091666666666667 0.06125 0.09333333333333334
0 0.7109375 0.2425 0.058125 0.08166666666666667
0 0.1984375 0.8508333333333333 0.058125 0.08666666666666667
0 0.341875 0.935 0.06375 0.09333333333333334
0 0.666875 0.37666666666666665 0.065 0.07333333333333333
0 0.4625 0.35875 0.065 0.08916666666666667
0 0.8271875 0.17625 0.074375 0.0975
0 0.8028125 0.06791666666666667 0.061875 0.09583333333333334
0 0.3603125 0.30416666666666664 0.069375 0.1
0 0.2775 0.2966666666666667 0.07375 0.095
0 0.7909375 0.8116666666666666 0.065625 0.085
0 0.253125 0.9154166666666667 0.075 0.08083333333333333
0 0.6296875 0.7825 0.065625 0.10333333333333333
0 0.8140625 0.84875 0.061875 0.09416666666666666
0 0.2721875 0.7291666666666666 0.060625 0.09
0 0.8371875 0.5925 0.071875 0.08666666666666667
0 0.155 0.93875 0.06 0.09916666666666667
0 0.2259375 0.40208333333333335 0.066875 0.08083333333333333
0 0.265625 0.50875 0.05 0.08083333333333333
0 0.328125 0.5279166666666667 0.06625 0.0725
0 0.3 0.7945833333333333 0.05875 0.07583333333333334
1 0.7021875 0.40208333333333335 0.051875 0.07083333333333333
1 0.2934375 0.8929166666666667 0.064375 0.07583333333333334
1 0.298125 0.49125 0.06125 0.08083333333333333
0 0.6584375 0.9279166666666666 0.053125 0.0775
0 0.8071875 0.49666666666666665 0.064375 0.06833333333333333
0 0.6815625 0.24958333333333332 0.044375 0.07416666666666667
0 0.4915625 0.38208333333333333 0.060625 0.0875
0 0.65375 0.465 0.05125 0.07833333333333334
0 0.7428125 0.505 0.049375 0.1
0 0.7734375 0.06041666666666667 0.056875 0.09083333333333334
0 0.225 0.8275 0.06875 0.07833333333333334
0 0.199375 0.20958333333333334 0.05625 0.08416666666666667
0 0.244375 0.2975 0.05125 0.08
0 0.3028125 0.8458333333333333 0.075625 0.07166666666666667
0 0.1565625 0.77625 0.061875 0.0725
0 0.3228125 0.57375 0.055625 0.06416666666666666