0 0.57875 0.7404166666666666 0.0625 0.0875
0 0.4021875 0.46875 0.061875 0.0825
0 0.2853125 0.8041666666666667 0.069375 0.095
0 0.1965625 0.2833333333333333 0.076875 0.095
0 0.3290625 0.4429166666666667 0.066875 0.1025
0 0.8275 0.5258333333333334 0.07375 0.08833333333333333
0 0.395625 0.745 0.06375 0.08166666666666667
0 0.5971875 0.4170833333333333 0.075625 0.1025
0 0.7728125 0.6879166666666666 0.063125 0.08583333333333333
0 0.92625 0.4825 0.06375 0.08333333333333333
0 0.4490625 0.18625 0.063125 0.08583333333333333
0 0.7453125 0.23291666666666666 0.061875 0.0825
0 0.8 0.3279166666666667 0.06125 0.05416666666666667
0 0.4721875 0.89625 0.058125 0.07416666666666667
0 0.1740625 0.82875 0.058125 0.07916666666666666
0 0.0915625 0.6383333333333333 0.069375 0.10833333333333334
0 0.60625 0.24291666666666667 0.06625 0.10416666666666667
0 0.5778125 0.05583333333333333 0.070625 0.09333333333333334
0 0.7578125 0.5145833333333333 0.071875 0.09416666666666666
0 0.080625 0.18333333333333332 0.06 0.095
0 0.4209375 0.5758333333333333 0.063125 0.07833333333333334
0 0.6159375 0.5466666666666666 0.060625 0.07666666666666666
0 0.5403125 0.3616666666666667 0.070625 0.075
0 0.2034375 0.5370833333333334 0.069375 0.08416666666666667
0 0.9146875 0.09625 0.068125 0.10583333333333333
0 0.885 0.24708333333333332 0.0625 0.07416666666666667
0 0.220625 0.16541666666666666 0.06 0.09083333333333334
0 0.369375 0.19833333333333333 0.08 0.09
0 0.4228125 0.8170833333333334 0.059375 0.07583333333333334
0 0.815 0.7566666666666667 0.0625 0.08166666666666667
0 0.88125 0.17041666666666666 0.05375 0.09083333333333334
0 0.214375 0.6554166666666666 0.065 0.0925
0 0.6078125 0.13708333333333333 0.061875 0.08583333333333333
0 0.0584375 0.315 0.063125 0.08333333333333333
0 0.4646875 0.45708333333333334 0.064375 0.09416666666666666
0 0.1184375 0.04875 0.069375 0.09583333333333334
0 0.171875 0.12416666666666666 0.06375 0.09833333333333333
0 0.1571875 0.7004166666666667 0.058125 0.0875
0 0.7065625 0.39166666666666666 0.068125 0.08333333333333333
0 0.2340625 0.6129166666666667 0.064375 0.0825
0 0.0934375 0.8183333333333334 0.064375 0.085
0 0.54375 0.14291666666666666 0.0575 0.0975
0 0.5275 0.9104166666666667 0.0575 0.07583333333333334
0 0.8859375 0.4 0.073125 0.09666666666666666
0 0.674375 0.7020833333333333 0.0625 0.0775
0 0.73625 0.14666666666666667 0.06125 0.09166666666666666
0 0.3553125 0.60375 0.050625 0.0675
1 0.48375 0.09541666666666666 0.0775 0.09583333333333334
0 0.514375 0.8454166666666667 0.06125 0.09416666666666666
0 0.304375 0.9345833333333333 0.0575 0.07583333333333334
1 0.6259375 0.9241666666666667 0.069375 0.12166666666666667
0 0.8253125 0.20375 0.060625 0.07583333333333334
0 0.3246875 0.13416666666666666 0.058125 0.09
0 0.78875 0.052083333333333336 0.075 0.09583333333333334
0 0.69875 0.28208333333333335 0.07125 0.08416666666666667
0 0.7953125 0.1375 0.066875 0.08166666666666667
0 0.1215625 0.8816666666666667 0.079375 0.07166666666666667
0 0.965625 0.13958333333333334 0.06 0.0825
0 0.1165625 0.32166666666666666 0.053125 0.09
0 0.0984375 0.3975 0.064375 0.07
0 0.4509375 0.05875 0.053125 0.0775
0 0.8021875 0.385 0.064375 0.06833333333333333
0 0.5559375 0.6366666666666667 0.065625 0.08
0 0.059375 0.7333333333333333 0.06375 0.09166666666666666
0 0.02375 0.6358333333333334 0.04625 0.065
0 0.5828125 0.9183333333333333 0.058125 0.07666666666666666
0 0.7803125 0.8616666666666667 0.051875 0.09666666666666666