0 0.60625 0.87125 0.11625 0.15583333333333332
0 0.0640625 0.4175 0.118125 0.15666666666666668
0 0.3696875 0.5141666666666667 0.109375 0.145
0 0.481875 0.15083333333333335 0.12375 0.165
0 0.3953125 0.4225 0.119375 0.15833333333333333
0 0.7696875 0.6504166666666666 0.101875 0.13583333333333333
0 0.1471875 0.3254166666666667 0.120625 0.16083333333333333
0 0.715 0.41083333333333333 0.11375 0.15166666666666667
0 0.205 0.63875 0.11 0.1475
0 0.8653125 0.8683333333333333 0.120625 0.16166666666666665
0 0.61375 0.2025 0.12125 0.16166666666666665
0 0.651875 0.7033333333333334 0.13 0.17333333333333334
0 0.4146875 0.7625 0.123125 0.16333333333333333
0 0.26625 0.13708333333333333 0.115 0.15416666666666667
0 0.3421875 0.08958333333333333 0.124375 0.16583333333333333
0 0.8321875 0.38875 0.123125 0.16416666666666666
0 0.5640625 0.7070833333333333 0.125625 0.1675
0 0.800625 0.8445833333333334 0.11125 0.1475
0 0.735625 0.7395833333333334 0.10875 0.14416666666666667