0 0.6603125 0.8170833333333334 0.104375 0.13916666666666666
0 0.5134375 0.3695833333333333 0.098125 0.13083333333333333
0 0.165 0.4266666666666667 0.10375 0.13833333333333334
0 0.89625 0.5058333333333334 0.0975 0.13
0 0.69 0.2658333333333333 0.09625 0.12833333333333333
0 0.79625 0.60875 0.11 0.14583333333333334
0 0.560625 0.2875 0.09125 0.12166666666666667
0 0.3359375 0.14291666666666666 0.103125 0.1375
0 0.605625 0.11041666666666666 0.1 0.13416666666666666
0 0.201875 0.5683333333333334 0.10625 0.14166666666666666
0 0.434375 0.52125 0.11625 0.15416666666666667
0 0.20875 0.20916666666666667 0.09 0.12
0 0.143125 0.14333333333333334 0.10125 0.135
0 0.77875 0.34833333333333333 0.10375 0.13833333333333334
0 0.074375 0.34625 0.09 0.11916666666666667
0 0.9128125 0.7729166666666667 0.115625 0.15416666666666667
0 0.439375 0.35625 0.105 0.13916666666666666
0 0.2265625 0.07458333333333333 0.109375 0.14583333333333334
0 0.6234375 0.47458333333333336 0.096875 0.12916666666666668
0 0.5471875 0.8633333333333333 0.089375 0.11833333333333333
0 0.0859375 0.5191666666666667 0.095625 0.12666666666666668
0 0.2925 0.48625 0.1125 0.14916666666666667
0 0.3140625 0.24291666666666667 0.101875 0.13583333333333333
0 0.1228125 0.25625 0.096875 0.12916666666666668
0 0.715 0.4166666666666667 0.0975 0.13
0 0.5325 0.5908333333333333 0.08 0.10666666666666667
0 0.3809375 0.2708333333333333 0.114375 0.15333333333333332
0 0.6028125 0.36541666666666667 0.093125 0.12416666666666666
0 0.5875 0.7883333333333333 0.09875 0.13166666666666665
0 0.6084375 0.21708333333333332 0.081875 0.10916666666666666
0 0.4984375 0.14375 0.090625 0.12083333333333333
0 0.7165625 0.5654166666666667 0.089375 0.11916666666666667
0 0.8296875 0.8804166666666666 0.105625 0.14083333333333334
0 0.6246875 0.7279166666666667 0.080625 0.1075
0 0.9271875 0.44083333333333335 0.099375 0.13333333333333333
0 0.8509375 0.405 0.091875 0.12166666666666667
0 0.1403125 0.33375 0.099375 0.1325
0 0.420625 0.9175 0.07125 0.095
0 0.4725 0.6208333333333333 0.1 0.13333333333333333
0 0.259375 0.8075 0.10875 0.145
0 0.695 0.6966666666666667 0.125 0.16666666666666666
0 0.3059375 0.05875 0.073125 0.0975
0 0.1734375 0.66625 0.104375 0.13916666666666666
0 0.0478125 0.5375 0.093125 0.12333333333333334
0 0.1103125 0.6129166666666667 0.091875 0.1225
1 0.5475 0.6691666666666667 0.1175 0.15666666666666668
0 0.634375 0.18625 0.075 0.10083333333333333