0 0.1371875 0.22875 0.075625 0.09416666666666666
0 0.5553125 0.35 0.071875 0.09333333333333334
0 0.0671875 0.33666666666666667 0.079375 0.1
0 0.949375 0.46958333333333335 0.0675 0.10083333333333333
0 0.28 0.17041666666666666 0.07375 0.09916666666666667
0 0.81625 0.8375 0.08 0.09833333333333333
0 0.8846875 0.76125 0.075625 0.1025
0 0.415 0.7020833333333333 0.06625 0.09083333333333334
0 0.74625 0.56625 0.08125 0.11083333333333334
0 0.2903125 0.4275 0.068125 0.10166666666666667
0 0.4409375 0.16125 0.076875 0.0975
0 0.078125 0.48541666666666666 0.08625 0.1075
0 0.205625 0.27166666666666667 0.07125 0.105
0 0.2434375 0.9466666666666667 0.078125 0.09666666666666666
0 0.4015625 0.44 0.066875 0.09166666666666666
0 0.260625 0.8120833333333334 0.07125 0.10416666666666667
0 0.4915625 0.40541666666666665 0.075625 0.0975
0 0.516875 0.08 0.07375 0.09666666666666666
0 0.095 0.5945833333333334 0.0725 0.10083333333333333
0 0.38625 0.14541666666666667 0.07375 0.12416666666666666
0 0.6840625 0.48625 0.080625 0.1125
0 0.4878125 0.79125 0.076875 0.11083333333333334
0 0.4334375 0.5683333333333334 0.074375 0.095
0 0.91625 0.16166666666666665 0.0925 0.09166666666666666
0 0.3084375 0.5404166666666667 0.074375 0.10083333333333333
0 0.583125 0.15416666666666667 0.07875 0.10166666666666667
0 0.040625 0.12875 0.07125 0.09916666666666667
0 0.675625 0.16666666666666666 0.07375 0.09166666666666666
0 0.5853125 0.7804166666666666 0.078125 0.11083333333333334
0 0.263125 0.5825 0.0825 0.105
0 0.621875 0.91375 0.07125 0.1025
0 0.19625 0.8454166666666667 0.08125 0.09416666666666666
0 0.213125 0.6075 0.06875 0.1
0 0.68375 0.8416666666666667 0.07625 0.11
0 0.81875 0.08083333333333333 0.08625 0.09333333333333334
0 0.089375 0.08041666666666666 0.09 0.09583333333333334
0 0.5121875 0.23833333333333334 0.069375 0.07666666666666666
0 0.17 0.5870833333333333 0.06875 0.1075
0 0.4815625 0.50625 0.078125 0.0925
0 0.23875 0.49125 0.07375 0.07583333333333334
0 0.7078125 0.955 0.070625 0.08666666666666667
0 0.4521875 0.24166666666666667 0.068125 0.09
0 0.61375 0.22875 0.07375 0.09416666666666666
0 0.3228125 0.32666666666666666 0.074375 0.11
0 0.805 0.70875 0.04875 0.12583333333333332
0 0.4715625 0.31833333333333336 0.081875 0.1
0 0.4384375 0.3283333333333333 0.070625 0.09333333333333334
0 0.7471875 0.47833333333333333 0.069375 0.11666666666666667
0 0.2696875 0.0425 0.070625 0.085
0 0.6865625 0.2275 0.125625 0.16333333333333333