0 0.405625 0.6016666666666667 0.07375 0.105
0 0.2853125 0.6179166666666667 0.073125 0.1125
0 0.109375 0.8216666666666667 0.06375 0.08
0 0.8246875 0.7316666666666667 0.074375 0.1
0 0.676875 0.35 0.07125 0.08333333333333333
0 0.2725 0.8833333333333333 0.07 0.09833333333333333
0 0.533125 0.38375 0.06 0.0775
0 0.2353125 0.7079166666666666 0.073125 0.09583333333333334
0 0.186875 0.3616666666666667 0.0775 0.1
0 0.955625 0.3104166666666667 0.07125 0.09416666666666666
0 0.3359375 0.36916666666666664 0.074375 0.09833333333333333
0 0.576875 0.16666666666666666 0.055 0.08
0 0.21875 0.6179166666666667 0.05875 0.07583333333333334
0 0.8471875 0.4475 0.075625 0.11166666666666666
0 0.711875 0.5545833333333333 0.06 0.0875
0 0.8721875 0.6645833333333333 0.068125 0.09083333333333334
0 0.111875 0.44125 0.0575 0.08083333333333333
0 0.4846875 0.1475 0.061875 0.08
0 0.6290625 0.8908333333333334 0.070625 0.08
0 0.21125 0.4970833333333333 0.0625 0.0875
0 0.478125 0.5520833333333334 0.06875 0.08916666666666667
0 0.904375 0.6158333333333333 0.0675 0.08833333333333333
0 0.375 0.20625 0.07 0.08583333333333333
0 0.8146875 0.21458333333333332 0.066875 0.07916666666666666
0 0.6709375 0.8320833333333333 0.064375 0.08083333333333333
0 0.0490625 0.4220833333333333 0.073125 0.0975
0 0.0990625 0.36791666666666667 0.046875 0.0625
0 0.379375 0.30041666666666667 0.065 0.0775
0 0.6725 0.6879166666666666 0.06875 0.08083333333333333
0 0.346875 0.45708333333333334 0.065 0.07583333333333334
0 0.5425 0.8154166666666667 0.06625 0.07416666666666667
0 0.6675 0.2704166666666667 0.06625 0.07583333333333334
0 0.085 0.9508333333333333 0.04875 0.07333333333333333
0 0.249375 0.43416666666666665 0.0525 0.08333333333333333
0 0.7965625 0.9545833333333333 0.070625 0.07583333333333334
0 0.529375 0.6770833333333334 0.065 0.0875
1 0.8028125 0.36583333333333334 0.073125 0.11333333333333333
0 0.5175 0.49 0.06625 0.08
0 0.741875 0.4125 0.06375 0.08666666666666667
0 0.888125 0.90625 0.06 0.07083333333333333
0 0.2825 0.7654166666666666 0.05625 0.07583333333333334
0 0.7271875 0.12666666666666668 0.054375 0.07333333333333333
0 0.425625 0.03166666666666667 0.055 0.06166666666666667
0 0.44625 0.16625 0.06375 0.0875
0 0.8240625 0.13291666666666666 0.048125 0.0925
0 0.055 0.7008333333333333 0.06125 0.08333333333333333
0 0.1884375 0.26416666666666666 0.051875 0.06333333333333334
0 0.5071875 0.7425 0.061875 0.07666666666666666
0 0.45125 0.8429166666666666 0.05625 0.06916666666666667
0 0.1440625 0.9195833333333333 0.059375 0.07583333333333334
0 0.8178125 0.6008333333333333 0.070625 0.09166666666666666
0 0.3959375 0.14333333333333334 0.061875 0.08
0 0.328125 0.21 0.05125 0.06333333333333334
0 0.6490625 0.10625 0.055625 0.07583333333333334
0 0.585 0.46375 0.0825 0.10416666666666667
0 0.604375 0.06541666666666666 0.06125 0.0725
0 0.924375 0.7925 0.05375 0.09
0 0.2884375 0.30083333333333334 0.065625 0.08
0 0.0534375 0.5570833333333334 0.063125 0.08583333333333333
0 0.485 0.42041666666666666 0.04875 0.07083333333333333
0 0.8565625 0.15708333333333332 0.071875 0.08416666666666667
0 0.2078125 0.8325 0.068125 0.08833333333333333
0 0.2296875 0.28583333333333333 0.053125 0.07333333333333333
0 0.481875 0.051666666666666666 0.06375 0.09333333333333334
0 0.63375 0.4075 0.04875 0.06833333333333333
0 0.9446875 0.09583333333333334 0.059375 0.075
0 0.78375 0.5479166666666667 0.0775 0.0875
0 0.066875 0.31125 0.06 0.07416666666666667
0 0.4765625 0.35083333333333333 0.066875 0.08166666666666667
0 0.8875 0.06833333333333333 0.06125 0.085
0 0.901875 0.7295833333333334 0.0575 0.07416666666666667
0 0.4078125 0.7920833333333334 0.056875 0.0725
0 0.6959375 0.06041666666666667 0.056875 0.07416666666666667
0 0.15625 0.6191666666666666 0.0575 0.06833333333333333
0 0.0425 0.5191666666666667 0.06875 0.08833333333333333
0 0.78625 0.45958333333333334 0.05625 0.0775
0 0.600625 0.67625 0.06375 0.07916666666666666
1 0.415 0.9145833333333333 0.085 0.0875
0 0.0621875 0.6666666666666666 0.056875 0.06833333333333333
0 0.859375 0.89875 0.04625 0.07416666666666667
0 0.1034375 0.5320833333333334 0.045625 0.09416666666666666
0 0.518125 0.29291666666666666 0.06625 0.0875
0 0.3859375 0.8454166666666667 0.048125 0.06583333333333333
0 0.693125 0.89625 0.05125 0.0775
0 0.7303125 0.9375 0.056875 0.065
1 0.6196875 0.5554166666666667 0.096875 0.1275
0 0.175 0.19083333333333333 0.04875 0.065
0 0.8653125 0.07333333333333333 0.061875 0.07166666666666667
0 0.8540625 0.5404166666666667 0.048125 0.06916666666666667
0 0.5228125 0.8391666666666666 0.050625 0.08166666666666667
1 0.866875 0.29833333333333334 0.09375 0.11666666666666667
0 0.0325 0.2633333333333333 0.05375 0.07166666666666667
0 0.88125 0.22333333333333333 0.0525 0.07
0 0.4234375 0.7670833333333333 0.069375 0.07916666666666666
0 0.58 0.7466666666666667 0.07375 0.051666666666666666
0 0.2315625 0.805 0.063125 0.075