0 0.6046875 0.32375 0.091875 0.1225
0 0.688125 0.505 0.085 0.11333333333333333
0 0.4221875 0.06458333333333334 0.084375 0.1125
0 0.44 0.18666666666666668 0.09875 0.13166666666666665
0 0.5125 0.20708333333333334 0.09625 0.1275
0 0.2946875 0.7129166666666666 0.095625 0.1275
0 0.370625 0.4041666666666667 0.09875 0.13166666666666665
0 0.7921875 0.09083333333333334 0.104375 0.13833333333333334
0 0.7384375 0.4091666666666667 0.101875 0.13666666666666666
0 0.406875 0.265 0.09 0.12
0 0.17125 0.3933333333333333 0.1025 0.13666666666666666
0 0.131875 0.6170833333333333 0.1025 0.13583333333333333
0 0.5765625 0.06958333333333333 0.088125 0.1175
0 0.7303125 0.26875 0.099375 0.1325
0 0.5384375 0.8583333333333333 0.099375 0.13333333333333333
0 0.6859375 0.7058333333333333 0.096875 0.13
0 0.441875 0.7841666666666667 0.0925 0.12333333333333334
0 0.8790625 0.3595833333333333 0.084375 0.1125
0 0.7078125 0.62625 0.086875 0.11583333333333333
0 0.236875 0.23083333333333333 0.0975 0.13
0 0.645 0.6166666666666667 0.08125 0.10833333333333334
0 0.5715625 0.6554166666666666 0.091875 0.1225
0 0.14875 0.6758333333333333 0.09625 0.12833333333333333
0 0.42875 0.43333333333333335 0.10125 0.135
0 0.7965625 0.3545833333333333 0.076875 0.1025
0 0.46625 0.5858333333333333 0.08 0.10666666666666667
0 0.529375 0.11916666666666667 0.08 0.10666666666666667
0 0.34 0.49083333333333334 0.105 0.14
0 0.31625 0.9070833333333334 0.09625 0.1275
0 0.901875 0.6008333333333333 0.09625 0.12833333333333333
0 0.796875 0.5258333333333334 0.08125 0.10833333333333334
0 0.670625 0.31333333333333335 0.11125 0.14833333333333334
0 0.6640625 0.7995833333333333 0.100625 0.13416666666666666
0 0.0528125 0.7345833333333334 0.104375 0.13916666666666666
0 0.6121875 0.8716666666666667 0.083125 0.11166666666666666
0 0.1490625 0.7404166666666666 0.083125 0.11083333333333334
0 0.0903125 0.42916666666666664 0.095625 0.12833333333333333
0 0.268125 0.5575 0.07375 0.09833333333333333
0 0.255 0.4125 0.085 0.11333333333333333
0 0.7525 0.15916666666666668 0.07375 0.09833333333333333
1 0.6621875 0.08375 0.111875 0.14916666666666667
0 0.218125 0.90625 0.085 0.1125
0 0.8071875 0.16833333333333333 0.075625 0.1
0 0.5625 0.7625 0.07125 0.095
0 0.579375 0.15 0.0825 0.11
0 0.6071875 0.5620833333333334 0.075625 0.10083333333333333
0 0.29875 0.795 0.08 0.10666666666666667
0 0.6090625 0.795 0.075625 0.10166666666666667
0 0.7403125 0.62375 0.086875 0.11583333333333333
0 0.8725 0.1225 0.07125 0.095
0 0.7525 0.6945833333333333 0.0775 0.1025
0 0.804375 0.7366666666666667 0.09375 0.125
0 0.2 0.7891666666666667 0.0875 0.11666666666666667
0 0.87 0.19 0.08 0.10666666666666667
0 0.3071875 0.6029166666666667 0.069375 0.0925
0 0.95625 0.24541666666666667 0.08 0.1075
0 0.1190625 0.46625 0.086875 0.11583333333333333
0 0.28 0.4633333333333333 0.07625 0.10166666666666667
0 0.783125 0.23166666666666666 0.08125 0.10833333333333334
0 0.924375 0.19541666666666666 0.075 0.09916666666666667
0 0.16625 0.5041666666666667 0.085 0.11333333333333333
0 0.8353125 0.23041666666666666 0.066875 0.08916666666666667
0 0.251875 0.7779166666666667 0.07 0.0925
0 0.525625 0.28125 0.0725 0.09583333333333334
0 0.138125 0.33 0.07125 0.095
0 0.4671875 0.5020833333333333 0.073125 0.0975
0 0.0540625 0.64375 0.070625 0.09416666666666666