0 0.694375 0.27 0.105 0.14
0 0.67125 0.455 0.10125 0.135
0 0.796875 0.12333333333333334 0.09375 0.125
0 0.548125 0.6533333333333333 0.10625 0.14166666666666666
0 0.664375 0.69625 0.105 0.13916666666666666
0 0.7621875 0.34625 0.094375 0.12583333333333332
0 0.813125 0.29625 0.1075 0.1425
0 0.1765625 0.6933333333333334 0.108125 0.145
0 0.655625 0.37416666666666665 0.1025 0.13666666666666666
0 0.578125 0.3179166666666667 0.11125 0.1475
0 0.440625 0.1075 0.1075 0.14333333333333334
0 0.51 0.48791666666666667 0.11125 0.14916666666666667
0 0.5328125 0.11958333333333333 0.105625 0.14083333333333334
0 0.429375 0.225 0.10375 0.13833333333333334
0 0.675 0.5666666666666667 0.1125 0.15
0 0.5028125 0.36291666666666667 0.124375 0.16583333333333333
1 0.9103125 0.35625 0.126875 0.16916666666666666
0 0.9403125 0.48125 0.116875 0.15583333333333332
1 0.5425 0.21083333333333334 0.1175 0.15666666666666668