0 0.515 0.32375 0.085 0.10583333333333333
0 0.335625 0.69375 0.075 0.09416666666666666
0 0.8353125 0.62125 0.078125 0.0975
0 0.32875 0.56875 0.07375 0.08583333333333333
0 0.47 0.16333333333333333 0.0725 0.09666666666666666
0 0.6525 0.5729166666666666 0.085 0.10416666666666667
0 0.1746875 0.7433333333333333 0.086875 0.08833333333333333
0 0.7303125 0.22916666666666666 0.093125 0.10833333333333334
0 0.2765625 0.9520833333333333 0.075625 0.09083333333333334
0 0.3153125 0.24041666666666667 0.085625 0.1075
0 0.2103125 0.14375 0.068125 0.13083333333333333
0 0.4575 0.8679166666666667 0.0625 0.1075
0 0.6434375 0.06875 0.073125 0.09416666666666666
0 0.8325 0.31916666666666665 0.08 0.10666666666666667
0 0.395 0.8783333333333333 0.07625 0.105
0 0.6628125 0.2725 0.086875 0.10666666666666667
0 0.506875 0.7975 0.07375 0.11166666666666666
0 0.53125 0.8579166666666667 0.07625 0.0925
0 0.219375 0.8904166666666666 0.0775 0.10083333333333333