0 0.7734375 0.43583333333333335 0.083125 0.11333333333333333
0 0.4953125 0.6491666666666667 0.061875 0.10833333333333334
0 0.640625 0.6745833333333333 0.06625 0.08083333333333333
0 0.4590625 0.8204166666666667 0.075625 0.11083333333333334
0 0.3659375 0.6466666666666666 0.066875 0.1
1 0.2653125 0.8804166666666666 0.091875 0.1325
0 0.20625 0.7283333333333334 0.0675 0.08833333333333333
0 0.7046875 0.6183333333333333 0.070625 0.11
0 0.4840625 0.24208333333333334 0.071875 0.1075
0 0.7553125 0.94875 0.071875 0.09583333333333334
0 0.180625 0.05375 0.0725 0.10083333333333333
0 0.2253125 0.6541666666666667 0.073125 0.08833333333333333
0 0.6190625 0.7470833333333333 0.071875 0.10083333333333333
0 0.4034375 0.7033333333333334 0.070625 0.11166666666666666
0 0.7621875 0.08916666666666667 0.071875 0.10166666666666667
0 0.6221875 0.14541666666666667 0.075625 0.11583333333333333
0 0.5746875 0.3425 0.070625 0.09
1 0.7209375 0.06916666666666667 0.080625 0.10666666666666667
0 0.4121875 0.45625 0.079375 0.0925
0 0.2903125 0.57875 0.070625 0.09416666666666666
0 0.271875 0.55375 0.07 0.11916666666666667
0 0.22375 0.9295833333333333 0.06875 0.0975
0 0.4071875 0.49416666666666664 0.069375 0.105
0 0.4896875 0.26958333333333334 0.086875 0.09916666666666667