0 0.201875 0.09083333333333334 0.09125 0.12166666666666667
0 0.2678125 0.465 0.100625 0.135
0 0.585625 0.6833333333333333 0.11125 0.14833333333333334
0 0.5615625 0.29791666666666666 0.104375 0.13916666666666666
0 0.19625 0.3983333333333333 0.08875 0.11833333333333333
0 0.5340625 0.13125 0.118125 0.1575
0 0.160625 0.2075 0.1 0.13333333333333333
0 0.233125 0.7625 0.10875 0.145
0 0.2865625 0.21541666666666667 0.081875 0.10916666666666666
0 0.436875 0.13666666666666666 0.1075 0.14333333333333334
0 0.193125 0.28291666666666665 0.08875 0.11916666666666667
0 0.5453125 0.45125 0.099375 0.1325
0 0.839375 0.3516666666666667 0.1125 0.15
0 0.16875 0.5958333333333333 0.1075 0.14333333333333334
0 0.1409375 0.5104166666666666 0.101875 0.13583333333333333
0 0.4134375 0.46375 0.094375 0.12583333333333332
0 0.371875 0.39916666666666667 0.0875 0.11666666666666667
0 0.8575 0.6566666666666666 0.09875 0.13166666666666665
0 0.9209375 0.56875 0.100625 0.13416666666666666
0 0.0871875 0.27708333333333335 0.098125 0.13083333333333333
0 0.5790625 0.7791666666666667 0.104375 0.14
0 0.370625 0.8425 0.1125 0.15
0 0.6228125 0.37125 0.099375 0.1325
0 0.2496875 0.28 0.105625 0.14
0 0.780625 0.6991666666666667 0.09125 0.12166666666666667
0 0.1815625 0.5341666666666667 0.090625 0.12166666666666667
0 0.614375 0.4683333333333333 0.11 0.14666666666666667
0 0.425 0.6025 0.10125 0.135
0 0.915 0.47333333333333333 0.11 0.14666666666666667
0 0.396875 0.5291666666666667 0.08625 0.115
0 0.5209375 0.58625 0.090625 0.12083333333333333
0 0.9290625 0.7754166666666666 0.086875 0.11583333333333333
0 0.6909375 0.7633333333333333 0.100625 0.13333333333333333
0 0.6709375 0.25666666666666665 0.105625 0.14
0 0.6925 0.6975 0.1075 0.14333333333333334
0 0.4890625 0.7254166666666667 0.094375 0.12583333333333332
0 0.37 0.28041666666666665 0.09875 0.1325
0 0.305 0.10166666666666667 0.0925 0.12333333333333334
0 0.4090625 0.3254166666666667 0.105625 0.14083333333333334
0 0.3496875 0.7441666666666666 0.100625 0.13333333333333333
0 0.546875 0.8754166666666666 0.0975 0.13083333333333333
1 0.809375 0.8529166666666667 0.1175 0.1575
0 0.25875 0.1425 0.09375 0.125
1 0.6434375 0.88625 0.141875 0.18916666666666668
1 0.330625 0.6516666666666666 0.12125 0.16166666666666665
1 0.4040625 0.7720833333333333 0.134375 0.17916666666666667
0 0.441875 0.75375 0.085 0.1125
0 0.4078125 0.6541666666666667 0.095625 0.12666666666666668
0 0.10125 0.22583333333333333 0.1 0.13333333333333333
0 0.878125 0.8666666666666667 0.09625 0.12833333333333333
0 0.59625 0.8333333333333334 0.095 0.12666666666666668
0 0.589375 0.9120833333333334 0.0825 0.10916666666666666
0 0.504375 0.5595833333333333 0.08625 0.11416666666666667
1 0.7471875 0.6345833333333334 0.160625 0.21416666666666667