0 0.2390625 0.7379166666666667 0.068125 0.08583333333333333
0 0.7334375 0.8433333333333334 0.060625 0.08166666666666667
0 0.1990625 0.10083333333333333 0.065625 0.08
0 0.598125 0.725 0.06625 0.08666666666666667
0 0.2690625 0.53625 0.064375 0.08583333333333333
0 0.318125 0.8754166666666666 0.0675 0.0925
0 0.3321875 0.07333333333333333 0.056875 0.09166666666666666
0 0.6565625 0.8720833333333333 0.061875 0.0925
0 0.203125 0.42083333333333334 0.07 0.08
0 0.19875 0.8833333333333333 0.0725 0.09166666666666666
0 0.2221875 0.30833333333333335 0.066875 0.08333333333333333
0 0.271875 0.815 0.065 0.09
0 0.718125 0.5095833333333334 0.06375 0.08916666666666667
0 0.62625 0.20833333333333334 0.075 0.1
0 0.5284375 0.07458333333333333 0.064375 0.0775
0 0.51875 0.53625 0.06625 0.08916666666666667
0 0.759375 0.5329166666666667 0.065 0.0925
0 0.43125 0.6629166666666667 0.06375 0.09083333333333334
0 0.524375 0.7291666666666666 0.06125 0.08666666666666667
0 0.42875 0.34708333333333335 0.07625 0.0975
0 0.514375 0.25625 0.07375 0.09583333333333334
0 0.6128125 0.4820833333333333 0.066875 0.08583333333333333
0 0.4575 0.465 0.05625 0.07666666666666666
0 0.2696875 0.6275 0.073125 0.10333333333333333
0 0.7975 0.44083333333333335 0.06375 0.08
0 0.7178125 0.30541666666666667 0.068125 0.09416666666666666
0 0.3603125 0.3433333333333333 0.060625 0.08833333333333333
0 0.395 0.74625 0.07 0.09583333333333334
0 0.7203125 0.5975 0.068125 0.085
0 0.5071875 0.15541666666666668 0.074375 0.08083333333333333
0 0.7 0.11833333333333333 0.0725 0.08833333333333333
0 0.5734375 0.81625 0.068125 0.0975
0 0.760625 0.6666666666666666 0.0625 0.08
0 0.7946875 0.6116666666666667 0.070625 0.08
0 0.2753125 0.042916666666666665 0.054375 0.07916666666666666
0 0.67375 0.2775 0.065 0.08666666666666667
0 0.7478125 0.9220833333333334 0.060625 0.07416666666666667
0 0.351875 0.7491666666666666 0.065 0.07833333333333334
0 0.6234375 0.0925 0.085625 0.08166666666666667
0 0.724375 0.07416666666666667 0.06375 0.09166666666666666