0 0.4490625 0.83125 0.095625 0.1275
0 0.6196875 0.82875 0.103125 0.1375
0 0.895 0.595 0.1025 0.13666666666666666
0 0.396875 0.295 0.1075 0.14333333333333334
0 0.1609375 0.8508333333333333 0.090625 0.12166666666666667
0 0.556875 0.12375 0.0925 0.12416666666666666
0 0.3734375 0.12291666666666666 0.098125 0.13083333333333333
0 0.8075 0.69625 0.11 0.1475
0 0.66 0.2654166666666667 0.1 0.1325
0 0.4428125 0.4170833333333333 0.096875 0.12916666666666668
0 0.7084375 0.2075 0.099375 0.13166666666666665
0 0.2078125 0.7641666666666667 0.094375 0.125
0 0.3478125 0.8108333333333333 0.101875 0.135
0 0.941875 0.31125 0.10625 0.14083333333333334
0 0.3375 0.24916666666666668 0.10125 0.135
0 0.27375 0.22916666666666666 0.0975 0.13
0 0.8940625 0.17416666666666666 0.099375 0.13333333333333333
0 0.2828125 0.8033333333333333 0.090625 0.12
0 0.6834375 0.6308333333333334 0.106875 0.14333333333333334
1 0.209375 0.8975 0.1075 0.14333333333333334
0 0.1359375 0.5320833333333334 0.096875 0.12916666666666668
0 0.5121875 0.3958333333333333 0.103125 0.13666666666666666
0 0.833125 0.19583333333333333 0.09125 0.12166666666666667