0 0.52 0.915 0.09375 0.125
0 0.1790625 0.7033333333333334 0.088125 0.11666666666666667
0 0.213125 0.6208333333333333 0.1025 0.13666666666666666
0 0.8159375 0.38125 0.088125 0.1175
0 0.1425 0.6258333333333334 0.09 0.12
0 0.7878125 0.8204166666666667 0.099375 0.1325
0 0.3865625 0.5429166666666667 0.100625 0.13416666666666666
0 0.396875 0.3416666666666667 0.09375 0.125
0 0.319375 0.28833333333333333 0.10125 0.135
0 0.635625 0.745 0.0875 0.11666666666666667
0 0.3590625 0.45666666666666667 0.095625 0.12666666666666668
0 0.15 0.5033333333333333 0.0975 0.13
0 0.4771875 0.10208333333333333 0.090625 0.12083333333333333
0 0.52125 0.5045833333333334 0.09 0.12083333333333333
0 0.7028125 0.5683333333333334 0.088125 0.11666666666666667
0 0.0634375 0.4170833333333333 0.095625 0.1275
0 0.6225 0.14291666666666666 0.0875 0.11583333333333333
0 0.54875 0.35375 0.08625 0.11583333333333333
0 0.635 0.5425 0.0975 0.13
0 0.9315625 0.7495833333333334 0.096875 0.12916666666666668
0 0.8865625 0.5595833333333333 0.113125 0.15083333333333335
0 0.2196875 0.46375 0.085625 0.11416666666666667
0 0.5734375 0.8745833333333334 0.099375 0.1325
0 0.783125 0.6325 0.08375 0.11166666666666666
0 0.431875 0.19833333333333333 0.095 0.12666666666666668
0 0.2340625 0.7220833333333333 0.093125 0.12416666666666666
0 0.5021875 0.18541666666666667 0.083125 0.11083333333333334
0 0.6934375 0.14041666666666666 0.096875 0.12916666666666668
0 0.3778125 0.6920833333333334 0.093125 0.12416666666666666
0 0.23875 0.10083333333333333 0.0975 0.13
0 0.950625 0.4875 0.0975 0.13
0 0.6203125 0.2375 0.098125 0.13166666666666665
0 0.8446875 0.66625 0.083125 0.11083333333333334
0 0.455625 0.30041666666666667 0.0825 0.11083333333333334
0 0.3071875 0.40958333333333335 0.099375 0.1325
0 0.135625 0.17458333333333334 0.10125 0.13416666666666666
0 0.07 0.26125 0.09375 0.12416666666666666
0 0.28625 0.20666666666666667 0.0875 0.11666666666666667
0 0.226875 0.3475 0.1025 0.13666666666666666
0 0.8134375 0.5195833333333333 0.093125 0.12416666666666666
0 0.1321875 0.3070833333333333 0.090625 0.12083333333333333
0 0.21375 0.25333333333333335 0.09625 0.12833333333333333
0 0.684375 0.6833333333333333 0.12 0.16
0 0.1453125 0.4066666666666667 0.089375 0.11833333333333333
0 0.844375 0.86875 0.1025 0.1375
0 0.6140625 0.45875 0.083125 0.11083333333333334
0 0.4596875 0.6741666666666667 0.104375 0.13833333333333334
0 0.8384375 0.78375 0.088125 0.1175
0 0.316875 0.58875 0.09125 0.12083333333333333
0 0.28625 0.4875 0.09125 0.12166666666666667
0 0.5484375 0.10583333333333333 0.090625 0.12
0 0.4540625 0.7445833333333334 0.098125 0.13083333333333333
0 0.5453125 0.23291666666666666 0.090625 0.12083333333333333
0 0.675625 0.8208333333333333 0.09125 0.12166666666666667
0 0.3553125 0.15125 0.081875 0.10916666666666666
0 0.7340625 0.91875 0.093125 0.12416666666666666
0 0.3871875 0.09208333333333334 0.084375 0.1125
0 0.7375 0.7433333333333333 0.0925 0.12333333333333334
0 0.6234375 0.85625 0.084375 0.1125
0 0.52875 0.8075 0.0825 0.11
0 0.3021875 0.7429166666666667 0.084375 0.1125
0 0.2778125 0.58375 0.098125 0.13083333333333333
0 0.5634375 0.1825 0.103125 0.13666666666666666
0 0.265625 0.3729166666666667 0.11625 0.15583333333333332
0 0.383125 0.87625 0.09 0.12083333333333333
0 0.8828125 0.4325 0.095625 0.12666666666666668
0 0.16875 0.09666666666666666 0.095 0.12666666666666668
0 0.4640625 0.43833333333333335 0.075625 0.10166666666666667
0 0.0775 0.48083333333333333 0.07625 0.10166666666666667
0 0.694375 0.24333333333333335 0.09125 0.12166666666666667
0 0.455625 0.8691666666666666 0.0875 0.11666666666666667
0 0.3665625 0.7808333333333334 0.083125 0.11
0 0.0884375 0.31625 0.090625 0.12083333333333333
0 0.6465625 0.36791666666666667 0.085625 0.11416666666666667
0 0.4471875 0.5791666666666667 0.090625 0.12
0 0.0715625 0.5604166666666667 0.090625 0.12083333333333333
0 0.7459375 0.1925 0.090625 0.12
0 0.5853125 0.6816666666666666 0.095625 0.12833333333333333
0 0.51 0.665 0.0825 0.11
0 0.581875 0.6104166666666667 0.08125 0.1075
0 0.32 0.8954166666666666 0.10125 0.13416666666666666
1 0.71625 0.86 0.12625 0.16833333333333333
0 0.704375 0.4633333333333333 0.08375 0.11166666666666666
0 0.70625 0.43333333333333335 0.08875 0.11833333333333333
0 0.3846875 0.8275 0.089375 0.11833333333333333
0 0.45375 0.9083333333333333 0.08375 0.11166666666666666
0 0.079375 0.17583333333333334 0.08875 0.11833333333333333
0 0.1475 0.27458333333333335 0.0825 0.10916666666666666
0 0.2334375 0.23791666666666667 0.094375 0.12583333333333332
0 0.168125 0.415 0.08625 0.115
0 0.349375 0.1925 0.09375 0.125
0 0.294375 0.17916666666666667 0.0825 0.11
0 0.428125 0.09375 0.08125 0.10916666666666666
0 0.5996875 0.2679166666666667 0.085625 0.11416666666666667
0 0.6696875 0.07375 0.085625 0.11416666666666667
0 0.77 0.21833333333333332 0.08625 0.115
0 0.4790625 0.3020833333333333 0.075625 0.10083333333333333
0 0.715 0.27666666666666667 0.09625 0.12833333333333333
0 0.6840625 0.2941666666666667 0.096875 0.12833333333333333
0 0.5703125 0.07 0.086875 0.11666666666666667
0 0.560625 0.595 0.08375 0.11166666666666666
0 0.9334375 0.65125 0.088125 0.1175
0 0.8921875 0.40541666666666665 0.090625 0.12083333333333333
0 0.6896875 0.7454166666666666 0.086875 0.11583333333333333
0 0.6334375 0.43625 0.098125 0.13083333333333333
0 0.623125 0.3725 0.085 0.11333333333333333
0 0.764375 0.7579166666666667 0.09 0.12083333333333333
0 0.3196875 0.7104166666666667 0.089375 0.11916666666666667
0 0.510625 0.78 0.085 0.11333333333333333
0 0.43125 0.4266666666666667 0.09375 0.125
0 0.4515625 0.54375 0.086875 0.11583333333333333
0 0.503125 0.6320833333333333 0.075 0.10083333333333333
0 0.259375 0.5233333333333333 0.06875 0.09166666666666666
0 0.5796875 0.7170833333333333 0.093125 0.12416666666666666
0 0.335 0.6070833333333333 0.0925 0.12416666666666666
0 0.4021875 0.69625 0.085625 0.11416666666666667
0 0.4253125 0.46208333333333335 0.076875 0.1025
0 0.5528125 0.7379166666666667 0.069375 0.0925
0 0.48125 0.19541666666666666 0.08 0.1075
0 0.8284375 0.49916666666666665 0.083125 0.11