0 0.179375 0.7425 0.095 0.12666666666666668
0 0.2196875 0.32416666666666666 0.104375 0.13833333333333334
0 0.2915625 0.34541666666666665 0.101875 0.13583333333333333
0 0.906875 0.19166666666666668 0.10375 0.13833333333333334
0 0.5175 0.3408333333333333 0.09625 0.12833333333333333
0 0.21375 0.6325 0.105 0.14
0 0.93 0.4975 0.1075 0.14333333333333334
0 0.4975 0.7091666666666666 0.0875 0.11666666666666667
0 0.6059375 0.5129166666666667 0.095625 0.1275
0 0.4415625 0.27208333333333334 0.101875 0.13583333333333333
0 0.5778125 0.795 0.091875 0.12333333333333334
0 0.63 0.44 0.1025 0.13666666666666666
0 0.6553125 0.89125 0.098125 0.13083333333333333
0 0.6675 0.7008333333333333 0.08125 0.10833333333333334
0 0.358125 0.2175 0.1075 0.14333333333333334
0 0.509375 0.4116666666666667 0.09625 0.12833333333333333
0 0.6159375 0.115 0.094375 0.12666666666666668
0 0.2415625 0.705 0.108125 0.14333333333333334
0 0.465 0.4454166666666667 0.1 0.13416666666666666
0 0.5303125 0.8795833333333334 0.098125 0.13083333333333333
0 0.5390625 0.7566666666666667 0.098125 0.13
0 0.5740625 0.5766666666666667 0.096875 0.12833333333333333
0 0.2578125 0.49083333333333334 0.106875 0.14333333333333334
0 0.515625 0.13 0.11125 0.14833333333333334
0 0.8434375 0.33958333333333335 0.089375 0.11916666666666667
0 0.639375 0.585 0.0975 0.13
0 0.1528125 0.3416666666666667 0.109375 0.145
0 0.4421875 0.7979166666666667 0.114375 0.1525
0 0.8484375 0.5720833333333334 0.108125 0.14416666666666667
0 0.7346875 0.35041666666666665 0.106875 0.1425
0 0.2390625 0.8070833333333334 0.096875 0.12916666666666668
0 0.69375 0.08583333333333333 0.1025 0.13666666666666666
0 0.813125 0.6816666666666666 0.095 0.12666666666666668
0 0.580625 0.8883333333333333 0.09625 0.12833333333333333
0 0.369375 0.785 0.12 0.16
0 0.3340625 0.9270833333333334 0.093125 0.12416666666666666
0 0.6234375 0.715 0.108125 0.14333333333333334
0 0.2534375 0.9308333333333333 0.095625 0.12666666666666668
0 0.4784375 0.49666666666666665 0.108125 0.14333333333333334
0 0.6709375 0.8025 0.090625 0.12166666666666667
0 0.1078125 0.8208333333333333 0.111875 0.14833333333333334
0 0.429375 0.5304166666666666 0.1025 0.1375
0 0.0790625 0.505 0.095625 0.12666666666666668
0 0.8028125 0.33625 0.106875 0.1425
0 0.508125 0.5741666666666667 0.105 0.14
0 0.11 0.5275 0.09625 0.12833333333333333
0 0.27125 0.805 0.09375 0.125
0 0.655625 0.10833333333333334 0.09125 0.12166666666666667
0 0.7809375 0.625 0.105625 0.14
0 0.1159375 0.4025 0.106875 0.14333333333333334
0 0.6615625 0.36875 0.108125 0.14416666666666667
0 0.665625 0.17416666666666666 0.12 0.16
0 0.9121875 0.40208333333333335 0.098125 0.13083333333333333
0 0.6909375 0.78625 0.104375 0.13916666666666666