0 0.771875 0.7275 0.07625 0.09833333333333333
0 0.589375 0.58 0.08 0.095
0 0.6528125 0.305 0.080625 0.08833333333333333
0 0.775 0.34291666666666665 0.0725 0.09416666666666666
0 0.6353125 0.7329166666666667 0.074375 0.1025
0 0.11875 0.058333333333333334 0.0625 0.085
0 0.375 0.63875 0.0725 0.0925
0 0.24875 0.9570833333333333 0.06875 0.0825
0 0.8428125 0.14333333333333334 0.075625 0.09833333333333333
0 0.1921875 0.20625 0.075625 0.0975
0 0.380625 0.8654166666666666 0.0725 0.09083333333333334
0 0.758125 0.23708333333333334 0.08 0.08083333333333333
0 0.106875 0.30916666666666665 0.06875 0.09666666666666666
0 0.288125 0.22125 0.07 0.09583333333333334
0 0.4753125 0.7970833333333334 0.078125 0.10416666666666667
0 0.55875 0.42291666666666666 0.07 0.0875
0 0.69125 0.06958333333333333 0.06625 0.0925
0 0.883125 0.6633333333333333 0.075 0.10666666666666667
0 0.69875 0.44625 0.07625 0.1025
0 0.0590625 0.6358333333333334 0.068125 0.09333333333333334
0 0.4484375 0.46 0.070625 0.09
0 0.5525 0.7470833333333333 0.075 0.0925
0 0.2340625 0.7966666666666666 0.068125 0.09833333333333333
0 0.199375 0.2925 0.07625 0.095
0 0.56625 0.9266666666666666 0.085 0.11166666666666666
0 0.505 0.12791666666666668 0.0725 0.08416666666666667
0 0.4340625 0.31125 0.074375 0.0925
0 0.5690625 0.49583333333333335 0.088125 0.08166666666666667
0 0.374375 0.9470833333333334 0.07 0.08583333333333333
0 0.096875 0.54125 0.07125 0.1025
0 0.4859375 0.28375 0.079375 0.10916666666666666
1 0.75375 0.9420833333333334 0.07375 0.10416666666666667
0 0.44 0.07208333333333333 0.0825 0.0975
0 0.1640625 0.5583333333333333 0.068125 0.085
0 0.7203125 0.17541666666666667 0.070625 0.0975
0 0.646875 0.47541666666666665 0.07375 0.1075
0 0.1071875 0.8520833333333333 0.070625 0.07916666666666666
0 0.2528125 0.89125 0.079375 0.09083333333333334
0 0.1409375 0.5033333333333333 0.068125 0.10333333333333333
0 0.791875 0.07083333333333333 0.08125 0.1
0 0.8909375 0.3729166666666667 0.090625 0.08583333333333333
0 0.91125 0.8433333333333334 0.06 0.085
0 0.9503125 0.30916666666666665 0.079375 0.1
0 0.958125 0.7391666666666666 0.08125 0.085
0 0.4821875 0.8820833333333333 0.065625 0.07916666666666666