0 0.7121875 0.07458333333333333 0.075625 0.1075
0 0.675 0.83625 0.0825 0.10583333333333333
0 0.8075 0.6604166666666667 0.07125 0.10583333333333333
0 0.32875 0.23541666666666666 0.07625 0.10916666666666666
0 0.61125 0.1625 0.08 0.10333333333333333
0 0.2034375 0.8425 0.089375 0.10333333333333333
0 0.246875 0.37041666666666667 0.105 0.09083333333333334
0 0.6584375 0.7125 0.073125 0.095
0 0.3365625 0.6504166666666666 0.083125 0.10916666666666666
0 0.45625 0.2633333333333333 0.09125 0.10666666666666667
0 0.7859375 0.8716666666666667 0.076875 0.09666666666666666
0 0.7415625 0.6404166666666666 0.080625 0.11083333333333334
0 0.755 0.44 0.0725 0.105
0 0.3603125 0.4525 0.085625 0.10666666666666667
0 0.65875 0.23666666666666666 0.08 0.10833333333333334
0 0.8284375 0.85375 0.076875 0.09583333333333334
0 0.2646875 0.27208333333333334 0.063125 0.0925
1 0.4621875 0.4195833333333333 0.104375 0.08916666666666667
0 0.2334375 0.26 0.085625 0.085