0 0.355625 0.1125 0.085 0.11333333333333333
0 0.5803125 0.10375 0.095625 0.1275
0 0.5553125 0.29625 0.098125 0.13083333333333333
0 0.214375 0.3908333333333333 0.10125 0.135
0 0.4896875 0.9095833333333333 0.098125 0.13083333333333333
0 0.793125 0.42833333333333334 0.095 0.12666666666666668
0 0.125 0.42 0.09 0.12
0 0.2771875 0.705 0.093125 0.12333333333333334
0 0.2040625 0.7070833333333333 0.094375 0.12583333333333332
0 0.3865625 0.8683333333333333 0.086875 0.11666666666666667
0 0.1428125 0.7820833333333334 0.101875 0.13583333333333333
0 0.5809375 0.21041666666666667 0.093125 0.12416666666666666
0 0.335625 0.24541666666666667 0.0975 0.13083333333333333
0 0.78375 0.13333333333333333 0.09875 0.13166666666666665
0 0.518125 0.5975 0.0875 0.11666666666666667
0 0.318125 0.35125 0.10125 0.13416666666666666
0 0.65375 0.6333333333333333 0.09375 0.125
0 0.5215625 0.16541666666666666 0.091875 0.1225
0 0.430625 0.15833333333333333 0.0925 0.12333333333333334
0 0.22125 0.6058333333333333 0.085 0.11333333333333333
0 0.3421875 0.45208333333333334 0.099375 0.1325
0 0.885625 0.3725 0.10125 0.135
0 0.490625 0.34 0.08875 0.11833333333333333
0 0.371875 0.7095833333333333 0.09 0.12083333333333333
0 0.164375 0.91875 0.09125 0.12083333333333333
0 0.1565625 0.63375 0.089375 0.11916666666666667
0 0.2521875 0.245 0.091875 0.12166666666666667
0 0.6378125 0.15416666666666667 0.088125 0.11666666666666667
0 0.6584375 0.34541666666666665 0.089375 0.11916666666666667
0 0.6746875 0.5433333333333333 0.094375 0.12666666666666668
0 0.5203125 0.7104166666666667 0.091875 0.1225
0 0.63125 0.4375 0.09125 0.12166666666666667
0 0.6421875 0.7229166666666667 0.088125 0.1175
0 0.9040625 0.23791666666666667 0.095625 0.1275
0 0.6809375 0.25375 0.085625 0.11416666666666667
0 0.5284375 0.8404166666666667 0.079375 0.10583333333333333
0 0.694375 0.7833333333333333 0.0975 0.13
0 0.74375 0.2075 0.09 0.12
0 0.3090625 0.77625 0.091875 0.1225
0 0.44125 0.53375 0.09 0.11916666666666667
0 0.8159375 0.67375 0.096875 0.12916666666666668
0 0.7434375 0.5795833333333333 0.091875 0.1225
0 0.154375 0.49583333333333335 0.09625 0.12833333333333333
0 0.405625 0.425 0.09 0.12
0 0.940625 0.47875 0.085 0.11416666666666667
0 0.569375 0.7808333333333334 0.0975 0.13
0 0.829375 0.3025 0.09625 0.12833333333333333
0 0.9165625 0.5720833333333334 0.098125 0.13083333333333333
0 0.5840625 0.5533333333333333 0.091875 0.12333333333333334
0 0.621875 0.8491666666666666 0.09125 0.12166666666666667
0 0.410625 0.3304166666666667 0.08625 0.11583333333333333
0 0.4734375 0.6295833333333334 0.089375 0.11916666666666667
0 0.2896875 0.5804166666666667 0.104375 0.13916666666666666
0 0.720625 0.39416666666666667 0.09375 0.125
0 0.4859375 0.5129166666666667 0.094375 0.12583333333333332
0 0.3875 0.53875 0.09 0.12083333333333333
0 0.7803125 0.32375 0.095625 0.1275
0 0.5890625 0.41041666666666665 0.088125 0.1175
0 0.324375 0.6058333333333333 0.0925 0.12333333333333334
0 0.3825 0.5895833333333333 0.1 0.1325
0 0.1959375 0.81375 0.076875 0.1025
0 0.0640625 0.60875 0.108125 0.14416666666666667
0 0.6828125 0.7095833333333333 0.078125 0.10416666666666667
0 0.16 0.30291666666666667 0.09875 0.1325
0 0.0628125 0.4454166666666667 0.093125 0.12416666666666666
0 0.100625 0.8541666666666666 0.08625 0.115
1 0.23875 0.7920833333333334 0.08125 0.1075
0 0.7275 0.47833333333333333 0.0875 0.11666666666666667
0 0.9459375 0.44083333333333335 0.080625 0.10666666666666667
0 0.7403125 0.8308333333333333 0.075625 0.10166666666666667
0 0.86375 0.6579166666666667 0.09 0.11916666666666667
0 0.685625 0.20541666666666666 0.07375 0.09916666666666667
0 0.0953125 0.5954166666666667 0.079375 0.10583333333333333