0 0.4 0.28875 0.07375 0.0975
0 0.374375 0.64125 0.07 0.0975
0 0.3109375 0.8916666666666667 0.064375 0.09
0 0.1896875 0.47458333333333336 0.073125 0.09416666666666666
0 0.3509375 0.4979166666666667 0.076875 0.09416666666666666
0 0.268125 0.8416666666666667 0.0675 0.08833333333333333
0 0.696875 0.3770833333333333 0.05375 0.0775
0 0.4353125 0.07291666666666667 0.073125 0.09083333333333334
0 0.8825 0.10458333333333333 0.06375 0.07916666666666666
0 0.2090625 0.23291666666666666 0.071875 0.09416666666666666
0 0.2846875 0.5025 0.065625 0.09
0 0.7165625 0.20541666666666666 0.074375 0.0825
0 0.56125 0.4404166666666667 0.06625 0.08416666666666667
0 0.2940625 0.0625 0.078125 0.09166666666666666
0 0.5865625 0.24333333333333335 0.065625 0.09833333333333333
0 0.500625 0.87125 0.065 0.0825
0 0.83875 0.39958333333333335 0.0575 0.08416666666666667
0 0.3334375 0.5916666666666667 0.071875 0.08666666666666667
0 0.136875 0.5191666666666667 0.0725 0.09166666666666666
0 0.628125 0.4716666666666667 0.06625 0.08333333333333333
0 0.49 0.5720833333333334 0.07 0.09583333333333334
0 0.6559375 0.5404166666666667 0.078125 0.08583333333333333
0 0.8121875 0.775 0.080625 0.09
0 0.356875 0.8066666666666666 0.0725 0.08166666666666667
0 0.5015625 0.04791666666666667 0.061875 0.08583333333333333
0 0.9421875 0.43291666666666667 0.056875 0.0875
0 0.6665625 0.7304166666666667 0.066875 0.0975
0 0.81125 0.35125 0.06875 0.0875
0 0.8075 0.15541666666666668 0.08 0.07583333333333334
0 0.4678125 0.15333333333333332 0.078125 0.07666666666666666
0 0.3846875 0.88375 0.064375 0.08583333333333333
0 0.838125 0.61125 0.06625 0.0825
0 0.4725 0.32416666666666666 0.07 0.08666666666666667
0 0.8315625 0.29291666666666666 0.069375 0.09416666666666666
0 0.8803125 0.665 0.063125 0.08
0 0.8575 0.525 0.06625 0.07166666666666667
0 0.0940625 0.3591666666666667 0.083125 0.09166666666666666
0 0.4465625 0.48583333333333334 0.066875 0.08333333333333333
0 0.9609375 0.76625 0.066875 0.10083333333333333
0 0.2303125 0.135 0.080625 0.115
0 0.5253125 0.5104166666666666 0.071875 0.07416666666666667
0 0.89375 0.40875 0.0625 0.07416666666666667
0 0.4490625 0.44875 0.076875 0.08416666666666667
0 0.533125 0.8091666666666667 0.115 0.08166666666666667
0 0.1296875 0.42 0.080625 0.07333333333333333
1 0.9190625 0.6620833333333334 0.068125 0.11083333333333334
0 0.8840625 0.7554166666666666 0.090625 0.07916666666666666