0 0.1465625 0.13041666666666665 0.066875 0.0825
0 0.465625 0.6954166666666667 0.065 0.08416666666666667
0 0.3059375 0.075 0.069375 0.09333333333333334
0 0.89875 0.30333333333333334 0.0625 0.08666666666666667
0 0.2165625 0.9154166666666667 0.064375 0.0925
0 0.6728125 0.10083333333333333 0.058125 0.08833333333333333
0 0.365625 0.22 0.07 0.105
0 0.2984375 0.40958333333333335 0.078125 0.1075
0 0.07625 0.6458333333333334 0.06625 0.08833333333333333
0 0.6578125 0.9125 0.063125 0.09666666666666666
0 0.5225 0.14291666666666666 0.06875 0.0925
0 0.434375 0.15625 0.07 0.09416666666666666
0 0.5809375 0.3616666666666667 0.076875 0.10333333333333333
0 0.2946875 0.9354166666666667 0.069375 0.08916666666666667
0 0.0646875 0.3575 0.081875 0.105
0 0.256875 0.18166666666666667 0.06375 0.08666666666666667
0 0.4265625 0.8320833333333333 0.064375 0.08916666666666667
0 0.394375 0.0625 0.07625 0.08166666666666667
0 0.85125 0.92875 0.065 0.10083333333333333
0 0.3096875 0.54375 0.071875 0.10083333333333333
0 0.779375 0.86 0.07375 0.1
0 0.583125 0.07708333333333334 0.06625 0.09083333333333334
0 0.6975 0.8254166666666667 0.0725 0.0975
0 0.93125 0.135 0.055 0.07833333333333334
0 0.2825 0.7504166666666666 0.06375 0.10416666666666667
0 0.6928125 0.3575 0.086875 0.08833333333333333
0 0.8109375 0.3595833333333333 0.075625 0.09416666666666666
0 0.92125 0.87375 0.065 0.1075
0 0.7615625 0.6954166666666667 0.063125 0.0875
0 0.8375 0.7025 0.07375 0.11833333333333333
0 0.09625 0.8904166666666666 0.06625 0.07583333333333334
0 0.7984375 0.9408333333333333 0.058125 0.08333333333333333
0 0.5021875 0.0575 0.065625 0.09833333333333333
0 0.7265625 0.94375 0.068125 0.10083333333333333
0 0.455625 0.9520833333333333 0.07 0.0925
0 0.3590625 0.7679166666666667 0.070625 0.11083333333333334
0 0.7446875 0.5345833333333333 0.079375 0.10583333333333333
0 0.055625 0.74125 0.05875 0.07416666666666667
0 0.5575 0.9170833333333334 0.06375 0.10083333333333333
0 0.5590625 0.8425 0.075625 0.08666666666666667
0 0.2234375 0.6779166666666666 0.069375 0.09416666666666666
0 0.04875 0.5083333333333333 0.07 0.095
0 0.685 0.2708333333333333 0.05625 0.06333333333333334
0 0.745625 0.4725 0.08125 0.10666666666666667
0 0.3734375 0.6066666666666667 0.074375 0.09833333333333333
0 0.0975 0.9629166666666666 0.08125 0.0675
0 0.0315625 0.9108333333333334 0.063125 0.07
1 0.4615625 0.4175 0.094375 0.12
0 0.33875 0.84 0.0725 0.1