0 0.769375 0.10416666666666667 0.1025 0.13666666666666666
0 0.6240625 0.2579166666666667 0.106875 0.1425
0 0.769375 0.6475 0.11 0.14666666666666667
0 0.9159375 0.30375 0.096875 0.12916666666666668
0 0.6809375 0.3466666666666667 0.105625 0.14166666666666666
0 0.9290625 0.5566666666666666 0.106875 0.14166666666666666
0 0.4303125 0.5854166666666667 0.085625 0.11416666666666667
0 0.2171875 0.90875 0.115625 0.15416666666666667
0 0.556875 0.295 0.1225 0.16333333333333333
0 0.236875 0.4625 0.1075 0.14333333333333334
0 0.839375 0.16041666666666668 0.11375 0.1525
0 0.2209375 0.8241666666666667 0.111875 0.14833333333333334
0 0.14875 0.5366666666666666 0.1075 0.14333333333333334
0 0.189375 0.7154166666666667 0.09625 0.12916666666666668
0 0.2721875 0.36083333333333334 0.111875 0.14833333333333334
0 0.7978125 0.7345833333333334 0.093125 0.12416666666666666
0 0.3515625 0.5716666666666667 0.110625 0.14666666666666667
0 0.2715625 0.6583333333333333 0.119375 0.15833333333333333
0 0.69875 0.22583333333333333 0.10125 0.135
0 0.4378125 0.33166666666666667 0.114375 0.15166666666666667
0 0.45875 0.45416666666666666 0.10875 0.145
0 0.7009375 0.7358333333333333 0.111875 0.15
0 0.1059375 0.6104166666666667 0.110625 0.1475
0 0.053125 0.4691666666666667 0.09875 0.13166666666666665
0 0.574375 0.5408333333333334 0.10375 0.13833333333333334
0 0.7803125 0.33875 0.113125 0.15083333333333335
0 0.4896875 0.5354166666666667 0.113125 0.15083333333333335
0 0.4915625 0.6120833333333333 0.096875 0.12916666666666668
0 0.305625 0.8591666666666666 0.1025 0.13666666666666666
0 0.86375 0.42583333333333334 0.10875 0.145
0 0.88125 0.6175 0.1025 0.13666666666666666
0 0.6609375 0.525 0.104375 0.14
0 0.686875 0.8033333333333333 0.11375 0.15166666666666667
0 0.833125 0.2525 0.105 0.14
0 0.374375 0.8316666666666667 0.1075 0.14333333333333334
0 0.08 0.5570833333333334 0.11 0.14583333333333334
0 0.3584375 0.7370833333333333 0.123125 0.16416666666666666
0 0.8175 0.4608333333333333 0.125 0.16666666666666666
0 0.05875 0.6891666666666667 0.1025 0.13666666666666666
0 0.7446875 0.45208333333333334 0.115625 0.15416666666666667
0 0.3765625 0.6429166666666667 0.108125 0.14416666666666667
0 0.2721875 0.7595833333333334 0.104375 0.13916666666666666
0 0.3884375 0.14 0.114375 0.15333333333333332