0 0.4890625 0.90125 0.079375 0.0975
0 0.1334375 0.5529166666666666 0.070625 0.0925
0 0.8678125 0.42041666666666666 0.065625 0.09416666666666666
0 0.413125 0.43833333333333335 0.07 0.08666666666666667
0 0.131875 0.83125 0.0675 0.0875
0 0.894375 0.8375 0.075 0.095
0 0.513125 0.8083333333333333 0.075 0.1
0 0.8803125 0.6925 0.060625 0.08833333333333333
0 0.3609375 0.8683333333333333 0.073125 0.09333333333333334
0 0.768125 0.29791666666666666 0.06625 0.09416666666666666
0 0.9625 0.05291666666666667 0.0625 0.09083333333333334
0 0.5859375 0.6933333333333334 0.073125 0.09666666666666666
0 0.24875 0.6308333333333334 0.06875 0.105
0 0.1634375 0.10333333333333333 0.065625 0.08833333333333333
0 0.4015625 0.6641666666666667 0.074375 0.1
0 0.793125 0.9383333333333334 0.075 0.09833333333333333
1 0.79 0.20708333333333334 0.08 0.10416666666666667
0 0.543125 0.27166666666666667 0.06375 0.08666666666666667
0 0.685625 0.8258333333333333 0.07625 0.09166666666666666
0 0.5815625 0.8258333333333333 0.071875 0.095
0 0.6140625 0.5429166666666667 0.064375 0.0925
0 0.8203125 0.35541666666666666 0.074375 0.09916666666666667
0 0.454375 0.17041666666666666 0.0725 0.08083333333333333
0 0.0484375 0.5016666666666667 0.066875 0.08166666666666667
0 0.4315625 0.22958333333333333 0.075625 0.0925
0 0.8675 0.1875 0.07125 0.09333333333333334
0 0.7234375 0.9141666666666667 0.070625 0.07166666666666667
0 0.1375 0.17875 0.05625 0.08583333333333333
0 0.2078125 0.9025 0.075625 0.09
0 0.4653125 0.09791666666666667 0.076875 0.06583333333333333
0 0.9265625 0.12583333333333332 0.061875 0.07
0 0.3346875 0.3804166666666667 0.065625 0.0975
0 0.0915625 0.08625 0.089375 0.08916666666666667
0 0.824375 0.6904166666666667 0.06125 0.10416666666666667
0 0.298125 0.3620833333333333 0.0775 0.11083333333333334
0 0.0834375 0.16416666666666666 0.088125 0.06166666666666667
0 0.36375 0.33458333333333334 0.055 0.1175