0 0.4078125 0.28041666666666665 0.088125 0.1175
0 0.2696875 0.22875 0.080625 0.1075
0 0.630625 0.1025 0.08 0.10666666666666667
0 0.8834375 0.7454166666666666 0.085625 0.11416666666666667
0 0.480625 0.22875 0.0875 0.1175
0 0.39125 0.61375 0.0875 0.11583333333333333
0 0.710625 0.62125 0.0975 0.12916666666666668
0 0.4971875 0.87125 0.089375 0.11916666666666667
0 0.1809375 0.39916666666666667 0.091875 0.12166666666666667
0 0.895 0.6483333333333333 0.09625 0.12833333333333333
0 0.3603125 0.4245833333333333 0.083125 0.11083333333333334
0 0.6909375 0.12833333333333333 0.080625 0.10833333333333334
0 0.37875 0.7404166666666666 0.08 0.10583333333333333
0 0.8096875 0.4266666666666667 0.089375 0.11833333333333333
0 0.3753125 0.11208333333333333 0.086875 0.11583333333333333
0 0.558125 0.09166666666666666 0.09625 0.12833333333333333
0 0.269375 0.6308333333333334 0.1 0.13333333333333333
0 0.8621875 0.8329166666666666 0.085625 0.11416666666666667
0 0.2865625 0.7104166666666667 0.076875 0.1025
0 0.7659375 0.6770833333333334 0.080625 0.1075
1 0.613125 0.58875 0.11375 0.1525
0 0.74125 0.18666666666666668 0.09375 0.125
0 0.2690625 0.4816666666666667 0.090625 0.12
0 0.4234375 0.8345833333333333 0.093125 0.12416666666666666
0 0.4765625 0.12625 0.086875 0.11583333333333333
0 0.43875 0.1 0.09 0.12
0 0.8640625 0.395 0.090625 0.12166666666666667
0 0.453125 0.8 0.11125 0.14833333333333334
0 0.2809375 0.3591666666666667 0.085625 0.11333333333333333
0 0.6571875 0.20125 0.088125 0.1175
0 0.2934375 0.40458333333333335 0.089375 0.11916666666666667
0 0.4515625 0.6291666666666667 0.086875 0.11666666666666667
1 0.8434375 0.55375 0.091875 0.1225
0 0.30125 0.5733333333333334 0.08625 0.115
0 0.15 0.29083333333333333 0.09625 0.12833333333333333
0 0.77125 0.2941666666666667 0.09 0.12
0 0.7853125 0.8875 0.085625 0.115
0 0.9178125 0.5470833333333334 0.108125 0.14416666666666667
0 0.74875 0.36291666666666667 0.07625 0.10083333333333333
0 0.3365625 0.18791666666666668 0.086875 0.11583333333333333
0 0.78875 0.5108333333333334 0.0975 0.13
0 0.485625 0.565 0.09375 0.125
0 0.3625 0.18666666666666668 0.08375 0.11166666666666666
0 0.1521875 0.08541666666666667 0.094375 0.12583333333333332
0 0.1225 0.1275 0.0925 0.12333333333333334
0 0.8184375 0.6666666666666666 0.090625 0.12166666666666667
0 0.9025 0.5533333333333333 0.0775 0.10333333333333333
0 0.8284375 0.6279166666666667 0.089375 0.11916666666666667
0 0.5365625 0.6158333333333333 0.084375 0.11166666666666666
0 0.7346875 0.9283333333333333 0.089375 0.12
1 0.6853125 0.23791666666666667 0.124375 0.16583333333333333
1 0.1146875 0.4979166666666667 0.153125 0.20416666666666666
0 0.7953125 0.31333333333333335 0.083125 0.11166666666666666
0 0.925 0.4083333333333333 0.08375 0.11166666666666666