0 0.7821875 0.36375 0.108125 0.14416666666666667
0 0.30625 0.7183333333333334 0.11 0.14666666666666667
0 0.639375 0.8433333333333334 0.10125 0.135
0 0.5153125 0.4658333333333333 0.105625 0.14
0 0.435 0.67 0.11125 0.14833333333333334
0 0.5221875 0.575 0.104375 0.13833333333333334
0 0.5590625 0.8383333333333334 0.101875 0.13666666666666666
0 0.870625 0.6445833333333333 0.1125 0.14916666666666667
0 0.7746875 0.81 0.120625 0.16166666666666665
0 0.5015625 0.3525 0.114375 0.15333333333333332
0 0.3090625 0.48875 0.113125 0.15083333333333335
0 0.26125 0.2554166666666667 0.095 0.1275
0 0.1909375 0.6245833333333334 0.099375 0.1325
1 0.4990625 0.26125 0.108125 0.14416666666666667
0 0.70625 0.7366666666666667 0.1125 0.15
0 0.1234375 0.44583333333333336 0.113125 0.15
0 0.674375 0.6033333333333334 0.10375 0.13833333333333334
0 0.62375 0.245 0.1025 0.13666666666666666
0 0.89625 0.43 0.105 0.14
0 0.449375 0.8866666666666667 0.11375 0.15166666666666667
0 0.8084375 0.4270833333333333 0.103125 0.1375
0 0.3015625 0.11791666666666667 0.104375 0.13916666666666666
0 0.40375 0.2 0.12125 0.16166666666666665
0 0.6315625 0.45375 0.106875 0.1425
0 0.689375 0.5083333333333333 0.10375 0.13833333333333334
0 0.3284375 0.5716666666666667 0.101875 0.135
0 0.2153125 0.16458333333333333 0.098125 0.13083333333333333
0 0.1265625 0.14791666666666667 0.101875 0.13583333333333333
0 0.1578125 0.305 0.111875 0.14833333333333334
0 0.3390625 0.12333333333333334 0.101875 0.135
0 0.6378125 0.64 0.110625 0.14666666666666667
0 0.6421875 0.37166666666666665 0.105625 0.14166666666666666
0 0.40125 0.5083333333333333 0.11 0.14666666666666667
0 0.46375 0.2683333333333333 0.105 0.14
0 0.66 0.54125 0.1 0.13416666666666666
0 0.0628125 0.4025 0.105625 0.14
0 0.6425 0.3325 0.10625 0.14166666666666666
0 0.3640625 0.6258333333333334 0.111875 0.15
0 0.449375 0.5758333333333333 0.095 0.12666666666666668
0 0.405625 0.4795833333333333 0.0925 0.12416666666666666