0 0.1765625 0.9404166666666667 0.074375 0.0925
0 0.5646875 0.5991666666666666 0.065625 0.08333333333333333
0 0.6046875 0.14 0.074375 0.095
0 0.6265625 0.6433333333333333 0.071875 0.09333333333333334
0 0.0896875 0.13125 0.069375 0.10083333333333333
0 0.2871875 0.25416666666666665 0.080625 0.1
0 0.19875 0.19666666666666666 0.0775 0.1
0 0.6525 0.33708333333333335 0.075 0.1075
0 0.6909375 0.7433333333333333 0.070625 0.09166666666666666
0 0.2621875 0.75375 0.071875 0.09583333333333334
0 0.575625 0.24333333333333335 0.0675 0.10333333333333333
0 0.8078125 0.6091666666666666 0.071875 0.085
0 0.1384375 0.7608333333333334 0.066875 0.09833333333333333
0 0.435625 0.5791666666666667 0.075 0.10166666666666667
0 0.330625 0.7854166666666667 0.0725 0.1175
0 0.130625 0.3070833333333333 0.06875 0.09416666666666666
0 0.195625 0.69375 0.07875 0.1075
0 0.738125 0.7879166666666667 0.0675 0.08916666666666667
0 0.7803125 0.8466666666666667 0.070625 0.08166666666666667
0 0.0390625 0.06458333333333334 0.068125 0.09416666666666666
0 0.06625 0.48333333333333334 0.07625 0.08833333333333333
0 0.0996875 0.6720833333333334 0.056875 0.08083333333333333
0 0.49125 0.24958333333333332 0.0775 0.09083333333333334
0 0.566875 0.8591666666666666 0.07125 0.09166666666666666
0 0.9353125 0.17625 0.055625 0.10416666666666667
0 0.4753125 0.9066666666666666 0.063125 0.08666666666666667
0 0.9546875 0.7508333333333334 0.070625 0.11166666666666666
0 0.7840625 0.22333333333333333 0.071875 0.09833333333333333
0 0.43 0.8091666666666667 0.0675 0.08666666666666667
0 0.86375 0.2475 0.07875 0.09666666666666666
0 0.9128125 0.4525 0.081875 0.09666666666666666
0 0.935 0.5479166666666667 0.07375 0.09416666666666666
0 0.9390625 0.2725 0.075625 0.08833333333333333
0 0.89125 0.7029166666666666 0.075 0.0975
0 0.1396875 0.5020833333333333 0.069375 0.09416666666666666
0 0.0475 0.715 0.06375 0.09166666666666666
1 0.713125 0.19708333333333333 0.08375 0.11583333333333333
0 0.695 0.2529166666666667 0.07375 0.0975
0 0.4396875 0.3045833333333333 0.061875 0.09583333333333334
0 0.3790625 0.42291666666666666 0.061875 0.0975
0 0.0415625 0.7829166666666667 0.074375 0.09583333333333334
0 0.1759375 0.4270833333333333 0.073125 0.09583333333333334
0 0.93625 0.36541666666666667 0.07375 0.0825
0 0.574375 0.46541666666666665 0.07375 0.10416666666666667
0 0.8453125 0.9179166666666667 0.059375 0.10916666666666666
0 0.8053125 0.18291666666666667 0.078125 0.10083333333333333
0 0.07375 0.395 0.06 0.10333333333333333
0 0.52125 0.165 0.05625 0.1
0 0.5771875 0.4241666666666667 0.075625 0.09333333333333334
0 0.7890625 0.9295833333333333 0.061875 0.07916666666666666
0 0.2696875 0.35291666666666666 0.073125 0.08583333333333333
0 0.796875 0.7525 0.0525 0.11333333333333333
0 0.6659375 0.06791666666666667 0.054375 0.11916666666666667
1 0.8446875 0.7229166666666667 0.069375 0.1525
0 0.3028125 0.35541666666666666 0.075625 0.0975
0 0.0996875 0.16791666666666666 0.056875 0.08916666666666667