0 0.895 0.6520833333333333 0.0725 0.10416666666666667
0 0.6378125 0.21583333333333332 0.058125 0.09166666666666666
0 0.7925 0.6916666666666667 0.06125 0.075
0 0.6503125 0.8541666666666666 0.065625 0.09333333333333334
0 0.1375 0.18 0.06125 0.08833333333333333
0 0.535625 0.3070833333333333 0.07125 0.09416666666666666
0 0.5209375 0.17333333333333334 0.055625 0.07666666666666666
0 0.6840625 0.7620833333333333 0.061875 0.08916666666666667
0 0.3903125 0.12416666666666666 0.056875 0.08166666666666667
0 0.2021875 0.3475 0.060625 0.09333333333333334
0 0.049375 0.6145833333333334 0.065 0.08083333333333333
0 0.8903125 0.5691666666666667 0.065625 0.10333333333333333
0 0.4484375 0.7483333333333333 0.069375 0.08166666666666667
0 0.465 0.28708333333333336 0.06625 0.08916666666666667
0 0.328125 0.23416666666666666 0.065 0.09333333333333334
0 0.2359375 0.8425 0.066875 0.08333333333333333
0 0.76 0.5508333333333333 0.0625 0.08666666666666667
0 0.8390625 0.15375 0.059375 0.08583333333333333
1 0.8946875 0.20791666666666667 0.081875 0.11083333333333334
0 0.83 0.42083333333333334 0.06625 0.09666666666666666
0 0.750625 0.9379166666666666 0.0625 0.08083333333333333
0 0.5528125 0.46125 0.064375 0.0825
0 0.3328125 0.13041666666666665 0.069375 0.09083333333333334
0 0.650625 0.5120833333333333 0.065 0.0825
0 0.7590625 0.08 0.068125 0.09
0 0.1684375 0.5358333333333334 0.064375 0.08333333333333333
0 0.4046875 0.235 0.071875 0.08666666666666667
0 0.083125 0.9116666666666666 0.05375 0.07
0 0.393125 0.9229166666666667 0.06125 0.07916666666666666
0 0.7640625 0.4820833333333333 0.065625 0.08583333333333333
0 0.563125 0.60125 0.0775 0.09083333333333334
0 0.0615625 0.26 0.064375 0.08666666666666667
0 0.3509375 0.7975 0.064375 0.095
0 0.4903125 0.5079166666666667 0.053125 0.0775
0 0.1546875 0.24 0.068125 0.09333333333333334
0 0.4284375 0.5425 0.054375 0.07833333333333334
0 0.4840625 0.8241666666666667 0.068125 0.09
0 0.6128125 0.5216666666666666 0.070625 0.09
0 0.1075 0.1025 0.07 0.08333333333333333
0 0.798125 0.35541666666666666 0.0625 0.0725
0 0.2528125 0.7633333333333333 0.066875 0.08833333333333333
0 0.29625 0.34125 0.065 0.0775
0 0.2725 0.4841666666666667 0.0625 0.08166666666666667
0 0.5765625 0.74 0.060625 0.09
0 0.409375 0.32416666666666666 0.07 0.085
0 0.18875 0.6354166666666666 0.0625 0.0975
0 0.649375 0.43583333333333335 0.05625 0.065
0 0.8609375 0.46791666666666665 0.051875 0.07583333333333334
0 0.480625 0.23291666666666666 0.06 0.08083333333333333
0 0.1396875 0.4375 0.056875 0.075
0 0.4215625 0.48041666666666666 0.058125 0.0825
0 0.5034375 0.6095833333333334 0.061875 0.08583333333333333
0 0.3440625 0.45416666666666666 0.069375 0.09833333333333333
0 0.7125 0.8666666666666667 0.06375 0.09333333333333334
0 0.9465625 0.3491666666666667 0.050625 0.07833333333333334
0 0.963125 0.12333333333333334 0.0725 0.085
0 0.0696875 0.14333333333333334 0.053125 0.06
0 0.9209375 0.855 0.055625 0.07
0 0.64375 0.09708333333333333 0.05625 0.08583333333333333
0 0.809375 0.5820833333333333 0.05375 0.06916666666666667
0 0.813125 0.2733333333333333 0.06125 0.06
0 0.4121875 0.45958333333333334 0.076875 0.08083333333333333
0 0.7034375 0.51625 0.044375 0.0825
0 0.4853125 0.9066666666666666 0.054375 0.07166666666666667
0 0.24875 0.6383333333333333 0.07 0.07666666666666666
0 0.869375 0.7304166666666667 0.05375 0.0625
0 0.735 0.7083333333333334 0.06125 0.08
0 0.195625 0.19625 0.0625 0.09083333333333334
0 0.581875 0.24458333333333335 0.06875 0.08583333333333333
0 0.96625 0.21166666666666667 0.065 0.08166666666666667
0 0.37375 0.39208333333333334 0.05625 0.0575
1 0.27 0.09833333333333333 0.0725 0.10166666666666667
0 0.3628125 0.53 0.051875 0.09666666666666666
0 0.5978125 0.30791666666666667 0.056875 0.060833333333333336
0 0.030625 0.2970833333333333 0.06 0.07916666666666666
0 0.2265625 0.20666666666666667 0.060625 0.07333333333333333
0 0.2246875 0.4370833333333333 0.064375 0.0575
0 0.2175 0.26958333333333334 0.05125 0.0525
0 0.2065625 0.12291666666666666 0.081875 0.08083333333333333
0 0.2596875 0.3458333333333333 0.064375 0.08166666666666667
0 0.419375 0.8045833333333333 0.065 0.10416666666666667
0 0.4453125 0.8433333333333334 0.081875 0.08833333333333333
0 0.878125 0.8341666666666666 0.055 0.08
0 0.855 0.8145833333333333 0.05625 0.0875
0 0.69875 0.6425 0.05375 0.06666666666666667
0 0.7459375 0.6233333333333333 0.064375 0.07166666666666667
0 0.8975 0.3233333333333333 0.05375 0.07333333333333333
0 0.901875 0.44666666666666666 0.05625 0.095
0 0.894375 0.3925 0.055 0.06833333333333333
0 0.9525 0.44208333333333333 0.0525 0.08083333333333333
0 0.971875 0.4625 0.05375 0.07166666666666667
0 0.9115625 0.94625 0.043125 0.060833333333333336
0 0.500625 0.7183333333333334 0.06625 0.07166666666666667
0 0.55125 0.8 0.05625 0.07
0 0.62375 0.7804166666666666 0.05875 0.06583333333333333
0 0.82375 0.81625 0.05125 0.07416666666666667
0 0.7909375 0.8766666666666667 0.055625 0.075
0 0.7721875 0.7616666666666667 0.049375 0.06166666666666667
0 0.7346875 0.8 0.049375 0.06666666666666667
0 0.76875 0.82 0.05875 0.07666666666666666
0 0.2921875 0.050833333333333335 0.065625 0.07333333333333333
0 0.6665625 0.35208333333333336 0.066875 0.06583333333333333
0 0.73375 0.41083333333333333 0.05375 0.07166666666666667
0 0.67 0.155 0.0475 0.06333333333333334
0 0.68875 0.21166666666666667 0.05 0.07166666666666667
0 0.733125 0.18458333333333332 0.05 0.06416666666666666
0 0.771875 0.22125 0.055 0.0775
0 0.75375 0.2808333333333333 0.05375 0.07333333333333333
0 0.123125 0.57625 0.055 0.08416666666666667
0 0.3921875 0.6529166666666667 0.064375 0.0625
0 0.3628125 0.6970833333333334 0.066875 0.07916666666666666
0 0.39125 0.7204166666666667 0.05625 0.060833333333333336
0 0.2775 0.90875 0.04375 0.06416666666666666
0 0.2478125 0.9508333333333333 0.049375 0.07
0 0.1459375 0.6216666666666667 0.058125 0.09666666666666666
0 0.11875 0.6729166666666667 0.05 0.06583333333333333
0 0.093125 0.7258333333333333 0.0525 0.06833333333333333
0 0.11375 0.8191666666666667 0.05 0.075
0 0.1915625 0.8941666666666667 0.046875 0.065
0 0.140625 0.8904166666666666 0.05 0.07916666666666666
0 0.144375 0.7758333333333334 0.0475 0.07833333333333334
0 0.3025 0.7608333333333334 0.05375 0.07
0 0.19 0.7679166666666667 0.05 0.07416666666666667
0 0.2134375 0.7141666666666666 0.051875 0.07666666666666666
0 0.30125 0.41333333333333333 0.05125 0.07666666666666666
0 0.22375 0.51375 0.055 0.08083333333333333
0 0.49 0.5733333333333334 0.07375 0.065
0 0.316875 0.5445833333333333 0.05375 0.06416666666666666
1 0.08 0.39708333333333334 0.085 0.06583333333333333