0 0.301875 0.6220833333333333 0.0775 0.09416666666666666
0 0.27 0.8691666666666666 0.075 0.09166666666666666
0 0.7571875 0.9479166666666666 0.063125 0.08916666666666667
0 0.2609375 0.5225 0.076875 0.09666666666666666
0 0.695625 0.8854166666666666 0.06625 0.08416666666666667
0 0.2609375 0.7033333333333334 0.063125 0.085
0 0.6853125 0.09875 0.060625 0.0775
0 0.810625 0.46125 0.07 0.0825
0 0.6621875 0.6679166666666667 0.056875 0.08583333333333333
0 0.4753125 0.21208333333333335 0.065625 0.08083333333333333
0 0.38125 0.23458333333333334 0.06625 0.07416666666666667
0 0.25875 0.09041666666666667 0.07375 0.08583333333333333
0 0.5821875 0.6704166666666667 0.070625 0.09583333333333334
0 0.6884375 0.19791666666666666 0.069375 0.08916666666666667
0 0.3603125 0.14166666666666666 0.079375 0.09
0 0.271875 0.38083333333333336 0.0725 0.09
0 0.7415625 0.81625 0.060625 0.08416666666666667
0 0.45875 0.2970833333333333 0.0625 0.08416666666666667
0 0.2525 0.18875 0.06625 0.09416666666666666
0 0.3078125 0.2575 0.069375 0.08666666666666667
0 0.193125 0.45125 0.055 0.08583333333333333
0 0.618125 0.9375 0.0625 0.085
0 0.5459375 0.8245833333333333 0.059375 0.1025
0 0.81125 0.54875 0.0625 0.07416666666666667
0 0.5153125 0.11833333333333333 0.073125 0.09833333333333333
0 0.7296875 0.6958333333333333 0.061875 0.08833333333333333
0 0.5796875 0.44666666666666666 0.078125 0.09166666666666666
0 0.4534375 0.4625 0.056875 0.08666666666666667
0 0.536875 0.4970833333333333 0.0675 0.09583333333333334
0 0.1775 0.9154166666666667 0.07 0.08916666666666667
0 0.21875 0.6166666666666667 0.07375 0.09166666666666666
0 0.4315625 0.0975 0.074375 0.095
0 0.1653125 0.19583333333333333 0.071875 0.08666666666666667
0 0.589375 0.28541666666666665 0.075 0.09916666666666667
0 0.6940625 0.3304166666666667 0.048125 0.0875
0 0.4959375 0.3804166666666667 0.061875 0.0875
0 0.336875 0.4395833333333333 0.065 0.09083333333333334
0 0.16 0.81125 0.065 0.0975
0 0.755 0.08041666666666666 0.0575 0.06916666666666667
0 0.1784375 0.6808333333333333 0.065625 0.08333333333333333
0 0.8090625 0.18125 0.055625 0.0775
0 0.441875 0.75375 0.0775 0.06916666666666667
0 0.660625 0.5395833333333333 0.0525 0.09416666666666666
0 0.8384375 0.30541666666666667 0.068125 0.0825
0 0.5065625 0.9258333333333333 0.060625 0.07833333333333334
0 0.61 0.5620833333333334 0.0675 0.10916666666666666
0 0.3440625 0.335 0.054375 0.08166666666666667
0 0.181875 0.08958333333333333 0.06625 0.0825
0 0.6803125 0.37583333333333335 0.056875 0.08