0 0.7846875 0.47291666666666665 0.115625 0.15416666666666667
0 0.1859375 0.9091666666666667 0.106875 0.14166666666666666
0 0.6284375 0.61625 0.114375 0.1525
0 0.3628125 0.09208333333333334 0.106875 0.1425
0 0.5415625 0.11291666666666667 0.111875 0.14916666666666667
0 0.6825 0.155 0.11875 0.15833333333333333
0 0.7090625 0.2704166666666667 0.120625 0.16083333333333333
0 0.655625 0.28958333333333336 0.1175 0.15583333333333332
0 0.5725 0.4895833333333333 0.12375 0.16416666666666666
0 0.4896875 0.52375 0.108125 0.14416666666666667
0 0.5053125 0.40208333333333335 0.118125 0.1575
0 0.4309375 0.4866666666666667 0.103125 0.13833333333333334
0 0.184375 0.5108333333333334 0.10375 0.13833333333333334