0 0.4821875 0.845 0.061875 0.10166666666666667
0 0.621875 0.28708333333333336 0.05375 0.09916666666666667
0 0.5090625 0.3625 0.058125 0.105
0 0.1921875 0.3358333333333333 0.083125 0.08333333333333333
0 0.394375 0.32875 0.07625 0.08416666666666667
0 0.355 0.745 0.06875 0.12166666666666667
0 0.4259375 0.7704166666666666 0.071875 0.10583333333333333
0 0.79125 0.79875 0.0775 0.1075
0 0.70625 0.5929166666666666 0.07625 0.0875
0 0.2 0.44 0.0825 0.08833333333333333
0 0.5946875 0.6008333333333333 0.073125 0.10666666666666667
0 0.5815625 0.7191666666666666 0.055625 0.09833333333333333
0 0.23875 0.16875 0.0775 0.0925
0 0.231875 0.26 0.0775 0.09833333333333333
0 0.3971875 0.5829166666666666 0.073125 0.08083333333333333
0 0.4784375 0.5929166666666666 0.060625 0.11083333333333334
0 0.4615625 0.45375 0.065625 0.12416666666666666
0 0.4753125 0.27791666666666665 0.071875 0.11083333333333334
0 0.395 0.5179166666666667 0.08375 0.09416666666666666
0 0.7734375 0.06166666666666667 0.074375 0.09333333333333334
0 0.3296875 0.64 0.068125 0.12333333333333334
0 0.29375 0.10333333333333333 0.07 0.09166666666666666
0 0.3740625 0.8920833333333333 0.069375 0.1125
0 0.5625 0.31916666666666665 0.06875 0.1
0 0.22375 0.8304166666666667 0.04875 0.11416666666666667
0 0.3678125 0.08291666666666667 0.059375 0.0775
0 0.51875 0.15291666666666667 0.0625 0.10916666666666666
0 0.549375 0.5241666666666667 0.0775 0.10166666666666667
0 0.755 0.31 0.06875 0.105
0 0.605 0.18291666666666667 0.0675 0.1175
0 0.509375 0.9429166666666666 0.07375 0.0925
0 0.614375 0.43625 0.08125 0.10416666666666667
0 0.6778125 0.5233333333333333 0.071875 0.09166666666666666
0 0.2490625 0.7220833333333333 0.064375 0.12583333333333332
0 0.5490625 0.8866666666666667 0.078125 0.11166666666666666
0 0.759375 0.2325 0.08375 0.08833333333333333
0 0.71125 0.7279166666666667 0.075 0.1075
0 0.7184375 0.11416666666666667 0.086875 0.08166666666666667
0 0.6840625 0.6566666666666666 0.085625 0.09166666666666666
0 0.4240625 0.43291666666666667 0.071875 0.1075
0 0.5365625 0.5979166666666667 0.070625 0.09416666666666666
0 0.62625 0.9316666666666666 0.07375 0.09833333333333333
0 0.5546875 0.9566666666666667 0.054375 0.08333333333333333
0 0.79625 0.5283333333333333 0.06375 0.11
0 0.4565625 0.1825 0.075625 0.11
0 0.6390625 0.12041666666666667 0.056875 0.1125
0 0.4196875 0.22833333333333333 0.081875 0.11333333333333333
0 0.18875 0.225 0.08125 0.09333333333333334
0 0.180625 0.8458333333333333 0.0575 0.10666666666666667
0 0.6290625 0.6725 0.059375 0.125
0 0.7371875 0.8575 0.079375 0.09
0 0.705625 0.36583333333333334 0.07 0.09333333333333334
0 0.7309375 0.41833333333333333 0.085625 0.1
0 0.7809375 0.49166666666666664 0.083125 0.12333333333333334
0 0.7621875 0.4525 0.080625 0.095
0 0.76625 0.37833333333333335 0.09125 0.08833333333333333