0 0.405 0.39208333333333334 0.07375 0.09583333333333334
0 0.2896875 0.09125 0.069375 0.0875
0 0.1284375 0.5466666666666666 0.055625 0.07666666666666666
0 0.3615625 0.8654166666666666 0.075625 0.07583333333333334
1 0.92625 0.5008333333333334 0.07875 0.11333333333333333
0 0.686875 0.4691666666666667 0.06875 0.08
0 0.646875 0.8679166666666667 0.065 0.0775
0 0.6825 0.6866666666666666 0.075 0.08833333333333333
0 0.8684375 0.14416666666666667 0.061875 0.08166666666666667
0 0.1853125 0.7566666666666667 0.075625 0.09666666666666666
0 0.7125 0.9254166666666667 0.06875 0.09583333333333334
0 0.6640625 0.08583333333333333 0.078125 0.10833333333333334
0 0.2171875 0.07333333333333333 0.060625 0.085
0 0.526875 0.5604166666666667 0.055 0.08916666666666667
0 0.3915625 0.6675 0.061875 0.09
0 0.49875 0.71875 0.06625 0.06916666666666667
0 0.9053125 0.3525 0.064375 0.09333333333333334
0 0.31875 0.92 0.06875 0.09333333333333334
0 0.5278125 0.4220833333333333 0.066875 0.07916666666666666
0 0.073125 0.70625 0.0675 0.08916666666666667
0 0.329375 0.18791666666666668 0.07125 0.09083333333333334
0 0.4384375 0.2604166666666667 0.060625 0.08083333333333333
0 0.8478125 0.07416666666666667 0.056875 0.08
0 0.2953125 0.5179166666666667 0.063125 0.0775
0 0.498125 0.7670833333333333 0.06875 0.0875
0 0.4325 0.7670833333333333 0.05375 0.07916666666666666
0 0.3053125 0.3854166666666667 0.081875 0.09416666666666666
0 0.9553125 0.2679166666666667 0.059375 0.07416666666666667
0 0.07375 0.060833333333333336 0.05125 0.07
0 0.7640625 0.5545833333333333 0.066875 0.0725
0 0.2790625 0.8354166666666667 0.061875 0.06583333333333333
0 0.820625 0.8195833333333333 0.07 0.0775
0 0.6003125 0.7795833333333333 0.068125 0.07416666666666667
0 0.03625 0.4379166666666667 0.0725 0.08583333333333333
0 0.894375 0.6966666666666667 0.0625 0.07
0 0.7853125 0.6916666666666667 0.055625 0.07166666666666667
0 0.2446875 0.7195833333333334 0.056875 0.07583333333333334
0 0.3225 0.5670833333333334 0.08125 0.07583333333333334
0 0.5875 0.08541666666666667 0.075 0.08916666666666667
0 0.808125 0.8945833333333333 0.0575 0.0675
0 0.488125 0.3545833333333333 0.05625 0.07416666666666667
0 0.0475 0.8508333333333333 0.055 0.08
0 0.256875 0.6341666666666667 0.0625 0.07833333333333334
0 0.0975 0.90625 0.065 0.08583333333333333
0 0.1790625 0.9233333333333333 0.058125 0.075
0 0.5415625 0.14 0.054375 0.07666666666666666
0 0.14875 0.8175 0.07125 0.07166666666666667
0 0.1865625 0.14916666666666667 0.051875 0.06166666666666667
0 0.426875 0.835 0.07125 0.085
0 0.911875 0.21041666666666667 0.065 0.060833333333333336
0 0.305 0.77 0.06375 0.07666666666666666
0 0.5003125 0.48791666666666667 0.049375 0.07583333333333334
0 0.5603125 0.22041666666666668 0.055625 0.06916666666666667
0 0.900625 0.10166666666666667 0.05625 0.07833333333333334
0 0.243125 0.5508333333333333 0.0525 0.075
0 0.8675 0.6204166666666666 0.05125 0.06916666666666667
0 0.4875 0.25708333333333333 0.05 0.06416666666666666
0 0.589375 0.14666666666666667 0.06 0.085
0 0.549375 0.044583333333333336 0.06625 0.07416666666666667
0 0.4646875 0.09125 0.076875 0.08083333333333333
0 0.133125 0.8666666666666667 0.06625 0.085
1 0.8228125 0.5758333333333333 0.084375 0.09833333333333333
0 0.050625 0.13291666666666666 0.05875 0.08083333333333333
0 0.4203125 0.14791666666666667 0.068125 0.0725
0 0.913125 0.7633333333333333 0.05375 0.07333333333333333
0 0.963125 0.3433333333333333 0.065 0.065
0 0.0921875 0.7608333333333334 0.050625 0.065
0 0.3434375 0.6366666666666667 0.050625 0.07
0 0.42125 0.08333333333333333 0.0525 0.06166666666666667
0 0.1553125 0.88875 0.050625 0.0775
0 0.0846875 0.8270833333333333 0.051875 0.0725