0 0.278125 0.60875 0.08125 0.10916666666666666
0 0.40125 0.25833333333333336 0.0925 0.12333333333333334
0 0.7153125 0.7620833333333333 0.083125 0.11083333333333334
0 0.3946875 0.7533333333333333 0.095625 0.12833333333333333
0 0.40375 0.9016666666666666 0.105 0.14
0 0.585 0.6079166666666667 0.0975 0.13083333333333333
0 0.455625 0.1 0.10125 0.135
0 0.7925 0.4325 0.1 0.13333333333333333
0 0.50375 0.27208333333333334 0.08875 0.1175
0 0.8703125 0.46458333333333335 0.106875 0.1425
0 0.1225 0.52 0.09375 0.125
0 0.858125 0.5641666666666667 0.095 0.12666666666666668
0 0.13 0.6208333333333333 0.095 0.12666666666666668
0 0.635625 0.29291666666666666 0.0875 0.1175
0 0.43625 0.41125 0.095 0.1275
0 0.45875 0.32625 0.0775 0.1025
0 0.146875 0.24125 0.085 0.11416666666666667
0 0.865625 0.8241666666666667 0.09875 0.13166666666666665
0 0.7834375 0.31666666666666665 0.089375 0.12
0 0.2490625 0.6870833333333334 0.091875 0.1225
0 0.43625 0.6275 0.085 0.11333333333333333
0 0.2040625 0.25375 0.091875 0.1225
0 0.303125 0.6858333333333333 0.0875 0.11666666666666667
0 0.795625 0.5733333333333334 0.085 0.11333333333333333
0 0.1978125 0.7275 0.104375 0.14
0 0.3921875 0.5625 0.091875 0.12166666666666667
0 0.32125 0.5079166666666667 0.095 0.12583333333333332
0 0.5059375 0.16375 0.088125 0.1175
0 0.3515625 0.48875 0.089375 0.11916666666666667
0 0.445625 0.7070833333333333 0.08375 0.1125
0 0.0925 0.21083333333333334 0.1 0.13333333333333333
1 0.45625 0.5366666666666666 0.12875 0.17166666666666666
0 0.920625 0.5066666666666667 0.08125 0.10833333333333334
0 0.684375 0.5 0.0875 0.11666666666666667
0 0.6609375 0.7620833333333333 0.103125 0.1375
0 0.7765625 0.7283333333333334 0.099375 0.13166666666666665
0 0.2940625 0.7645833333333333 0.091875 0.1225
0 0.764375 0.8245833333333333 0.09875 0.1325
0 0.08625 0.46125 0.09 0.11916666666666667
0 0.7346875 0.94125 0.080625 0.1075
0 0.17375 0.485 0.0775 0.10333333333333333
0 0.195 0.33958333333333335 0.0825 0.10916666666666666
0 0.6275 0.6783333333333333 0.0925 0.12333333333333334
0 0.3221875 0.9004166666666666 0.096875 0.12916666666666668
0 0.1215625 0.43291666666666667 0.073125 0.0975
0 0.750625 0.8695833333333334 0.0875 0.11583333333333333
0 0.08875 0.39708333333333334 0.09125 0.1225
0 0.234375 0.37666666666666665 0.08875 0.11833333333333333
1 0.7584375 0.18375 0.100625 0.13416666666666666
0 0.2615625 0.18125 0.100625 0.13416666666666666