0 0.1859375 0.37583333333333335 0.064375 0.07833333333333334
0 0.8290625 0.7204166666666667 0.066875 0.09416666666666666
0 0.403125 0.335 0.06875 0.09
0 0.4059375 0.48833333333333334 0.066875 0.09
0 0.5446875 0.8470833333333333 0.064375 0.07583333333333334
0 0.3959375 0.08875 0.065625 0.08416666666666667
0 0.825 0.2225 0.07625 0.08166666666666667
0 0.954375 0.8233333333333334 0.08 0.10166666666666667
0 0.799375 0.14541666666666667 0.07625 0.0825
0 0.8746875 0.8045833333333333 0.053125 0.13583333333333333
0 0.5084375 0.09875 0.075625 0.1025
0 0.3865625 0.7891666666666667 0.061875 0.11166666666666666
0 0.4340625 0.7716666666666666 0.080625 0.11166666666666666
0 0.674375 0.79125 0.0775 0.10083333333333333
0 0.3484375 0.53 0.080625 0.10833333333333334
1 0.7859375 0.47583333333333333 0.080625 0.09833333333333333