0 0.69375 0.5 0.0725 0.09333333333333334
0 0.3371875 0.05333333333333334 0.076875 0.10666666666666667
0 0.345 0.7095833333333333 0.07625 0.0975
0 0.3828125 0.59375 0.074375 0.10083333333333333
0 0.1525 0.6466666666666666 0.0775 0.09
0 0.765625 0.50625 0.08 0.09083333333333334
0 0.90875 0.8195833333333333 0.0825 0.09083333333333334
0 0.916875 0.42625 0.08125 0.10416666666666667
0 0.5778125 0.88 0.073125 0.10166666666666667
0 0.505 0.09041666666666667 0.075 0.0975
0 0.3896875 0.7895833333333333 0.073125 0.1025
0 0.309375 0.8208333333333333 0.07625 0.1
0 0.5184375 0.6116666666666667 0.071875 0.09666666666666666
0 0.289375 0.47125 0.07625 0.09416666666666666
0 0.295625 0.7370833333333333 0.07375 0.09083333333333334
0 0.58875 0.30875 0.06375 0.08916666666666667
0 0.3165625 0.5995833333333334 0.079375 0.09916666666666667
0 0.908125 0.5766666666666667 0.08125 0.105
0 0.4409375 0.9170833333333334 0.073125 0.11083333333333334
0 0.900625 0.67 0.07375 0.095
0 0.95125 0.10416666666666667 0.0725 0.09666666666666666
0 0.1709375 0.07208333333333333 0.073125 0.08416666666666667
0 0.260625 0.25875 0.07125 0.08916666666666667
0 0.1696875 0.9375 0.063125 0.11166666666666666
0 0.705625 0.2825 0.08 0.1
0 0.2003125 0.4116666666666667 0.073125 0.10833333333333334
0 0.0340625 0.39666666666666667 0.068125 0.115
0 0.74625 0.12125 0.0675 0.09416666666666666
0 0.83625 0.42833333333333334 0.075 0.12166666666666667
0 0.6984375 0.8266666666666667 0.073125 0.095
0 0.5503125 0.7904166666666667 0.070625 0.09083333333333334
0 0.65125 0.11291666666666667 0.085 0.10583333333333333
0 0.2340625 0.9075 0.080625 0.09666666666666666
0 0.0671875 0.8883333333333333 0.069375 0.08666666666666667
0 0.4296875 0.25583333333333336 0.071875 0.09333333333333334
0 0.854375 0.93375 0.07625 0.10083333333333333
0 0.0765625 0.22125 0.069375 0.09916666666666667
0 0.6965625 0.735 0.080625 0.08333333333333333
0 0.456875 0.7891666666666667 0.065 0.09333333333333334
0 0.968125 0.7925 0.06125 0.09333333333333334
0 0.58375 0.1225 0.06625 0.10166666666666667
0 0.725 0.10333333333333333 0.075 0.095
0 0.57125 0.5508333333333333 0.06875 0.085
0 0.845625 0.8145833333333333 0.0825 0.09916666666666667
0 0.4103125 0.6858333333333333 0.066875 0.1
0 0.4865625 0.28583333333333333 0.075625 0.11166666666666666
0 0.57375 0.435 0.075 0.10666666666666667
0 0.4590625 0.19166666666666668 0.075625 0.10333333333333333
0 0.4796875 0.7045833333333333 0.074375 0.0975
0 0.7646875 0.5595833333333333 0.090625 0.1125
0 0.1990625 0.7766666666666666 0.074375 0.09
0 0.754375 0.2733333333333333 0.0775 0.10833333333333334
0 0.18625 0.49291666666666667 0.07125 0.1075
0 0.1125 0.2 0.085 0.1
0 0.56 0.6916666666666667 0.06875 0.08833333333333333
0 0.2621875 0.11041666666666666 0.080625 0.1075
0 0.153125 0.20208333333333334 0.06875 0.09583333333333334
0 0.5159375 0.8908333333333334 0.083125 0.09166666666666666
0 0.3196875 0.3645833333333333 0.066875 0.1125
0 0.203125 0.13708333333333333 0.07875 0.09416666666666666
0 0.2425 0.35083333333333333 0.08125 0.1
0 0.51125 0.9520833333333333 0.05625 0.07083333333333333
0 0.50375 0.31708333333333333 0.08375 0.10583333333333333
0 0.610625 0.7929166666666667 0.0825 0.08916666666666667
0 0.1284375 0.7529166666666667 0.075625 0.10083333333333333
1 0.7628125 0.7441666666666666 0.091875 0.13833333333333334
0 0.9478125 0.9520833333333333 0.063125 0.07583333333333334
0 0.2090625 0.20791666666666667 0.080625 0.08916666666666667
0 0.1746875 0.6054166666666667 0.073125 0.1025
0 0.1034375 0.7404166666666666 0.080625 0.10583333333333333
0 0.5496875 0.20666666666666667 0.066875 0.10333333333333333
0 0.716875 0.9325 0.0675 0.08666666666666667
0 0.9009375 0.0925 0.058125 0.09333333333333334
0 0.5178125 0.83125 0.068125 0.09916666666666667
0 0.3146875 0.9533333333333334 0.059375 0.09166666666666666
0 0.1959375 0.8320833333333333 0.078125 0.09083333333333334
0 0.1246875 0.9320833333333334 0.056875 0.08416666666666667
0 0.8209375 0.40166666666666667 0.076875 0.095
0 0.6515625 0.8966666666666666 0.068125 0.09166666666666666
0 0.5290625 0.19458333333333333 0.070625 0.11083333333333334