0 0.8571875 0.6733333333333333 0.086875 0.11666666666666667
0 0.4621875 0.67375 0.081875 0.10916666666666666
0 0.2165625 0.2525 0.090625 0.12
0 0.6646875 0.09 0.090625 0.12
0 0.4728125 0.24541666666666667 0.094375 0.12583333333333332
0 0.3078125 0.20583333333333334 0.085625 0.11333333333333333
0 0.864375 0.54625 0.08625 0.11583333333333333
0 0.5665625 0.6483333333333333 0.086875 0.115
0 0.938125 0.6033333333333334 0.08875 0.11833333333333333
0 0.689375 0.17583333333333334 0.09875 0.13166666666666665
0 0.248125 0.16791666666666666 0.09625 0.1275
0 0.144375 0.25666666666666665 0.1 0.13333333333333333
0 0.19375 0.62125 0.09 0.11916666666666667
0 0.33125 0.6958333333333333 0.0825 0.11
0 0.6284375 0.6716666666666666 0.084375 0.11333333333333333
0 0.5984375 0.24958333333333332 0.103125 0.1375
0 0.0646875 0.23708333333333334 0.110625 0.1475
0 0.1446875 0.5858333333333333 0.083125 0.11
0 0.6878125 0.5804166666666667 0.086875 0.11583333333333333
0 0.2371875 0.7479166666666667 0.103125 0.1375
0 0.4165625 0.8479166666666667 0.089375 0.11916666666666667
0 0.4515625 0.86 0.081875 0.11
0 0.9475 0.4979166666666667 0.095 0.1275
0 0.6128125 0.5995833333333334 0.085625 0.11416666666666667
0 0.0621875 0.49416666666666664 0.103125 0.13666666666666666
0 0.22875 0.4625 0.085 0.11333333333333333
0 0.51875 0.8704166666666666 0.1025 0.1375
0 0.651875 0.5795833333333333 0.09875 0.13083333333333333
1 0.3484375 0.34375 0.119375 0.15916666666666668
0 0.21 0.3575 0.105 0.14