0 0.5733024691358025 0.6030368763557483 0.06018518518518518 0.08821402747650037
0 0.684156378600823 0.559652928416486 0.06481481481481481 0.08532176428054954
0 0.4079218106995885 0.6822125813449024 0.05864197530864197 0.09327548806941431
0 0.5910493827160493 0.9045553145336226 0.06172839506172839 0.10267534345625452
0 0.3227880658436214 0.6778741865509761 0.07458847736625514 0.09906001446131597
0 0.7006172839506173 0.8051337671728127 0.06790123456790123 0.08604483007953724
0 0.31558641975308643 0.9204627621113521 0.07664609053497942 0.10556760665220535
0 0.3153292181069959 0.8286334056399133 0.08847736625514403 0.09689081706435286
0 0.4089506172839506 0.7588575560375994 0.0720164609053498 0.09327548806941431
0 0.8636831275720165 0.5267534345625452 0.07098765432098765 0.10484454085321765
0 0.33359053497942387 0.7617498192335502 0.10133744855967078 0.07447577729573392
0 0.8930041152263375 0.6048445408532176 0.05555555555555555 0.08459869848156182
0 0.6213991769547325 0.5795372378886479 0.060699588477366256 0.08170643528561099
0 0.4403292181069959 0.9103398409255242 0.0668724279835391 0.07230657989877079
0 0.5419238683127572 0.9320318148951554 0.07458847736625514 0.09399855386840203
0 0.717335390946502 0.39804772234273317 0.058127572016460904 0.11496746203904555
0 0.7893518518518519 0.3955169920462762 0.07664609053497942 0.07809110629067245
0 0.35288065843621397 0.6008676789587852 0.07304526748971193 0.08098336948662328
0 0.7561728395061729 0.7284887924801157 0.06481481481481481 0.09761388286334056
0 0.6620370370370371 0.3676789587852495 0.07304526748971193 0.09906001446131597
0 0.8734567901234568 0.6847433116413594 0.06584362139917696 0.0824295010845987
0 0.444701646090535 0.4699927693420101 0.06327160493827161 0.1099060014461316
0 0.6136831275720165 0.8257411424439624 0.06995884773662552 0.0650759219088937
0 0.5036008230452675 0.5520607375271149 0.05555555555555555 0.0918293564714389
0 0.7636316872427984 0.47396963123644253 0.09619341563786009 0.08604483007953724
0 0.36419753086419754 0.9370932754880694 0.0668724279835391 0.11569052783803326
0 0.6718106995884774 0.8409255242227043 0.07407407407407407 0.08387563268257411
0 0.54809670781893 0.8882863340563991 0.07561728395061729 0.09616775126536514
0 0.43106995884773663 0.5462762111352133 0.0720164609053498 0.08893709327548807
0 0.4086934156378601 0.5954446854663774 0.058127572016460904 0.08893709327548807
0 0.8189300411522634 0.4942154736080983 0.09259259259259259 0.10773680404916848
0 0.5997942386831275 0.5267534345625452 0.08436213991769548 0.07881417208966016
0 0.7209362139917695 0.6507592190889371 0.058127572016460904 0.10556760665220535
1 0.40329218106995884 0.851409978308026 0.08539094650205761 0.10629067245119306
1 0.47530864197530864 0.6399132321041214 0.08847736625514403 0.1012292118582791
0 0.6280864197530864 0.4443239334779465 0.0720164609053498 0.1005061460592914
0 0.5012860082304527 0.43673174258857556 0.058127572016460904 0.12436731742588576
0 0.6828703703703703 0.46673897324656544 0.06738683127572016 0.10629067245119306
0 0.3662551440329218 0.5202458423716558 0.08950617283950617 0.09761388286334056