0 0.6946875 0.13125 0.061875 0.08916666666666667
0 0.79 0.19291666666666665 0.08375 0.08083333333333333
0 0.725 0.37833333333333335 0.0725 0.09666666666666666
0 0.773125 0.5466666666666666 0.06875 0.10166666666666667
0 0.805 0.63125 0.05625 0.09583333333333334
0 0.170625 0.3570833333333333 0.0725 0.10583333333333333
0 0.5953125 0.5204166666666666 0.069375 0.08083333333333333
0 0.5290625 0.4116666666666667 0.060625 0.09
0 0.1890625 0.5516666666666666 0.070625 0.10166666666666667
0 0.2565625 0.4429166666666667 0.069375 0.0925
0 0.2240625 0.6945833333333333 0.069375 0.0825
0 0.680625 0.6429166666666667 0.09 0.07916666666666666
0 0.6375 0.5395833333333333 0.0725 0.10083333333333333
0 0.6415625 0.7533333333333333 0.068125 0.11
0 0.2809375 0.20083333333333334 0.073125 0.085
0 0.705625 0.5454166666666667 0.06875 0.08583333333333333
0 0.2359375 0.6216666666666667 0.074375 0.10333333333333333
0 0.22875 0.21041666666666667 0.06625 0.0825
0 0.819375 0.2704166666666667 0.07875 0.0925
0 0.3465625 0.15 0.070625 0.09666666666666666
0 0.318125 0.26666666666666666 0.085 0.08666666666666667
0 0.441875 0.15083333333333335 0.07375 0.09833333333333333
0 0.60125 0.3775 0.07 0.1
0 0.4965625 0.26666666666666666 0.079375 0.08666666666666667
0 0.7175 0.48375 0.07125 0.09583333333333334
0 0.2271875 0.07583333333333334 0.078125 0.105
0 0.45625 0.33541666666666664 0.0675 0.0825
0 0.555625 0.87375 0.09125 0.08916666666666667
0 0.513125 0.36541666666666667 0.07625 0.08416666666666667
0 0.604375 0.75375 0.06 0.0775
0 0.455625 0.28833333333333333 0.0825 0.09166666666666666
0 0.5921875 0.8233333333333334 0.058125 0.08
0 0.2715625 0.8275 0.071875 0.12
0 0.4009375 0.23041666666666666 0.060625 0.09916666666666667
0 0.4334375 0.4866666666666667 0.083125 0.09166666666666666
0 0.6934375 0.2925 0.058125 0.09
0 0.1634375 0.19541666666666666 0.076875 0.09583333333333334
0 0.55875 0.31958333333333333 0.06 0.10416666666666667