0 0.3196875 0.5254166666666666 0.064375 0.08416666666666667
0 0.0465625 0.14416666666666667 0.063125 0.08333333333333333
0 0.580625 0.395 0.06 0.07833333333333334
0 0.339375 0.3775 0.05875 0.08666666666666667
0 0.3903125 0.8470833333333333 0.076875 0.09916666666666667
0 0.3490625 0.275 0.068125 0.09
0 0.5771875 0.5283333333333333 0.055625 0.08166666666666667
0 0.0871875 0.8966666666666666 0.073125 0.095
0 0.8484375 0.775 0.068125 0.08
0 0.9175 0.8429166666666666 0.06125 0.07916666666666666
0 0.2496875 0.8729166666666667 0.061875 0.08416666666666667
0 0.5884375 0.6708333333333333 0.061875 0.09833333333333333
0 0.5734375 0.13208333333333333 0.068125 0.0825
0 0.434375 0.42625 0.06125 0.0775
0 0.763125 0.6095833333333334 0.06375 0.08916666666666667
0 0.3009375 0.44208333333333333 0.068125 0.08416666666666667
0 0.15875 0.80875 0.0675 0.0825
0 0.745 0.7983333333333333 0.06375 0.08
0 0.0496875 0.4608333333333333 0.070625 0.09166666666666666
0 0.126875 0.23791666666666667 0.07 0.0975
0 0.765 0.48083333333333333 0.065 0.08333333333333333
0 0.759375 0.24875 0.0625 0.08083333333333333
0 0.3421875 0.17625 0.069375 0.0975
0 0.5196875 0.54125 0.070625 0.0975
0 0.4659375 0.05291666666666667 0.071875 0.09416666666666666
0 0.4284375 0.28125 0.054375 0.08583333333333333
0 0.9003125 0.2025 0.059375 0.07666666666666666
0 0.4753125 0.9158333333333334 0.079375 0.08
0 0.2425 0.29375 0.07125 0.09916666666666667
0 0.4859375 0.84375 0.078125 0.0875
0 0.6553125 0.41041666666666665 0.060625 0.0775
0 0.6890625 0.9058333333333334 0.070625 0.09166666666666666
0 0.1434375 0.12541666666666668 0.065625 0.0825
0 0.6615625 0.09666666666666666 0.058125 0.08166666666666667
0 0.2471875 0.7008333333333333 0.071875 0.085
0 0.9409375 0.5616666666666666 0.061875 0.07666666666666666
0 0.4321875 0.6854166666666667 0.063125 0.1125
0 0.1621875 0.46708333333333335 0.065625 0.08416666666666667
0 0.228125 0.9525 0.06875 0.09333333333333334
0 0.8440625 0.15958333333333333 0.070625 0.09416666666666666
1 0.1703125 0.865 0.076875 0.09833333333333333
0 0.91125 0.27416666666666667 0.055 0.08
0 0.401875 0.20875 0.06 0.0875
0 0.736875 0.5229166666666667 0.0625 0.0825
0 0.855625 0.11416666666666667 0.065 0.07333333333333333
0 0.62375 0.54 0.05625 0.085
0 0.2490625 0.38208333333333333 0.071875 0.10083333333333333
0 0.5615625 0.25666666666666665 0.056875 0.08166666666666667
0 0.0509375 0.7679166666666667 0.048125 0.08416666666666667
0 0.646875 0.25375 0.0625 0.10083333333333333
0 0.4796875 0.6616666666666666 0.058125 0.085
0 0.9525 0.10458333333333333 0.06 0.08083333333333333
0 0.1084375 0.7445833333333334 0.070625 0.0775
0 0.780625 0.7470833333333333 0.05 0.0975
0 0.670625 0.5075 0.06 0.09666666666666666
0 0.644375 0.8208333333333333 0.055 0.08666666666666667
0 0.8259375 0.7020833333333333 0.056875 0.0775
0 0.959375 0.45375 0.0575 0.0825
0 0.22 0.4841666666666667 0.05375 0.07833333333333334
0 0.9578125 0.24375 0.054375 0.0725
0 0.3528125 0.7825 0.055625 0.10666666666666667
1 0.7875 0.31 0.09125 0.10333333333333333
0 0.5053125 0.7341666666666666 0.061875 0.07
0 0.3178125 0.11458333333333333 0.074375 0.0975
0 0.38625 0.6291666666666667 0.07125 0.1
0 0.5890625 0.3154166666666667 0.066875 0.07083333333333333
1 0.888125 0.5033333333333333 0.07375 0.14666666666666667
0 0.311875 0.7958333333333333 0.0525 0.09666666666666666
0 0.44625 0.37375 0.0625 0.060833333333333336
0 0.1303125 0.4579166666666667 0.050625 0.14583333333333334
0 0.46625 0.60125 0.05125 0.09916666666666667
0 0.953125 0.5054166666666666 0.07 0.07083333333333333
0 0.696875 0.455 0.07625 0.09333333333333334