0 0.8934375 0.7604166666666666 0.065625 0.08583333333333333
0 0.5275 0.075 0.065 0.085
0 0.484375 0.4216666666666667 0.07 0.075
0 0.665 0.32958333333333334 0.06375 0.0725
0 0.604375 0.3720833333333333 0.06625 0.08083333333333333
0 0.6590625 0.7995833333333333 0.064375 0.09083333333333334
0 0.84875 0.8183333333333334 0.06125 0.085
0 0.455 0.7675 0.06125 0.08166666666666667
0 0.3496875 0.48041666666666666 0.049375 0.07583333333333334
0 0.356875 0.2658333333333333 0.05875 0.08333333333333333
0 0.716875 0.2658333333333333 0.06375 0.08333333333333333
0 0.49875 0.87875 0.06125 0.07916666666666666
0 0.07 0.8779166666666667 0.07625 0.08416666666666667
0 0.5665625 0.3 0.068125 0.08666666666666667
0 0.770625 0.23208333333333334 0.06125 0.08083333333333333
0 0.490625 0.15541666666666668 0.05375 0.08583333333333333
0 0.07875 0.5883333333333334 0.0625 0.085
0 0.7940625 0.5870833333333333 0.066875 0.09083333333333334
0 0.070625 0.14541666666666667 0.07625 0.0975
0 0.2665625 0.8079166666666666 0.068125 0.08916666666666667
0 0.839375 0.655 0.06125 0.08333333333333333
0 0.5503125 0.8308333333333333 0.068125 0.08166666666666667
0 0.884375 0.3475 0.06 0.07833333333333334
0 0.4403125 0.9054166666666666 0.065625 0.08916666666666667
0 0.18875 0.44208333333333333 0.0625 0.0825
0 0.28625 0.71375 0.0475 0.0775
0 0.54625 0.61875 0.07125 0.09583333333333334
0 0.6075 0.48125 0.06 0.10416666666666667
0 0.4075 0.5091666666666667 0.06375 0.085
0 0.3496875 0.6025 0.065625 0.09
0 0.7484375 0.12375 0.073125 0.10583333333333333
0 0.89625 0.52 0.0625 0.09
0 0.93 0.23166666666666666 0.0625 0.09333333333333334
0 0.3328125 0.6858333333333333 0.059375 0.085
0 0.538125 0.4975 0.065 0.08833333333333333
0 0.82375 0.30791666666666667 0.0675 0.07583333333333334
0 0.4453125 0.33791666666666664 0.069375 0.0875
0 0.3925 0.6283333333333333 0.0625 0.08666666666666667
0 0.7646875 0.7158333333333333 0.061875 0.08333333333333333
0 0.49875 0.5445833333333333 0.06375 0.08416666666666667
0 0.55875 0.6908333333333333 0.07125 0.08833333333333333
0 0.1071875 0.385 0.075625 0.09166666666666666
0 0.8553125 0.4370833333333333 0.059375 0.09416666666666666
0 0.10625 0.7395833333333334 0.065 0.0925
0 0.7809375 0.7975 0.078125 0.08
0 0.3971875 0.8195833333333333 0.066875 0.08916666666666667
0 0.5040625 0.28541666666666665 0.064375 0.08583333333333333
0 0.279375 0.07541666666666667 0.08 0.1025
0 0.901875 0.08291666666666667 0.0625 0.07583333333333334
0 0.4059375 0.19375 0.066875 0.09583333333333334
0 0.956875 0.72875 0.07375 0.0875
0 0.5740625 0.19125 0.063125 0.0875
0 0.2671875 0.63125 0.059375 0.0775
0 0.1596875 0.49625 0.068125 0.0875
0 0.2853125 0.4375 0.070625 0.07666666666666666
0 0.3621875 0.7445833333333334 0.066875 0.09083333333333334
0 0.6228125 0.27416666666666667 0.069375 0.07333333333333333
0 0.469375 0.49833333333333335 0.06125 0.08333333333333333
0 0.909375 0.8545833333333334 0.07625 0.1025
0 0.4409375 0.20916666666666667 0.068125 0.09
0 0.56625 0.7595833333333334 0.07375 0.07583333333333334
0 0.905 0.17791666666666667 0.07 0.08916666666666667
0 0.84875 0.12583333333333332 0.06375 0.08
0 0.4596875 0.67125 0.064375 0.09083333333333334
0 0.825625 0.23 0.0675 0.08166666666666667
0 0.2840625 0.3858333333333333 0.079375 0.09166666666666666
0 0.68625 0.16458333333333333 0.0575 0.06916666666666667
0 0.36 0.915 0.06875 0.09166666666666666
0 0.67 0.23208333333333334 0.06375 0.0725
0 0.6678125 0.41 0.070625 0.09333333333333334
0 0.8109375 0.15958333333333333 0.070625 0.08083333333333333
0 0.6684375 0.5295833333333333 0.053125 0.07916666666666666
0 0.6996875 0.42083333333333334 0.063125 0.08166666666666667
0 0.8084375 0.06333333333333334 0.071875 0.10333333333333333
0 0.678125 0.05625 0.0725 0.10083333333333333
0 0.3053125 0.8929166666666667 0.059375 0.07083333333333333
0 0.8328125 0.5033333333333333 0.074375 0.10166666666666667
0 0.224375 0.6675 0.08 0.08
0 0.1128125 0.6420833333333333 0.064375 0.08583333333333333
0 0.2765625 0.515 0.069375 0.08166666666666667
0 0.72 0.5441666666666667 0.0675 0.08833333333333333
0 0.2046875 0.5720833333333334 0.066875 0.08583333333333333
0 0.3653125 0.40958333333333335 0.059375 0.08416666666666667
0 0.4759375 0.6491666666666667 0.071875 0.10666666666666667
0 0.35 0.35125 0.0625 0.08583333333333333
0 0.2346875 0.52125 0.068125 0.09416666666666666
0 0.22625 0.38708333333333333 0.0625 0.08916666666666667
0 0.609375 0.10625 0.06125 0.0775
0 0.650625 0.95 0.08125 0.09833333333333333
0 0.0934375 0.48875 0.069375 0.0925
0 0.9328125 0.30291666666666667 0.064375 0.06583333333333333
1 0.425625 0.45166666666666666 0.07625 0.08333333333333333
1 0.2534375 0.9254166666666667 0.091875 0.08583333333333333
0 0.62375 0.5304166666666666 0.06 0.09083333333333334
0 0.72375 0.50375 0.055 0.06583333333333333
0 0.3440625 0.95125 0.068125 0.07083333333333333
0 0.1390625 0.6945833333333333 0.059375 0.09083333333333334
0 0.1496875 0.575 0.069375 0.08333333333333333
0 0.7621875 0.52375 0.064375 0.08583333333333333
0 0.854375 0.04541666666666667 0.06375 0.0725
0 0.6075 0.17541666666666667 0.0575 0.08416666666666667
0 0.5078125 0.245 0.066875 0.10166666666666667
0 0.7853125 0.7245833333333334 0.063125 0.09416666666666666
0 0.0315625 0.6575 0.063125 0.08166666666666667