0 0.061875 0.33 0.10375 0.13833333333333334
0 0.54 0.7016666666666667 0.09875 0.13166666666666665
0 0.5234375 0.29041666666666666 0.101875 0.13583333333333333
0 0.490625 0.51 0.09625 0.12833333333333333
0 0.6015625 0.11541666666666667 0.106875 0.1425
0 0.1215625 0.60875 0.111875 0.14916666666666667
0 0.463125 0.435 0.095 0.12666666666666668
0 0.2009375 0.22875 0.104375 0.13916666666666666
0 0.593125 0.24458333333333335 0.11625 0.15416666666666667
0 0.471875 0.7495833333333334 0.1075 0.14416666666666667
0 0.2175 0.6958333333333333 0.10875 0.145
0 0.18625 0.3620833333333333 0.10875 0.14583333333333334
0 0.1159375 0.39708333333333334 0.108125 0.14416666666666667
0 0.28625 0.1525 0.1025 0.13666666666666666
0 0.7503125 0.8041666666666667 0.101875 0.13666666666666666
0 0.0553125 0.5279166666666667 0.105625 0.14083333333333334
0 0.925 0.6725 0.1025 0.13666666666666666
0 0.821875 0.9004166666666666 0.10625 0.14083333333333334
0 0.7153125 0.7025 0.106875 0.14333333333333334
0 0.57 0.7933333333333333 0.11375 0.15166666666666667
0 0.4834375 0.61875 0.111875 0.14916666666666667
1 0.888125 0.4725 0.09625 0.12833333333333333
0 0.66 0.6608333333333334 0.10875 0.145
0 0.54875 0.3879166666666667 0.10625 0.14083333333333334
0 0.535 0.8995833333333333 0.11125 0.1475
0 0.385 0.48833333333333334 0.1 0.13333333333333333
0 0.3409375 0.20458333333333334 0.099375 0.1325
0 0.3690625 0.07416666666666667 0.109375 0.14666666666666667
0 0.545625 0.56375 0.09625 0.1275
0 0.375 0.88125 0.1075 0.1425
0 0.7821875 0.9245833333333333 0.105625 0.14083333333333334
0 0.4078125 0.3229166666666667 0.096875 0.12916666666666668
0 0.285625 0.6433333333333333 0.10875 0.145
0 0.914375 0.5475 0.1025 0.13666666666666666
0 0.3303125 0.705 0.109375 0.145
0 0.3790625 0.7933333333333333 0.109375 0.14666666666666667
0 0.3540625 0.7745833333333333 0.100625 0.13416666666666666
0 0.6528125 0.45625 0.103125 0.1375
0 0.32625 0.5608333333333333 0.1 0.13333333333333333
0 0.641875 0.5045833333333334 0.08375 0.1125