0 0.1296875 0.3804166666666667 0.100625 0.13416666666666666
0 0.3678125 0.3729166666666667 0.109375 0.14583333333333334
0 0.8390625 0.5804166666666667 0.104375 0.13916666666666666
0 0.6040625 0.8320833333333333 0.095625 0.1275
0 0.1909375 0.42291666666666666 0.105625 0.14083333333333334
0 0.820625 0.4970833333333333 0.10125 0.13416666666666666
0 0.225625 0.6933333333333334 0.115 0.15333333333333332
0 0.8228125 0.7204166666666667 0.096875 0.12916666666666668
0 0.62625 0.3441666666666667 0.10875 0.145
0 0.89125 0.48833333333333334 0.10875 0.145
0 0.7496875 0.58375 0.106875 0.1425
0 0.6559375 0.695 0.099375 0.13166666666666665
0 0.304375 0.415 0.09625 0.12833333333333333
0 0.4590625 0.16416666666666666 0.115625 0.15333333333333332
0 0.41 0.235 0.09375 0.125
0 0.69125 0.5016666666666667 0.08625 0.115
0 0.5740625 0.7495833333333334 0.104375 0.13916666666666666
0 0.6571875 0.7883333333333333 0.096875 0.12833333333333333
0 0.5109375 0.73 0.115625 0.15333333333333332
0 0.579375 0.10083333333333333 0.10875 0.145
1 0.623125 0.5770833333333333 0.11625 0.15583333333333332
0 0.27625 0.5166666666666667 0.10625 0.14166666666666666
0 0.3871875 0.15875 0.094375 0.12583333333333332
0 0.4384375 0.8083333333333333 0.099375 0.13333333333333333
0 0.3890625 0.7566666666666667 0.091875 0.12333333333333334
0 0.21375 0.59375 0.09625 0.1275
0 0.4153125 0.31666666666666665 0.088125 0.11833333333333333
0 0.9040625 0.65875 0.085625 0.11416666666666667
1 0.493125 0.87375 0.14625 0.19416666666666665
1 0.5125 0.7895833333333333 0.12625 0.16916666666666666
1 0.2659375 0.235 0.150625 0.2
1 0.34125 0.5391666666666667 0.14 0.18666666666666668
1 0.54125 0.17166666666666666 0.12625 0.16833333333333333
0 0.895625 0.7770833333333333 0.0825 0.11083333333333334
0 0.525625 0.09 0.0875 0.11666666666666667
0 0.65625 0.14083333333333334 0.08625 0.115
0 0.2859375 0.10583333333333333 0.101875 0.13666666666666666
0 0.51 0.24166666666666667 0.08625 0.115
0 0.1684375 0.18333333333333332 0.095625 0.12666666666666668
0 0.0728125 0.47875 0.091875 0.1225
0 0.8871875 0.66 0.104375 0.13833333333333334
0 0.9453125 0.59125 0.090625 0.12083333333333333
0 0.6965625 0.5854166666666667 0.108125 0.14416666666666667
0 0.2465625 0.5166666666666667 0.096875 0.12833333333333333
0 0.330625 0.915 0.08375 0.11166666666666666
0 0.81 0.93 0.08875 0.11833333333333333
0 0.3621875 0.4683333333333333 0.091875 0.12166666666666667
0 0.29375 0.4375 0.10375 0.13833333333333334
0 0.52875 0.3570833333333333 0.1 0.1325
0 0.2425 0.59625 0.0925 0.12416666666666666
0 0.446875 0.9258333333333333 0.10375 0.13833333333333334