0 0.213125 0.6566666666666666 0.0775 0.10333333333333333
0 0.3590625 0.8825 0.073125 0.105
0 0.9503125 0.08291666666666667 0.085625 0.10916666666666666
0 0.921875 0.7908333333333334 0.085 0.10166666666666667
0 0.696875 0.23416666666666666 0.08375 0.10833333333333334
0 0.289375 0.65 0.07875 0.105
0 0.196875 0.23 0.085 0.11
0 0.785625 0.20625 0.07625 0.10083333333333333
0 0.56 0.11791666666666667 0.07625 0.1175
0 0.39625 0.6741666666666667 0.0825 0.11
0 0.31 0.3491666666666667 0.08 0.10166666666666667
0 0.8321875 0.6358333333333334 0.074375 0.10166666666666667
0 0.7009375 0.37875 0.084375 0.10916666666666666
0 0.5565625 0.7725 0.081875 0.10833333333333334
0 0.4565625 0.0775 0.079375 0.09166666666666666
0 0.0934375 0.5195833333333333 0.076875 0.11083333333333334
0 0.399375 0.24875 0.075 0.09916666666666667
0 0.0884375 0.6475 0.083125 0.10666666666666667
0 0.2703125 0.8970833333333333 0.068125 0.08583333333333333
0 0.9253125 0.5854166666666667 0.081875 0.1025
0 0.871875 0.8445833333333334 0.07375 0.10083333333333333
0 0.215 0.37583333333333335 0.07875 0.10833333333333334
0 0.360625 0.5404166666666667 0.08375 0.10583333333333333
0 0.6278125 0.13541666666666666 0.064375 0.10083333333333333
0 0.30125 0.8058333333333333 0.07 0.08333333333333333
0 0.635 0.8479166666666667 0.075 0.0875
0 0.6696875 0.9404166666666667 0.075625 0.1175
0 0.720625 0.12083333333333333 0.075 0.1
0 0.40125 0.7875 0.0875 0.105
0 0.7778125 0.5479166666666667 0.079375 0.12083333333333333
0 0.6896875 0.7295833333333334 0.071875 0.10916666666666666
0 0.6034375 0.45875 0.074375 0.1075
0 0.936875 0.4766666666666667 0.07625 0.09666666666666666
0 0.0378125 0.3516666666666667 0.075625 0.10333333333333333
0 0.504375 0.9125 0.0825 0.11166666666666666
0 0.2625 0.125 0.08125 0.10166666666666667
0 0.921875 0.37 0.07 0.135
0 0.64125 0.7520833333333333 0.07 0.10583333333333333
0 0.0825 0.26208333333333333 0.07375 0.09916666666666667