0 0.485625 0.42125 0.11 0.14583333333333334
0 0.2975 0.5858333333333333 0.11625 0.155
0 0.353125 0.8458333333333333 0.095 0.12666666666666668
0 0.7034375 0.3745833333333333 0.089375 0.11916666666666667
0 0.598125 0.3925 0.10375 0.13833333333333334
0 0.8534375 0.44458333333333333 0.098125 0.13083333333333333
0 0.8815625 0.53625 0.103125 0.1375
0 0.4609375 0.84125 0.106875 0.1425
0 0.2478125 0.31125 0.103125 0.1375
0 0.3709375 0.5454166666666667 0.103125 0.1375
0 0.5284375 0.51875 0.094375 0.12583333333333332
0 0.0875 0.5666666666666667 0.11625 0.155
0 0.7525 0.7308333333333333 0.10125 0.135
0 0.829375 0.21916666666666668 0.1075 0.14333333333333334
0 0.7946875 0.12625 0.110625 0.1475
0 0.269375 0.40166666666666667 0.1025 0.13666666666666666
0 0.6415625 0.46458333333333335 0.098125 0.13083333333333333
0 0.8334375 0.6645833333333333 0.101875 0.13583333333333333
0 0.19625 0.67 0.10875 0.145
0 0.0771875 0.77875 0.113125 0.15083333333333335
0 0.3665625 0.30583333333333335 0.104375 0.14
0 0.576875 0.6891666666666667 0.10875 0.145
0 0.5346875 0.16791666666666666 0.105625 0.14083333333333334
0 0.6015625 0.6170833333333333 0.099375 0.1325
0 0.675625 0.8775 0.1025 0.13666666666666666
0 0.645625 0.75125 0.10625 0.14083333333333334
0 0.203125 0.85375 0.11875 0.1575
1 0.6090625 0.8108333333333333 0.136875 0.18333333333333332
0 0.525 0.87625 0.0825 0.10916666666666666
0 0.310625 0.40458333333333335 0.105 0.13916666666666666
0 0.4659375 0.10625 0.121875 0.1625
0 0.22125 0.24125 0.115 0.15416666666666667
0 0.151875 0.9166666666666666 0.105 0.14
0 0.9103125 0.3104166666666667 0.145625 0.19416666666666665