0 0.5084375 0.37916666666666665 0.066875 0.085
0 0.2790625 0.295 0.060625 0.08333333333333333
0 0.9128125 0.055 0.061875 0.07333333333333333
0 0.6265625 0.30625 0.071875 0.07916666666666666
0 0.1121875 0.25458333333333333 0.068125 0.07583333333333334
0 0.9578125 0.5479166666666667 0.060625 0.0775
0 0.4828125 0.7741666666666667 0.070625 0.09
0 0.041875 0.36375 0.07125 0.09916666666666667
0 0.2546875 0.71125 0.075625 0.10083333333333333
0 0.68875 0.5229166666666667 0.06 0.07583333333333334
0 0.49375 0.2825 0.06125 0.08333333333333333
0 0.2215625 0.28541666666666665 0.059375 0.08083333333333333
0 0.8115625 0.6975 0.064375 0.09833333333333333
0 0.209375 0.7479166666666667 0.07 0.0875
1 0.6265625 0.08541666666666667 0.083125 0.09416666666666666
0 0.27125 0.8175 0.06375 0.07333333333333333
0 0.53875 0.61 0.0625 0.08666666666666667
0 0.0484375 0.11458333333333333 0.070625 0.0925
0 0.2475 0.9175 0.06625 0.095
0 0.45875 0.5225 0.0675 0.09
0 0.42 0.8154166666666667 0.06875 0.0775
0 0.640625 0.23666666666666666 0.055 0.075
0 0.4728125 0.63 0.065625 0.07666666666666666
0 0.269375 0.11875 0.065 0.0875
0 0.4890625 0.05583333333333333 0.059375 0.08
0 0.3865625 0.2758333333333333 0.056875 0.08
0 0.375625 0.5475 0.07375 0.08833333333333333
1 0.305625 0.38958333333333334 0.07625 0.10916666666666666
0 0.3409375 0.6516666666666666 0.063125 0.07333333333333333
0 0.801875 0.43916666666666665 0.0725 0.095
0 0.3753125 0.17041666666666666 0.056875 0.08416666666666667
0 0.694375 0.35208333333333336 0.0675 0.0875
0 0.0553125 0.48291666666666666 0.055625 0.07083333333333333
0 0.2446875 0.20833333333333334 0.055625 0.07333333333333333
0 0.1278125 0.9108333333333334 0.056875 0.07
0 0.770625 0.3775 0.05875 0.07833333333333334
0 0.69875 0.15458333333333332 0.06125 0.0775
0 0.808125 0.06125 0.06375 0.07583333333333334
0 0.096875 0.47791666666666666 0.05375 0.0725
0 0.7146875 0.27166666666666667 0.068125 0.07333333333333333
0 0.886875 0.26166666666666666 0.06375 0.07666666666666666
0 0.0821875 0.19166666666666668 0.058125 0.06833333333333333
1 0.11625 0.8 0.09875 0.095
0 0.7634375 0.8954166666666666 0.071875 0.08416666666666667
0 0.3253125 0.6241666666666666 0.059375 0.08166666666666667
0 0.3846875 0.08666666666666667 0.065625 0.07833333333333334
0 0.3371875 0.46958333333333335 0.068125 0.07083333333333333
0 0.6396875 0.9433333333333334 0.059375 0.08666666666666667
0 0.51125 0.7045833333333333 0.06125 0.07583333333333334
0 0.696875 0.2375 0.06 0.085
0 0.53375 0.135 0.05375 0.07166666666666667
0 0.1125 0.15 0.06125 0.08166666666666667
0 0.5653125 0.9425 0.054375 0.07833333333333334
0 0.8596875 0.93875 0.056875 0.060833333333333336
0 0.1496875 0.135 0.058125 0.075
0 0.51625 0.9241666666666667 0.055 0.07333333333333333
0 0.6984375 0.07166666666666667 0.054375 0.08
0 0.745625 0.034583333333333334 0.06 0.0675
0 0.936875 0.9570833333333333 0.04875 0.0825
0 0.9059375 0.9516666666666667 0.053125 0.07833333333333334
0 0.1390625 0.83875 0.051875 0.0725
0 0.16125 0.5125 0.04875 0.06833333333333333
0 0.4509375 0.14125 0.046875 0.060833333333333336
0 0.5421875 0.08666666666666667 0.049375 0.06666666666666667
0 0.19875 0.50375 0.04875 0.0575