0 0.695 0.27125 0.0975 0.12916666666666668
0 0.300625 0.5333333333333333 0.09 0.12
0 0.4203125 0.5866666666666667 0.096875 0.12833333333333333
0 0.6296875 0.9045833333333333 0.103125 0.1375
0 0.4834375 0.7191666666666666 0.099375 0.13166666666666665
0 0.731875 0.46166666666666667 0.1125 0.15
0 0.6953125 0.37666666666666665 0.106875 0.14166666666666666
0 0.403125 0.23791666666666667 0.1 0.13416666666666666
0 0.679375 0.8233333333333334 0.105 0.14
0 0.4865625 0.3375 0.108125 0.145
0 0.5584375 0.26625 0.091875 0.1225
0 0.56125 0.9204166666666667 0.1075 0.1425
0 0.6165625 0.53625 0.094375 0.12583333333333332
0 0.564375 0.4525 0.10125 0.135
0 0.788125 0.1675 0.095 0.12666666666666668
0 0.5025 0.5670833333333334 0.1125 0.14916666666666667
0 0.3990625 0.6779166666666666 0.109375 0.14583333333333334
0 0.5834375 0.5845833333333333 0.109375 0.14583333333333334
0 0.0740625 0.55 0.101875 0.13666666666666666
0 0.6940625 0.5595833333333333 0.113125 0.15083333333333335
0 0.835625 0.11375 0.09625 0.12916666666666668
0 0.79625 0.34 0.10875 0.145
0 0.359375 0.56625 0.10125 0.13583333333333333
0 0.87 0.525 0.095 0.12666666666666668
0 0.3709375 0.9179166666666667 0.083125 0.11083333333333334
0 0.301875 0.7254166666666667 0.10125 0.13583333333333333
0 0.4775 0.43416666666666665 0.10875 0.145
0 0.21875 0.39208333333333334 0.10375 0.13916666666666666
0 0.146875 0.7870833333333334 0.0875 0.11583333333333333
0 0.256875 0.6225 0.11 0.14666666666666667
0 0.7275 0.17666666666666667 0.10125 0.135
0 0.385 0.435 0.1125 0.15
0 0.3865625 0.31375 0.099375 0.1325
0 0.7946875 0.5783333333333334 0.111875 0.15
0 0.67 0.17875 0.11375 0.1525
0 0.914375 0.22 0.1075 0.14333333333333334
0 0.174375 0.4425 0.10625 0.14166666666666666
0 0.47125 0.1375 0.11 0.14666666666666667
0 0.140625 0.565 0.105 0.14
0 0.4528125 0.21375 0.109375 0.14583333333333334
0 0.5178125 0.6170833333333333 0.108125 0.14416666666666667
0 0.5259375 0.39416666666666667 0.099375 0.13333333333333333
0 0.0871875 0.7845833333333333 0.091875 0.1225
0 0.6396875 0.07375 0.104375 0.13916666666666666
0 0.703125 0.12416666666666666 0.0825 0.11
0 0.07625 0.60875 0.09125 0.12083333333333333
0 0.3053125 0.19875 0.103125 0.1375
0 0.36125 0.76375 0.11125 0.14916666666666667
0 0.1996875 0.635 0.099375 0.13333333333333333
0 0.4115625 0.7658333333333334 0.118125 0.15666666666666668
0 0.1471875 0.84125 0.105625 0.14083333333333334
0 0.90875 0.555 0.0975 0.13
0 0.5 0.25458333333333333 0.10875 0.14416666666666667
0 0.11125 0.72125 0.09875 0.1325
0 0.2196875 0.8841666666666667 0.095625 0.12833333333333333
0 0.283125 0.39916666666666667 0.09875 0.13166666666666665
0 0.293125 0.33791666666666664 0.11375 0.15083333333333335
0 0.2965625 0.23875 0.124375 0.16583333333333333
0 0.289375 0.2841666666666667 0.1075 0.14333333333333334
0 0.1121875 0.6475 0.094375 0.125
0 0.246875 0.3333333333333333 0.11125 0.14833333333333334