0 0.22875 0.5758333333333333 0.06125 0.085
0 0.1409375 0.3325 0.064375 0.08833333333333333
0 0.5896875 0.255 0.060625 0.09666666666666666
0 0.5090625 0.9283333333333333 0.071875 0.095
0 0.3265625 0.8658333333333333 0.068125 0.08833333333333333
0 0.369375 0.6579166666666667 0.06125 0.08916666666666667
0 0.589375 0.15333333333333332 0.07125 0.10333333333333333
0 0.55125 0.7158333333333333 0.06625 0.08666666666666667
0 0.4084375 0.28958333333333336 0.075625 0.0925
0 0.485625 0.6879166666666666 0.065 0.09916666666666667
0 0.170625 0.7225 0.06375 0.095
0 0.6634375 0.5454166666666667 0.060625 0.0775
0 0.964375 0.3283333333333333 0.0625 0.08166666666666667
0 0.15 0.25375 0.07 0.08583333333333333
0 0.404375 0.755 0.06125 0.08833333333333333
0 0.284375 0.1325 0.07125 0.095
0 0.8625 0.21625 0.07 0.08083333333333333
0 0.2253125 0.3120833333333333 0.061875 0.08583333333333333
0 0.345 0.39708333333333334 0.075 0.09416666666666666
0 0.3659375 0.10791666666666666 0.065625 0.0925
0 0.6925 0.4658333333333333 0.05375 0.065
0 0.705 0.6533333333333333 0.06375 0.09166666666666666
0 0.4903125 0.8133333333333334 0.071875 0.09166666666666666
0 0.8896875 0.3225 0.059375 0.08
0 0.836875 0.42833333333333334 0.06375 0.09
0 0.6175 0.0525 0.06625 0.085
0 0.3340625 0.48083333333333333 0.058125 0.07333333333333333
0 0.3078125 0.59875 0.070625 0.09416666666666666
1 0.72625 0.7958333333333333 0.07375 0.105
0 0.161875 0.4404166666666667 0.07 0.10083333333333333
0 0.2165625 0.4995833333333333 0.083125 0.08416666666666667
0 0.0996875 0.9145833333333333 0.073125 0.08583333333333333
0 0.74875 0.15916666666666668 0.0625 0.10666666666666667
0 0.5946875 0.3625 0.060625 0.08666666666666667
0 0.530625 0.26458333333333334 0.0575 0.10083333333333333
0 0.08625 0.24958333333333332 0.055 0.07916666666666666
0 0.719375 0.37416666666666665 0.06875 0.10166666666666667
0 0.06375 0.7841666666666667 0.06375 0.09
0 0.64375 0.13333333333333333 0.05875 0.08666666666666667
0 0.2871875 0.33375 0.070625 0.10083333333333333
0 0.913125 0.7470833333333333 0.0675 0.10083333333333333
0 0.885625 0.5820833333333333 0.05375 0.0875
0 0.3959375 0.5120833333333333 0.064375 0.08583333333333333
0 0.643125 0.6708333333333333 0.06 0.08666666666666667
0 0.8471875 0.9070833333333334 0.060625 0.07083333333333333
0 0.6378125 0.45666666666666667 0.058125 0.085
0 0.4734375 0.3433333333333333 0.064375 0.09
0 0.9259375 0.3958333333333333 0.070625 0.09166666666666666
0 0.0865625 0.07708333333333334 0.059375 0.07916666666666666
0 0.2875 0.43041666666666667 0.06375 0.08916666666666667
0 0.8303125 0.5845833333333333 0.061875 0.10416666666666667
0 0.77875 0.44083333333333335 0.05375 0.07333333333333333
0 0.1034375 0.16708333333333333 0.064375 0.09583333333333334
1 0.04625 0.6720833333333334 0.07625 0.12583333333333332
0 0.694375 0.5179166666666667 0.07 0.09083333333333334
0 0.9128125 0.91875 0.065625 0.0925
0 0.07375 0.6825 0.05625 0.075
0 0.95625 0.05625 0.065 0.0975
0 0.1428125 0.04 0.058125 0.08
0 0.0553125 0.1275 0.050625 0.10333333333333333
0 0.8146875 0.5541666666666667 0.060625 0.07833333333333334
0 0.234375 0.4175 0.0525 0.10833333333333334
1 0.933125 0.6075 0.07625 0.13166666666666665