0 0.4184375 0.15083333333333335 0.074375 0.10333333333333333
0 0.5484375 0.43916666666666665 0.080625 0.105
0 0.7715625 0.1 0.076875 0.08833333333333333
0 0.2434375 0.8995833333333333 0.076875 0.09916666666666667
0 0.32 0.77875 0.0725 0.09083333333333334
0 0.298125 0.13666666666666666 0.0875 0.09
0 0.7115625 0.6808333333333333 0.081875 0.09833333333333333
0 0.2025 0.37958333333333333 0.07875 0.09916666666666667
0 0.646875 0.27708333333333335 0.08625 0.1125
1 0.8640625 0.5008333333333334 0.094375 0.13333333333333333
0 0.5240625 0.6516666666666666 0.065625 0.1
0 0.138125 0.5433333333333333 0.0675 0.10166666666666667
0 0.8553125 0.9083333333333333 0.086875 0.085
0 0.786875 0.75875 0.08125 0.1075
0 0.084375 0.6079166666666667 0.075 0.10083333333333333
0 0.275625 0.28 0.0725 0.11833333333333333
0 0.891875 0.19 0.07375 0.105
0 0.956875 0.7220833333333333 0.07375 0.09916666666666667
0 0.14875 0.7320833333333333 0.0725 0.0925
0 0.4115625 0.43833333333333335 0.069375 0.1
0 0.7446875 0.5458333333333333 0.074375 0.12
0 0.35375 0.8883333333333333 0.08 0.115
0 0.818125 0.5533333333333333 0.085 0.11
0 0.5571875 0.9441666666666667 0.070625 0.105
0 0.300625 0.8645833333333334 0.0675 0.0975