0 0.4803125 0.31916666666666665 0.073125 0.09333333333333334
0 0.77 0.22166666666666668 0.0625 0.085
0 0.279375 0.3304166666666667 0.07375 0.09916666666666667
0 0.7428125 0.3416666666666667 0.059375 0.08166666666666667
0 0.435 0.45458333333333334 0.06 0.09083333333333334
0 0.399375 0.20125 0.06875 0.09083333333333334
0 0.63875 0.0975 0.065 0.09
0 0.58375 0.21958333333333332 0.07 0.09416666666666666
0 0.538125 0.8666666666666667 0.065 0.09333333333333334
0 0.4803125 0.5241666666666667 0.071875 0.09333333333333334
0 0.6790625 0.6058333333333333 0.068125 0.085
0 0.285 0.4575 0.0775 0.09666666666666666
0 0.26375 0.9345833333333333 0.05875 0.08416666666666667
0 0.5665625 0.78875 0.069375 0.0925
0 0.37 0.4558333333333333 0.0625 0.085
0 0.3259375 0.9608333333333333 0.055625 0.07666666666666666
0 0.2925 0.53875 0.06125 0.09083333333333334
0 0.37375 0.7895833333333333 0.06125 0.09083333333333334
0 0.2821875 0.6845833333333333 0.056875 0.08083333333333333
0 0.57375 0.49083333333333334 0.06625 0.09
0 0.49125 0.6066666666666667 0.0675 0.07333333333333333
0 0.660625 0.42041666666666666 0.0625 0.09083333333333334
0 0.699375 0.75 0.07 0.09833333333333333
0 0.700625 0.3070833333333333 0.05875 0.09083333333333334
0 0.1884375 0.6408333333333334 0.075625 0.08166666666666667
1 0.25875 0.8358333333333333 0.0775 0.11166666666666666
0 0.4090625 0.5604166666666667 0.058125 0.09416666666666666
0 0.683125 0.48541666666666666 0.06125 0.08416666666666667
0 0.416875 0.09791666666666667 0.0675 0.0975
0 0.8415625 0.65875 0.056875 0.09416666666666666
0 0.2515625 0.08166666666666667 0.059375 0.1
0 0.3375 0.16875 0.06125 0.0875
0 0.74 0.7104166666666667 0.06125 0.07583333333333334
1 0.73 0.13041666666666665 0.0825 0.10416666666666667
0 0.364375 0.09416666666666666 0.05625 0.08666666666666667
0 0.46 0.6779166666666666 0.055 0.07083333333333333
0 0.718125 0.9008333333333334 0.05625 0.07333333333333333
0 0.1703125 0.5529166666666666 0.058125 0.07416666666666667
0 0.308125 0.09541666666666666 0.06375 0.09083333333333334
0 0.220625 0.8808333333333334 0.05 0.06333333333333334
0 0.779375 0.9583333333333334 0.06875 0.08166666666666667
0 0.5209375 0.07791666666666666 0.054375 0.06916666666666667
0 0.8390625 0.3383333333333333 0.070625 0.095
0 0.70375 0.18833333333333332 0.05375 0.07166666666666667
0 0.43125 0.7795833333333333 0.055 0.07416666666666667
0 0.7696875 0.87125 0.053125 0.08583333333333333
0 0.6253125 0.7083333333333334 0.058125 0.07666666666666666
0 0.25125 0.5858333333333333 0.0525 0.085
0 0.2759375 0.16666666666666666 0.053125 0.075
0 0.2425 0.23958333333333334 0.05125 0.0625
0 0.3428125 0.5566666666666666 0.051875 0.07333333333333333
0 0.82 0.46791666666666665 0.05 0.060833333333333336
0 0.1478125 0.46958333333333335 0.046875 0.07916666666666666
0 0.1546875 0.8529166666666667 0.060625 0.08583333333333333