0 0.646875 0.3983333333333333 0.06375 0.095
0 0.815625 0.785 0.06125 0.085
0 0.394375 0.14333333333333334 0.0675 0.09166666666666666
0 0.47 0.76375 0.07625 0.0925
0 0.488125 0.6283333333333333 0.07 0.08833333333333333
0 0.4153125 0.33958333333333335 0.059375 0.0775
0 0.746875 0.795 0.06375 0.08
0 0.245625 0.12958333333333333 0.05875 0.0825
0 0.66375 0.10625 0.06375 0.0825
0 0.2903125 0.24458333333333335 0.064375 0.0875
0 0.611875 0.7970833333333334 0.07 0.09083333333333334
0 0.343125 0.5583333333333333 0.06125 0.09166666666666666
0 0.7725 0.655 0.0675 0.08833333333333333
0 0.6884375 0.475 0.066875 0.08333333333333333
0 0.2021875 0.8704166666666666 0.074375 0.0975
0 0.31625 0.1275 0.07625 0.09166666666666666
0 0.699375 0.7254166666666667 0.06375 0.09083333333333334
0 0.7228125 0.19333333333333333 0.068125 0.09
0 0.6275 0.8916666666666667 0.08 0.09166666666666666
0 0.72 0.3375 0.07 0.085
0 0.198125 0.41041666666666665 0.06375 0.09083333333333334
0 0.6746875 0.25166666666666665 0.071875 0.08833333333333333
0 0.7521875 0.07875 0.065625 0.0825
0 0.3721875 0.26125 0.064375 0.08916666666666667
0 0.2125 0.30916666666666665 0.0675 0.08
0 0.2715625 0.56625 0.069375 0.09083333333333334
0 0.280625 0.4579166666666667 0.07 0.08916666666666667
0 0.3540625 0.44916666666666666 0.061875 0.08833333333333333
0 0.59 0.6516666666666666 0.07875 0.10333333333333333
0 0.7075 0.56375 0.075 0.0925
0 0.2328125 0.8079166666666666 0.073125 0.09083333333333334
0 0.596875 0.545 0.07 0.09166666666666666
0 0.8271875 0.24416666666666667 0.064375 0.075
0 0.48875 0.38708333333333333 0.06875 0.08583333333333333
0 0.82125 0.40541666666666665 0.07125 0.08583333333333333
0 0.3090625 0.7629166666666667 0.066875 0.0925
0 0.3103125 0.8595833333333334 0.075625 0.0875
0 0.218125 0.21791666666666668 0.0675 0.1025
0 0.586875 0.0975 0.06375 0.09833333333333333
0 0.4284375 0.5170833333333333 0.058125 0.0925
0 0.463125 0.86375 0.07625 0.08583333333333333
0 0.7203125 0.8833333333333333 0.061875 0.095
0 0.7825 0.15625 0.075 0.09083333333333334
0 0.3109375 0.6704166666666667 0.073125 0.07083333333333333
0 0.5196875 0.5370833333333334 0.080625 0.09583333333333334
0 0.5334375 0.23666666666666666 0.068125 0.08333333333333333
0 0.8175 0.06833333333333333 0.05875 0.08666666666666667
0 0.59875 0.2941666666666667 0.055 0.09
0 0.4903125 0.12541666666666668 0.065625 0.08083333333333333
0 0.3484375 0.94 0.066875 0.07
0 0.575 0.4 0.055 0.09166666666666666
0 0.4596875 0.18416666666666667 0.063125 0.07666666666666666
0 0.84125 0.5033333333333333 0.06625 0.08833333333333333
0 0.8434375 0.7141666666666666 0.061875 0.09166666666666666
0 0.259375 0.735 0.05875 0.09333333333333334
0 0.804375 0.9133333333333333 0.065 0.09166666666666666
1 0.5890625 0.19541666666666666 0.063125 0.06916666666666667
0 0.524375 0.08375 0.0425 0.08416666666666667
0 0.4371875 0.9525 0.058125 0.07166666666666667