0 0.2265625 0.35125 0.060625 0.07583333333333334
0 0.4171875 0.9504166666666667 0.071875 0.0825
0 0.306875 0.22958333333333333 0.06125 0.0825
0 0.7378125 0.58625 0.076875 0.10083333333333333
0 0.8009375 0.6033333333333334 0.065625 0.09
0 0.5 0.0575 0.0875 0.08166666666666667
0 0.564375 0.35583333333333333 0.0575 0.1
0 0.74875 0.16708333333333333 0.075 0.0825
0 0.284375 0.9379166666666666 0.0675 0.09083333333333334
0 0.236875 0.2683333333333333 0.0825 0.085
0 0.4840625 0.49666666666666665 0.069375 0.095
0 0.4878125 0.8366666666666667 0.068125 0.075
0 0.4134375 0.10166666666666667 0.068125 0.09166666666666666
0 0.37 0.20708333333333334 0.07 0.08583333333333333
0 0.5184375 0.6566666666666666 0.059375 0.095
0 0.41125 0.42583333333333334 0.08625 0.09
0 0.42125 0.2841666666666667 0.0675 0.07666666666666666
0 0.559375 0.5825 0.06 0.07333333333333333
0 0.6865625 0.8458333333333333 0.063125 0.08666666666666667
0 0.82125 0.7779166666666667 0.07875 0.09416666666666666
0 0.4646875 0.37375 0.074375 0.08416666666666667
0 0.34625 0.2991666666666667 0.06875 0.09166666666666666
0 0.2746875 0.32458333333333333 0.058125 0.07083333333333333
0 0.46875 0.13416666666666666 0.07875 0.07833333333333334
0 0.225 0.5325 0.08 0.07833333333333334
0 0.463125 0.2225 0.06625 0.09666666666666666
0 0.406875 0.7375 0.08875 0.09333333333333334
0 0.33375 0.6729166666666667 0.09125 0.0675
0 0.2425 0.7729166666666667 0.0525 0.07916666666666666
0 0.774375 0.0925 0.06625 0.08333333333333333
0 0.3665625 0.8579166666666667 0.050625 0.07916666666666666
0 0.714375 0.8020833333333334 0.05125 0.07916666666666666
0 0.3603125 0.615 0.078125 0.07666666666666666
0 0.4825 0.31833333333333336 0.055 0.08
0 0.1728125 0.07 0.061875 0.11666666666666667
0 0.519375 0.5604166666666667 0.055 0.08083333333333333
0 0.511875 0.28708333333333336 0.05125 0.08916666666666667
1 0.3253125 0.72125 0.096875 0.07583333333333334
1 0.311875 0.8395833333333333 0.07 0.11416666666666667
0 0.2390625 0.48583333333333334 0.075625 0.07
0 0.1571875 0.285 0.063125 0.08
0 0.1525 0.8529166666666667 0.05375 0.09083333333333334