0 0.6825 0.6341666666666667 0.09375 0.125
0 0.1578125 0.36625 0.099375 0.1325
0 0.2115625 0.9029166666666667 0.096875 0.12916666666666668
0 0.7821875 0.3070833333333333 0.093125 0.12416666666666666
0 0.639375 0.7516666666666667 0.0925 0.12333333333333334
0 0.6125 0.38375 0.1 0.1325
0 0.0528125 0.69375 0.094375 0.12583333333333332
0 0.271875 0.25416666666666665 0.1075 0.14333333333333334
0 0.2334375 0.37875 0.091875 0.1225
0 0.10625 0.7579166666666667 0.09375 0.12416666666666666
0 0.3409375 0.65625 0.109375 0.14583333333333334
0 0.6203125 0.6554166666666666 0.091875 0.1225
0 0.71 0.17125 0.1175 0.1575
0 0.1359375 0.8529166666666667 0.108125 0.14416666666666667
0 0.3690625 0.22625 0.090625 0.12083333333333333
0 0.551875 0.6083333333333333 0.0975 0.13
0 0.396875 0.5941666666666666 0.11375 0.15166666666666667
0 0.1428125 0.5625 0.115625 0.15333333333333332
0 0.25625 0.455 0.10375 0.13833333333333334
0 0.430625 0.9225 0.115 0.15333333333333332
1 0.5940625 0.4666666666666667 0.110625 0.14666666666666667