0 0.236875 0.16458333333333333 0.08375 0.10416666666666667
0 0.65125 0.06583333333333333 0.0775 0.11333333333333333
0 0.69875 0.19541666666666666 0.08125 0.1075
0 0.50875 0.7304166666666667 0.07375 0.0975
0 0.7640625 0.32958333333333334 0.069375 0.09416666666666666
0 0.168125 0.10083333333333333 0.0825 0.10666666666666667
0 0.68 0.4554166666666667 0.07625 0.09583333333333334
0 0.495625 0.6295833333333334 0.07625 0.1025
0 0.5103125 0.2891666666666667 0.081875 0.11333333333333333
0 0.361875 0.16833333333333333 0.0775 0.09666666666666666
0 0.5571875 0.21125 0.078125 0.09583333333333334
0 0.3378125 0.7479166666666667 0.066875 0.11583333333333333
0 0.4259375 0.6758333333333333 0.075625 0.10833333333333334
0 0.3984375 0.5770833333333333 0.076875 0.11583333333333333
0 0.4953125 0.8816666666666667 0.079375 0.10166666666666667
0 0.35125 0.8675 0.085 0.075
0 0.4359375 0.885 0.071875 0.09666666666666666
0 0.2796875 0.2991666666666667 0.078125 0.095
0 0.6478125 0.5920833333333333 0.081875 0.1225
0 0.2834375 0.3825 0.096875 0.11166666666666666
0 0.191875 0.75375 0.0625 0.1175