0 0.36 0.24916666666666668 0.0975 0.13
0 0.368125 0.41541666666666666 0.08625 0.11583333333333333
0 0.5578125 0.32166666666666666 0.108125 0.14333333333333334
0 0.150625 0.7645833333333333 0.08875 0.11916666666666667
0 0.5528125 0.22958333333333333 0.085625 0.11416666666666667
0 0.09875 0.715 0.08 0.10666666666666667
0 0.4965625 0.19541666666666666 0.089375 0.11916666666666667
0 0.5971875 0.16458333333333333 0.083125 0.11083333333333334
0 0.4578125 0.8320833333333333 0.105625 0.14083333333333334
0 0.5053125 0.3729166666666667 0.089375 0.11916666666666667
0 0.735 0.42625 0.1125 0.14916666666666667
0 0.6234375 0.08916666666666667 0.100625 0.13333333333333333
0 0.83125 0.31916666666666665 0.11625 0.155
0 0.5346875 0.12166666666666667 0.103125 0.13666666666666666
0 0.1084375 0.8354166666666667 0.091875 0.1225
0 0.0928125 0.5241666666666667 0.078125 0.105
0 0.4228125 0.42291666666666666 0.098125 0.13083333333333333
0 0.2646875 0.34291666666666665 0.099375 0.1325
0 0.464375 0.12041666666666667 0.09625 0.1275
0 0.7396875 0.25166666666666665 0.093125 0.12333333333333334
0 0.4440625 0.25458333333333333 0.086875 0.11583333333333333
0 0.7709375 0.6183333333333333 0.098125 0.13166666666666665
0 0.889375 0.5120833333333333 0.09625 0.12916666666666668
0 0.454375 0.6045833333333334 0.10375 0.1375
0 0.273125 0.6029166666666667 0.09625 0.12916666666666668
0 0.235 0.2625 0.09 0.12
0 0.1259375 0.4320833333333333 0.105625 0.14083333333333334
0 0.3021875 0.8141666666666667 0.080625 0.10833333333333334
0 0.8278125 0.5554166666666667 0.100625 0.13416666666666666
0 0.145 0.34125 0.1075 0.14416666666666667
0 0.3421875 0.6029166666666667 0.105625 0.14083333333333334
0 0.4759375 0.44875 0.103125 0.1375
0 0.7484375 0.3358333333333333 0.106875 0.14166666666666666
0 0.153125 0.84625 0.09 0.12083333333333333
0 0.3484375 0.5020833333333333 0.078125 0.10416666666666667
0 0.125625 0.5945833333333334 0.0875 0.11583333333333333
0 0.1825 0.64875 0.105 0.14083333333333334
0 0.65 0.30416666666666664 0.10375 0.13833333333333334
0 0.3653125 0.87625 0.084375 0.1125
0 0.65625 0.19 0.08875 0.11833333333333333
0 0.6709375 0.5208333333333334 0.110625 0.14833333333333334
0 0.475 0.9208333333333333 0.10875 0.145
0 0.2415625 0.85 0.086875 0.11666666666666667
0 0.29875 0.7341666666666666 0.09625 0.12833333333333333
0 0.565625 0.5495833333333333 0.08 0.10583333333333333
0 0.2184375 0.6979166666666666 0.098125 0.13083333333333333
0 0.915625 0.21833333333333332 0.095 0.12666666666666668
0 0.28375 0.425 0.0925 0.12333333333333334
0 0.3934375 0.8141666666666667 0.088125 0.11666666666666667
0 0.0603125 0.65625 0.085625 0.11416666666666667
0 0.790625 0.21291666666666667 0.08 0.1075
0 0.77125 0.5395833333333333 0.09 0.11916666666666667
0 0.6684375 0.6308333333333334 0.094375 0.125
0 0.8775 0.3025 0.07875 0.105
0 0.4109375 0.11125 0.088125 0.1175
0 0.6821875 0.23291666666666666 0.084375 0.1125
0 0.4790625 0.30875 0.069375 0.0925
0 0.64625 0.5533333333333333 0.09875 0.13166666666666665
0 0.2478125 0.7583333333333333 0.084375 0.11166666666666666
0 0.3578125 0.7470833333333333 0.096875 0.12916666666666668
0 0.20875 0.7654166666666666 0.06875 0.0925
1 0.8084375 0.12958333333333333 0.115625 0.15416666666666667
0 0.6496875 0.7025 0.093125 0.12333333333333334
1 0.5790625 0.6004166666666667 0.144375 0.1925
0 0.14625 0.45375 0.09 0.12083333333333333
0 0.8553125 0.18375 0.076875 0.1025
0 0.445625 0.16708333333333333 0.10875 0.14416666666666667
0 0.3746875 0.085 0.099375 0.13333333333333333
0 0.34 0.9258333333333333 0.0975 0.13
0 0.30125 0.895 0.0975 0.13
0 0.24875 0.9145833333333333 0.10125 0.13583333333333333
0 0.1478125 0.9245833333333333 0.075625 0.10083333333333333
0 0.19125 0.8916666666666667 0.08625 0.115
0 0.059375 0.7904166666666667 0.0975 0.12916666666666668
0 0.935625 0.45916666666666667 0.0825 0.11
0 0.945625 0.4191666666666667 0.09375 0.125
0 0.415625 0.7625 0.09 0.12
0 0.12625 0.6858333333333333 0.0975 0.13
0 0.32125 0.46125 0.08875 0.1175