0 0.30375 0.18875 0.0625 0.0875
0 0.121875 0.8645833333333334 0.0575 0.0725
0 0.8340625 0.6 0.065625 0.085
0 0.9059375 0.5858333333333333 0.064375 0.07833333333333334
0 0.7996875 0.4275 0.063125 0.08
0 0.0553125 0.8545833333333334 0.064375 0.0925
0 0.7934375 0.5179166666666667 0.061875 0.0925
0 0.8625 0.5 0.0625 0.085
0 0.6053125 0.7445833333333334 0.071875 0.0875
0 0.8571875 0.20291666666666666 0.068125 0.0875
0 0.18625 0.9341666666666667 0.065 0.08333333333333333
0 0.721875 0.63625 0.0525 0.09083333333333334
0 0.604375 0.16041666666666668 0.06125 0.08083333333333333
0 0.33 0.37333333333333335 0.0625 0.08166666666666667
0 0.4409375 0.26958333333333334 0.065625 0.08583333333333333
0 0.575625 0.6108333333333333 0.07 0.08833333333333333
0 0.6403125 0.4320833333333333 0.058125 0.07083333333333333
0 0.0928125 0.7520833333333333 0.066875 0.08416666666666667
0 0.8746875 0.6808333333333333 0.064375 0.08833333333333333
0 0.368125 0.29875 0.06875 0.08583333333333333
0 0.1615625 0.7925 0.070625 0.08
0 0.44875 0.93375 0.0675 0.09083333333333334
0 0.040625 0.31916666666666665 0.07625 0.1
0 0.7328125 0.9404166666666667 0.076875 0.07416666666666667
0 0.77 0.26416666666666666 0.07875 0.09833333333333333
0 0.53875 0.54125 0.05625 0.0825
0 0.953125 0.24666666666666667 0.0675 0.09333333333333334
0 0.4453125 0.8483333333333334 0.065625 0.08333333333333333
0 0.6146875 0.92625 0.060625 0.07083333333333333
0 0.5340625 0.4041666666666667 0.061875 0.08166666666666667
0 0.893125 0.31583333333333335 0.07125 0.10166666666666667
0 0.86 0.8941666666666667 0.0525 0.07333333333333333
0 0.9396875 0.7558333333333334 0.068125 0.105
0 0.4671875 0.7908333333333334 0.061875 0.09
0 0.2478125 0.26875 0.064375 0.08916666666666667
0 0.9553125 0.4579166666666667 0.069375 0.09083333333333334
0 0.0675 0.06291666666666666 0.06875 0.06916666666666667
0 0.6675 0.5845833333333333 0.065 0.09416666666666666
0 0.6821875 0.88875 0.061875 0.0875
0 0.4859375 0.4325 0.063125 0.08333333333333333
0 0.2928125 0.8241666666666667 0.078125 0.09666666666666666
0 0.2578125 0.7895833333333333 0.070625 0.08583333333333333
0 0.26875 0.7045833333333333 0.0625 0.0875
0 0.66875 0.5104166666666666 0.07375 0.0875
0 0.43625 0.3591666666666667 0.07 0.08166666666666667
0 0.660625 0.6966666666666667 0.06375 0.08666666666666667
0 0.8021875 0.9266666666666666 0.071875 0.08833333333333333
0 0.515625 0.94625 0.07375 0.08083333333333333
0 0.9140625 0.44208333333333333 0.069375 0.08416666666666667
0 0.496875 0.08166666666666667 0.07125 0.08833333333333333
0 0.5053125 0.31375 0.056875 0.0875
0 0.2740625 0.3770833333333333 0.049375 0.08916666666666667
0 0.9478125 0.68875 0.065625 0.08583333333333333
0 0.900625 0.8125 0.0725 0.11166666666666666
0 0.1753125 0.21333333333333335 0.070625 0.08166666666666667
0 0.53125 0.2654166666666667 0.05125 0.07583333333333334
0 0.6584375 0.7991666666666667 0.070625 0.09666666666666666
0 0.53625 0.13708333333333333 0.0675 0.08416666666666667
0 0.331875 0.6895833333333333 0.075 0.10083333333333333
0 0.570625 0.3566666666666667 0.07625 0.09833333333333333
0 0.569375 0.8770833333333333 0.06 0.09083333333333334
0 0.489375 0.16708333333333333 0.06625 0.09916666666666667
0 0.695 0.057916666666666665 0.06625 0.08583333333333333
0 0.6128125 0.5683333333333334 0.065625 0.07666666666666666
0 0.0690625 0.19958333333333333 0.069375 0.10083333333333333
0 0.4675 0.5133333333333333 0.065 0.06
0 0.684375 0.16083333333333333 0.06 0.07666666666666666
1 0.636875 0.8304166666666667 0.08 0.09083333333333334
1 0.538125 0.8754166666666666 0.0775 0.1225
0 0.3215625 0.9575 0.069375 0.08
0 0.5965625 0.27125 0.064375 0.09083333333333334
0 0.629375 0.255 0.07125 0.09166666666666666
0 0.651875 0.21291666666666667 0.06875 0.08916666666666667
0 0.5684375 0.30833333333333335 0.053125 0.08
0 0.4284375 0.39208333333333334 0.063125 0.08416666666666667
0 0.32375 0.6195833333333334 0.055 0.07083333333333333
0 0.525625 0.08541666666666667 0.06125 0.09083333333333334
0 0.4540625 0.4741666666666667 0.065625 0.08
0 0.6653125 0.7291666666666666 0.069375 0.08