0 0.611875 0.3779166666666667 0.1 0.1325
0 0.421875 0.0775 0.105 0.14
0 0.196875 0.9291666666666667 0.1025 0.13666666666666666
0 0.109375 0.47708333333333336 0.10625 0.1425
0 0.29 0.8554166666666667 0.11375 0.15083333333333335
0 0.5609375 0.8270833333333333 0.121875 0.1625
0 0.8396875 0.34041666666666665 0.106875 0.1425
0 0.22 0.5425 0.10625 0.14166666666666666
0 0.4115625 0.8370833333333333 0.115625 0.15416666666666667
0 0.13 0.37416666666666665 0.11375 0.15166666666666667
0 0.4903125 0.32208333333333333 0.109375 0.14583333333333334
1 0.546875 0.42 0.13875 0.185
0 0.559375 0.26416666666666666 0.10375 0.13833333333333334