0 0.798125 0.42 0.07125 0.1
0 0.58125 0.06 0.07375 0.09833333333333333
0 0.6434375 0.8445833333333334 0.075625 0.10416666666666667
0 0.2015625 0.6470833333333333 0.066875 0.09416666666666666
0 0.3871875 0.795 0.066875 0.09166666666666666
0 0.7815625 0.29041666666666666 0.075625 0.09916666666666667
0 0.2253125 0.3933333333333333 0.065625 0.09666666666666666
0 0.739375 0.63 0.075 0.1
0 0.33625 0.9408333333333333 0.0725 0.1
0 0.6384375 0.63125 0.075625 0.09416666666666666
0 0.6059375 0.7225 0.069375 0.085
0 0.30125 0.5583333333333333 0.07625 0.10666666666666667
0 0.2765625 0.7058333333333333 0.083125 0.10166666666666667
0 0.820625 0.5733333333333334 0.07625 0.1
0 0.7503125 0.15416666666666667 0.069375 0.10166666666666667
0 0.540625 0.23708333333333334 0.07625 0.10416666666666667
0 0.62125 0.36333333333333334 0.07375 0.10333333333333333
0 0.6859375 0.9283333333333333 0.075625 0.095
0 0.434375 0.9508333333333333 0.075 0.09333333333333334
0 0.344375 0.62875 0.08 0.10916666666666666
0 0.511875 0.08625 0.06375 0.09416666666666666
0 0.753125 0.53 0.0675 0.095
0 0.463125 0.21166666666666667 0.0725 0.11333333333333333
0 0.4425 0.7016666666666667 0.0775 0.09666666666666666
0 0.54625 0.8166666666666667 0.07125 0.105
0 0.2684375 0.4841666666666667 0.074375 0.09833333333333333
0 0.2196875 0.8354166666666667 0.065625 0.11416666666666667
0 0.548125 0.5741666666666667 0.07875 0.1
0 0.3534375 0.3025 0.075625 0.105
0 0.4921875 0.8904166666666666 0.061875 0.0975
0 0.6146875 0.24791666666666667 0.070625 0.09916666666666667
0 0.7234375 0.41 0.081875 0.09666666666666666
0 0.4275 0.12791666666666668 0.08375 0.10583333333333333
0 0.348125 0.8704166666666666 0.09 0.10916666666666666
0 0.7775 0.7195833333333334 0.0725 0.09416666666666666
0 0.43375 0.30541666666666667 0.08375 0.0975
0 0.7940625 0.22333333333333333 0.071875 0.08666666666666667
0 0.2640625 0.6483333333333333 0.061875 0.1
0 0.274375 0.88375 0.07 0.1025
0 0.72875 0.35625 0.05875 0.09583333333333334
0 0.81875 0.19083333333333333 0.07375 0.09666666666666666