0 0.075 0.4166666666666667 0.09 0.12
0 0.8340625 0.9004166666666666 0.095625 0.1275
0 0.3696875 0.3433333333333333 0.098125 0.13
0 0.915625 0.4666666666666667 0.08625 0.115
0 0.1421875 0.24625 0.096875 0.12916666666666668
0 0.453125 0.44583333333333336 0.09625 0.12833333333333333
0 0.279375 0.6516666666666666 0.10625 0.14166666666666666
0 0.7053125 0.9204166666666667 0.094375 0.12583333333333332
0 0.5121875 0.40875 0.103125 0.1375
0 0.4440625 0.5195833333333333 0.100625 0.13416666666666666
0 0.8703125 0.38 0.091875 0.12166666666666667
0 0.2234375 0.6604166666666667 0.103125 0.1375
0 0.2621875 0.255 0.094375 0.125
0 0.5465625 0.8579166666666667 0.110625 0.1475
0 0.8565625 0.5175 0.100625 0.135
0 0.178125 0.10833333333333334 0.10875 0.145
0 0.3190625 0.3720833333333333 0.115625 0.15416666666666667
0 0.1846875 0.28291666666666665 0.105625 0.14083333333333334
0 0.499375 0.1875 0.09875 0.13166666666666665
0 0.121875 0.49083333333333334 0.09625 0.12833333333333333
0 0.4815625 0.6254166666666666 0.109375 0.14583333333333334
0 0.425 0.38958333333333334 0.1 0.1325
0 0.5525 0.7891666666666667 0.105 0.14
0 0.2134375 0.7495833333333334 0.103125 0.1375
0 0.67125 0.18458333333333332 0.10125 0.13583333333333333
0 0.1290625 0.14625 0.094375 0.12583333333333332
0 0.213125 0.5783333333333334 0.11 0.14666666666666667
0 0.61875 0.90625 0.1125 0.14916666666666667
0 0.686875 0.4370833333333333 0.0925 0.1225
0 0.628125 0.7720833333333333 0.1175 0.15583333333333332
0 0.23375 0.32708333333333334 0.11 0.14583333333333334
0 0.813125 0.2783333333333333 0.0925 0.12333333333333334
0 0.7471875 0.24625 0.083125 0.11083333333333334
0 0.33 0.7679166666666667 0.1075 0.14416666666666667
0 0.63125 0.60375 0.10375 0.13916666666666666
0 0.563125 0.6120833333333333 0.1175 0.15583333333333332
0 0.62625 0.8433333333333334 0.11375 0.15166666666666667
0 0.0921875 0.18708333333333332 0.091875 0.1225
0 0.8115625 0.4225 0.083125 0.11
0 0.8340625 0.5983333333333334 0.101875 0.13666666666666666
0 0.838125 0.46625 0.0875 0.11583333333333333
0 0.2725 0.7691666666666667 0.1075 0.14333333333333334
0 0.7025 0.25916666666666666 0.0925 0.12333333333333334
0 0.823125 0.7616666666666667 0.13 0.17333333333333334
0 0.2234375 0.1525 0.113125 0.15
0 0.475625 0.8425 0.115 0.15333333333333332
0 0.6621875 0.34708333333333335 0.096875 0.12916666666666668
0 0.54625 0.5545833333333333 0.09625 0.12916666666666668
0 0.25125 0.4508333333333333 0.105 0.14