0 0.81375 0.5208333333333334 0.08375 0.11166666666666666
0 0.48125 0.73625 0.08875 0.11916666666666667
0 0.6625 0.7658333333333334 0.08375 0.11166666666666666
0 0.7071875 0.10375 0.090625 0.12083333333333333
0 0.589375 0.8708333333333333 0.0875 0.11666666666666667
0 0.3434375 0.5920833333333333 0.091875 0.1225
0 0.5665625 0.3120833333333333 0.099375 0.1325
0 0.2959375 0.9345833333333333 0.086875 0.11583333333333333
0 0.503125 0.09375 0.09375 0.12416666666666666
0 0.7621875 0.15375 0.089375 0.11916666666666667
0 0.238125 0.675 0.10125 0.135
0 0.205 0.4970833333333333 0.09125 0.1225
0 0.4278125 0.8195833333333333 0.096875 0.12916666666666668
0 0.2165625 0.33125 0.096875 0.12916666666666668
0 0.9525 0.27291666666666664 0.0825 0.10916666666666666
0 0.6334375 0.47708333333333336 0.104375 0.13916666666666666
0 0.335 0.4241666666666667 0.10625 0.14166666666666666
0 0.8678125 0.2504166666666667 0.091875 0.1225
0 0.2978125 0.16583333333333333 0.086875 0.11666666666666667
0 0.8628125 0.6195833333333334 0.091875 0.1225
0 0.6921875 0.8716666666666667 0.103125 0.13833333333333334
0 0.7590625 0.3233333333333333 0.081875 0.10833333333333334
0 0.218125 0.76 0.085 0.11333333333333333
0 0.6796875 0.26 0.088125 0.11666666666666667
0 0.69875 0.38208333333333333 0.09125 0.1225
0 0.1371875 0.4825 0.091875 0.12333333333333334
0 0.5440625 0.5825 0.090625 0.12
0 0.4296875 0.12208333333333334 0.100625 0.13416666666666666
0 0.4471875 0.16916666666666666 0.090625 0.12
0 0.171875 0.4125 0.0925 0.12333333333333334
0 0.8284375 0.4320833333333333 0.101875 0.13583333333333333
0 0.1315625 0.3475 0.091875 0.12166666666666667
0 0.6815625 0.665 0.099375 0.13166666666666665
0 0.433125 0.34833333333333333 0.0975 0.13
0 0.92125 0.3720833333333333 0.07875 0.10583333333333333
0 0.28875 0.61 0.09125 0.12166666666666667
0 0.24 0.5783333333333334 0.085 0.11333333333333333
0 0.514375 0.24833333333333332 0.08875 0.11833333333333333
0 0.61125 0.5708333333333333 0.095 0.12666666666666668
0 0.1328125 0.83625 0.091875 0.1225
0 0.39125 0.285 0.08375 0.11166666666666666
0 0.6003125 0.60625 0.095625 0.1275
0 0.4665625 0.24125 0.085625 0.11416666666666667
0 0.3675 0.5175 0.08375 0.11166666666666666
0 0.475 0.3075 0.10375 0.13833333333333334