0 0.700625 0.8279166666666666 0.08125 0.10916666666666666
0 0.685 0.39375 0.0975 0.12916666666666668
0 0.591875 0.07583333333333334 0.0875 0.11666666666666667
0 0.7421875 0.5325 0.098125 0.13166666666666665
0 0.3365625 0.79625 0.099375 0.1325
0 0.771875 0.3908333333333333 0.095 0.12666666666666668
0 0.2990625 0.5029166666666667 0.103125 0.1375
0 0.42375 0.545 0.0875 0.11666666666666667
0 0.20625 0.17333333333333334 0.095 0.12666666666666668
1 0.1734375 0.3254166666666667 0.110625 0.1475
0 0.4215625 0.19 0.096875 0.12833333333333333
0 0.444375 0.33416666666666667 0.0975 0.13
0 0.4734375 0.11958333333333333 0.104375 0.13916666666666666
0 0.543125 0.37416666666666665 0.0825 0.11
0 0.941875 0.6966666666666667 0.0925 0.12333333333333334
0 0.1684375 0.10291666666666667 0.094375 0.12583333333333332
0 0.85 0.5616666666666666 0.1075 0.14333333333333334
0 0.061875 0.24083333333333334 0.0925 0.12333333333333334
0 0.15625 0.6008333333333333 0.1 0.13333333333333333
0 0.691875 0.30083333333333334 0.09625 0.12833333333333333
0 0.6403125 0.2075 0.101875 0.135
0 0.14625 0.4025 0.10125 0.135
0 0.385 0.6254166666666666 0.09125 0.1225
0 0.310625 0.3308333333333333 0.1 0.13333333333333333
0 0.3646875 0.2808333333333333 0.088125 0.11666666666666667
0 0.4615625 0.6120833333333333 0.089375 0.11916666666666667
0 0.659375 0.12416666666666666 0.09625 0.12833333333333333
0 0.605625 0.28125 0.0875 0.1175
0 0.584375 0.6029166666666667 0.09625 0.12916666666666668
0 0.33125 0.13208333333333333 0.09875 0.1325
0 0.2240625 0.25583333333333336 0.100625 0.135
0 0.7471875 0.7820833333333334 0.086875 0.11583333333333333
0 0.48 0.07583333333333334 0.105 0.14
0 0.67625 0.6245833333333334 0.08875 0.1175
0 0.743125 0.92 0.1025 0.13666666666666666
0 0.0578125 0.41375 0.105625 0.14083333333333334
0 0.76375 0.21083333333333334 0.08875 0.11833333333333333
0 0.425 0.7975 0.08875 0.11833333333333333
0 0.5509375 0.5579166666666666 0.094375 0.12583333333333332
0 0.251875 0.72625 0.0925 0.1225
0 0.671875 0.5366666666666666 0.09375 0.125
0 0.735625 0.28458333333333335 0.08125 0.1075
0 0.5628125 0.30291666666666667 0.091875 0.1225
0 0.82625 0.7895833333333333 0.08375 0.1125
0 0.389375 0.7304166666666667 0.10125 0.13583333333333333
0 0.285 0.17208333333333334 0.08875 0.11916666666666667
0 0.203125 0.72625 0.09875 0.13083333333333333
0 0.3884375 0.6841666666666667 0.096875 0.12833333333333333
0 0.7953125 0.575 0.083125 0.11
0 0.7996875 0.8433333333333334 0.085625 0.115
1 0.6359375 0.70375 0.124375 0.16583333333333333
0 0.328125 0.22416666666666665 0.08875 0.11833333333333333
0 0.09875 0.6141666666666666 0.1 0.13333333333333333
0 0.07 0.3675 0.0975 0.13
0 0.8796875 0.4775 0.083125 0.11166666666666666
0 0.9015625 0.43125 0.098125 0.13083333333333333