0 0.31 0.18166666666666667 0.07375 0.09333333333333334
0 0.2334375 0.6533333333333333 0.068125 0.1
0 0.2696875 0.27458333333333335 0.074375 0.0925
0 0.718125 0.48333333333333334 0.0775 0.09166666666666666
0 0.2353125 0.86875 0.078125 0.10083333333333333
0 0.3775 0.11583333333333333 0.07375 0.09833333333333333
0 0.6034375 0.33 0.085625 0.10666666666666667
0 0.4259375 0.3466666666666667 0.074375 0.10166666666666667
0 0.334375 0.60375 0.07 0.10916666666666666
0 0.3265625 0.4525 0.075625 0.10333333333333333
0 0.1784375 0.7675 0.068125 0.09
0 0.7325 0.12166666666666667 0.06375 0.08666666666666667
0 0.8003125 0.7729166666666667 0.083125 0.11083333333333334
0 0.72 0.63375 0.07875 0.09916666666666667
0 0.4146875 0.4633333333333333 0.059375 0.07833333333333334
0 0.2253125 0.13666666666666666 0.065625 0.10166666666666667
0 0.58375 0.47041666666666665 0.07 0.08916666666666667
0 0.415 0.5783333333333334 0.0775 0.10666666666666667
0 0.2428125 0.4425 0.064375 0.085
0 0.5953125 0.15833333333333333 0.073125 0.11
0 0.481875 0.6391666666666667 0.0675 0.09166666666666666
0 0.4478125 0.2 0.066875 0.08166666666666667
0 0.5590625 0.5908333333333333 0.076875 0.09333333333333334
0 0.4303125 0.8154166666666667 0.070625 0.1075
0 0.5284375 0.5516666666666666 0.075625 0.095
0 0.451875 0.11875 0.0675 0.08083333333333333
0 0.8196875 0.5708333333333333 0.053125 0.12166666666666667
0 0.318125 0.06416666666666666 0.06375 0.07666666666666666
0 0.69 0.3675 0.07625 0.11833333333333333
0 0.5434375 0.9241666666666667 0.063125 0.095
1 0.504375 0.38666666666666666 0.075 0.12