0 0.730625 0.8304166666666667 0.07375 0.1025
0 0.1678125 0.13791666666666666 0.074375 0.10583333333333333
0 0.5228125 0.6429166666666667 0.083125 0.1125
0 0.4421875 0.7258333333333333 0.070625 0.09666666666666666
0 0.38875 0.25083333333333335 0.07875 0.105
0 0.81625 0.31833333333333336 0.08 0.10666666666666667
0 0.4709375 0.4716666666666667 0.088125 0.10333333333333333
0 0.6040625 0.8041666666666667 0.084375 0.105
0 0.2875 0.54125 0.07625 0.1075
0 0.80875 0.8579166666666667 0.0725 0.0975
0 0.5084375 0.8483333333333334 0.080625 0.095
0 0.5046875 0.22916666666666666 0.070625 0.105
0 0.5934375 0.6258333333333334 0.071875 0.10166666666666667
0 0.6309375 0.4895833333333333 0.083125 0.10083333333333333
0 0.628125 0.225 0.07875 0.10833333333333334
1 0.715625 0.59375 0.08625 0.12583333333333332
0 0.4409375 0.3720833333333333 0.078125 0.1025
0 0.356875 0.6733333333333333 0.07375 0.11333333333333333
0 0.193125 0.46375 0.07 0.1025
0 0.238125 0.16958333333333334 0.07125 0.12416666666666666
0 0.549375 0.32458333333333333 0.08125 0.09916666666666667
0 0.36125 0.7675 0.08 0.095
1 0.4534375 0.9320833333333334 0.080625 0.12583333333333332
0 0.6578125 0.605 0.053125 0.14833333333333334