0 0.1809375 0.88125 0.100625 0.13416666666666666
0 0.610625 0.7820833333333334 0.10875 0.14583333333333334
0 0.7790625 0.13875 0.086875 0.11583333333333333
0 0.2265625 0.42041666666666666 0.099375 0.1325
0 0.16875 0.4825 0.09875 0.13166666666666665
0 0.160625 0.36583333333333334 0.1025 0.13666666666666666
0 0.3765625 0.19458333333333333 0.099375 0.1325
0 0.568125 0.55 0.1175 0.15666666666666668
0 0.6915625 0.41208333333333336 0.094375 0.12583333333333332
0 0.539375 0.30916666666666665 0.0875 0.11666666666666667
0 0.755 0.415 0.1025 0.13666666666666666
0 0.8040625 0.44208333333333333 0.098125 0.13083333333333333
0 0.6078125 0.42875 0.098125 0.13083333333333333
0 0.33625 0.50625 0.1025 0.1375
0 0.5690625 0.7270833333333333 0.093125 0.12416666666666666
0 0.466875 0.28625 0.11125 0.1475
0 0.863125 0.14416666666666667 0.0975 0.13
0 0.3540625 0.7616666666666667 0.105625 0.14166666666666666
0 0.376875 0.27666666666666667 0.0925 0.12333333333333334
0 0.7203125 0.7033333333333334 0.109375 0.145
0 0.30625 0.255 0.1075 0.14333333333333334
0 0.563125 0.64875 0.11875 0.1575
0 0.8465625 0.08083333333333333 0.098125 0.13166666666666665
0 0.7634375 0.5545833333333333 0.115625 0.15416666666666667
0 0.5028125 0.19666666666666666 0.099375 0.13166666666666665
0 0.048125 0.5108333333333334 0.0925 0.12333333333333334
0 0.64375 0.32666666666666666 0.105 0.14
0 0.54875 0.2816666666666667 0.08625 0.115
0 0.5984375 0.19541666666666666 0.095625 0.1275
0 0.4759375 0.7225 0.093125 0.12333333333333334
0 0.1475 0.6266666666666667 0.09875 0.13166666666666665
0 0.5690625 0.845 0.109375 0.14666666666666667
0 0.9015625 0.5108333333333334 0.094375 0.12666666666666668
0 0.3415625 0.6670833333333334 0.093125 0.12416666666666666
0 0.8125 0.54125 0.09625 0.12916666666666668
0 0.2503125 0.32708333333333334 0.101875 0.13583333333333333
0 0.4153125 0.8729166666666667 0.086875 0.11583333333333333
0 0.6815625 0.09208333333333334 0.109375 0.14583333333333334
0 0.071875 0.42833333333333334 0.09625 0.12833333333333333
0 0.481875 0.6291666666666667 0.10625 0.14166666666666666
0 0.5446875 0.12416666666666666 0.093125 0.125
0 0.3209375 0.9125 0.101875 0.13666666666666666
0 0.6584375 0.8545833333333334 0.099375 0.1325
0 0.4496875 0.72875 0.094375 0.12583333333333332
0 0.87625 0.57 0.09625 0.12833333333333333
1 0.29625 0.80875 0.1175 0.15583333333333332
0 0.37875 0.70375 0.09875 0.1325
0 0.70125 0.86625 0.09 0.12083333333333333
0 0.3446875 0.84125 0.083125 0.11083333333333334