0 0.551875 0.48541666666666666 0.07125 0.1075
0 0.69375 0.39875 0.0675 0.0825
0 0.1990625 0.61875 0.070625 0.09083333333333334
0 0.661875 0.64375 0.065 0.10916666666666666
0 0.2353125 0.42 0.074375 0.11166666666666666
0 0.6721875 0.8125 0.081875 0.12166666666666667
0 0.755 0.41333333333333333 0.05875 0.08666666666666667
0 0.3925 0.18166666666666667 0.08 0.11666666666666667
0 0.181875 0.23041666666666666 0.0725 0.10916666666666666
0 0.2846875 0.15708333333333332 0.090625 0.1125
0 0.4509375 0.04875 0.084375 0.0975
1 0.2521875 0.55625 0.085625 0.12083333333333333
0 0.7715625 0.91875 0.058125 0.10083333333333333
0 0.7815625 0.06625 0.074375 0.09416666666666666
0 0.3125 0.7670833333333333 0.09875 0.09083333333333334
0 0.2471875 0.08458333333333333 0.086875 0.1075
0 0.4134375 0.34208333333333335 0.069375 0.1175
0 0.31875 0.6783333333333333 0.085 0.10666666666666667
0 0.165 0.12833333333333333 0.07125 0.11333333333333333
0 0.48375 0.4479166666666667 0.07125 0.1025
0 0.331875 0.27875 0.0775 0.09916666666666667
0 0.4790625 0.22041666666666668 0.063125 0.1125
0 0.780625 0.7858333333333334 0.0775 0.10833333333333334
0 0.39125 0.9279166666666666 0.07875 0.11083333333333334
0 0.5521875 0.75875 0.089375 0.10416666666666667
0 0.7471875 0.5270833333333333 0.063125 0.09416666666666666
0 0.693125 0.9391666666666667 0.0625 0.11666666666666667
0 0.8140625 0.4141666666666667 0.060625 0.11166666666666666
0 0.5690625 0.83375 0.089375 0.0925
0 0.46875 0.30125 0.08125 0.09416666666666666
0 0.426875 0.8854166666666666 0.0725 0.13416666666666666
0 0.298125 0.5645833333333333 0.07125 0.13083333333333333
0 0.36125 0.5320833333333334 0.07 0.0875