0 0.0921875 0.5 0.076875 0.10166666666666667
0 0.04 0.39708333333333334 0.08 0.11416666666666667
0 0.3203125 0.3225 0.083125 0.10666666666666667
0 0.40875 0.5695833333333333 0.08625 0.11416666666666667
0 0.580625 0.4033333333333333 0.08625 0.11166666666666666
0 0.956875 0.26958333333333334 0.08375 0.1075
0 0.623125 0.6654166666666667 0.085 0.1125
0 0.4496875 0.8279166666666666 0.076875 0.1075
0 0.9278125 0.34041666666666665 0.084375 0.1025
0 0.1721875 0.46708333333333335 0.075625 0.11083333333333334
0 0.2034375 0.21291666666666667 0.081875 0.11916666666666667
0 0.09 0.19 0.0775 0.10666666666666667
0 0.9225 0.15791666666666668 0.0775 0.0925
0 0.7046875 0.8483333333333334 0.078125 0.12
0 0.473125 0.6495833333333333 0.0875 0.1025
0 0.31375 0.5816666666666667 0.0825 0.1
0 0.4540625 0.2575 0.085625 0.11333333333333333
0 0.3646875 0.12625 0.083125 0.1075
0 0.625625 0.23833333333333334 0.07875 0.08666666666666667
0 0.8184375 0.7745833333333333 0.080625 0.09583333333333334
0 0.23125 0.6608333333333334 0.0775 0.12333333333333334
0 0.7534375 0.23625 0.075625 0.10416666666666667
0 0.5371875 0.55875 0.085625 0.11583333333333333
0 0.7696875 0.815 0.076875 0.10833333333333334
0 0.835 0.5425 0.0875 0.10833333333333334
0 0.6696875 0.7479166666666667 0.095625 0.1125
0 0.5153125 0.8383333333333334 0.089375 0.115
0 0.26625 0.7975 0.07625 0.10666666666666667
0 0.7240625 0.049166666666666664 0.073125 0.09833333333333333
0 0.7534375 0.5666666666666667 0.071875 0.11333333333333333
0 0.88125 0.24625 0.08125 0.1225
0 0.5421875 0.9333333333333333 0.070625 0.10333333333333333
0 0.195 0.88875 0.07 0.11416666666666667
0 0.130625 0.08291666666666667 0.0775 0.11416666666666667
0 0.8909375 0.8208333333333333 0.081875 0.105
0 0.875 0.8579166666666667 0.08625 0.09083333333333334
0 0.2271875 0.8554166666666667 0.081875 0.10583333333333333
0 0.8378125 0.3779166666666667 0.081875 0.1175
0 0.2665625 0.8979166666666667 0.075625 0.10916666666666666
0 0.1275 0.22458333333333333 0.06375 0.12916666666666668
0 0.125 0.7883333333333333 0.075 0.13166666666666665
0 0.6121875 0.0575 0.084375 0.09666666666666666
0 0.0609375 0.7529166666666667 0.083125 0.10083333333333333
0 0.0571875 0.7170833333333333 0.070625 0.1125
0 0.2259375 0.7354166666666667 0.076875 0.10916666666666666
0 0.0778125 0.9529166666666666 0.081875 0.0925
0 0.95375 0.715 0.07 0.10833333333333334
0 0.7075 0.23791666666666667 0.065 0.11416666666666667
0 0.856875 0.6545833333333333 0.0875 0.1275
0 0.875625 0.6133333333333333 0.065 0.11166666666666666