0 0.6725 0.3983333333333333 0.10375 0.13833333333333334
0 0.775625 0.6225 0.1075 0.14333333333333334
0 0.731875 0.3383333333333333 0.10375 0.13833333333333334
0 0.3965625 0.66375 0.109375 0.14583333333333334
0 0.14125 0.8125 0.11125 0.14833333333333334
0 0.8590625 0.30125 0.099375 0.1325
0 0.2665625 0.7570833333333333 0.088125 0.1175
0 0.1190625 0.5370833333333334 0.100625 0.13416666666666666
0 0.2184375 0.47375 0.101875 0.13583333333333333
0 0.4521875 0.8679166666666667 0.109375 0.14583333333333334
0 0.888125 0.5025 0.10875 0.145
0 0.315625 0.8975 0.0925 0.12333333333333334
0 0.4009375 0.4195833333333333 0.106875 0.1425
0 0.085 0.7966666666666666 0.10125 0.135
0 0.275625 0.3925 0.1125 0.15
0 0.6821875 0.8254166666666667 0.108125 0.14416666666666667
0 0.6690625 0.24083333333333334 0.118125 0.15666666666666668
0 0.798125 0.37041666666666667 0.10375 0.13916666666666666
0 0.1490625 0.44958333333333333 0.101875 0.13583333333333333
0 0.4859375 0.4554166666666667 0.106875 0.1425
0 0.2796875 0.8545833333333334 0.106875 0.1425
0 0.5265625 0.7241666666666666 0.110625 0.14833333333333334
0 0.59125 0.3433333333333333 0.11 0.14666666666666667
0 0.3534375 0.5520833333333334 0.104375 0.13916666666666666
0 0.294375 0.5183333333333333 0.11 0.14666666666666667
0 0.7509375 0.26125 0.111875 0.14916666666666667
0 0.0590625 0.645 0.106875 0.14166666666666666
0 0.62875 0.5991666666666666 0.10375 0.13833333333333334
0 0.3534375 0.84125 0.104375 0.13916666666666666
0 0.55125 0.4875 0.11125 0.14833333333333334
0 0.8215625 0.46041666666666664 0.098125 0.13083333333333333
0 0.28875 0.585 0.11125 0.14833333333333334
0 0.0740625 0.48875 0.109375 0.14583333333333334
0 0.3265625 0.28583333333333333 0.108125 0.14333333333333334
0 0.1996875 0.6270833333333333 0.098125 0.13083333333333333
0 0.586875 0.7141666666666666 0.1025 0.13666666666666666
0 0.8271875 0.11791666666666667 0.095625 0.1275
0 0.4096875 0.51125 0.099375 0.1325
0 0.8896875 0.21541666666666667 0.101875 0.13583333333333333
0 0.8521875 0.13041666666666665 0.095625 0.1275
0 0.599375 0.6391666666666667 0.09875 0.13166666666666665
0 0.7815625 0.47625 0.091875 0.1225
0 0.9078125 0.19791666666666666 0.108125 0.14416666666666667
0 0.4109375 0.15125 0.094375 0.12583333333333332
0 0.6378125 0.69625 0.083125 0.11083333333333334
0 0.3303125 0.16875 0.099375 0.1325