0 0.7178125 0.9145833333333333 0.068125 0.1075
0 0.4896875 0.30583333333333335 0.073125 0.11166666666666666
0 0.7034375 0.115 0.080625 0.10666666666666667
0 0.523125 0.9116666666666666 0.07625 0.105
0 0.4 0.8054166666666667 0.06875 0.09583333333333334
0 0.274375 0.6316666666666667 0.08 0.10833333333333334
0 0.5509375 0.26375 0.068125 0.08916666666666667
0 0.46125 0.5304166666666666 0.07 0.10083333333333333
0 0.3853125 0.7129166666666666 0.074375 0.09583333333333334
0 0.5628125 0.0775 0.071875 0.095
0 0.7340625 0.28208333333333335 0.069375 0.08583333333333333
0 0.1628125 0.7458333333333333 0.069375 0.10166666666666667
0 0.1634375 0.33375 0.076875 0.0975
0 0.58125 0.7045833333333333 0.065 0.10083333333333333
0 0.71375 0.48083333333333333 0.07375 0.08166666666666667
0 0.776875 0.21333333333333335 0.075 0.10666666666666667
0 0.3540625 0.4195833333333333 0.083125 0.10583333333333333
0 0.401875 0.17833333333333334 0.0825 0.11
0 0.775 0.5725 0.07625 0.10333333333333333
0 0.71875 0.63375 0.06875 0.0925
0 0.336875 0.28833333333333333 0.075 0.105
0 0.7140625 0.7891666666666667 0.075625 0.10333333333333333
0 0.6246875 0.8766666666666667 0.065625 0.1
0 0.1840625 0.6445833333333333 0.074375 0.08416666666666667
0 0.4928125 0.6220833333333333 0.078125 0.09583333333333334
0 0.43375 0.1125 0.075 0.09833333333333333
0 0.5834375 0.18416666666666667 0.068125 0.08
0 0.84 0.81125 0.06875 0.0975
0 0.3340625 0.9079166666666667 0.074375 0.0975
0 0.401875 0.24666666666666667 0.08 0.09666666666666666
0 0.4021875 0.39875 0.066875 0.1125
0 0.30125 0.21375 0.0625 0.0775
0 0.633125 0.7716666666666666 0.08 0.105
0 0.6509375 0.5420833333333334 0.070625 0.08916666666666667
0 0.585 0.34 0.07125 0.10166666666666667
0 0.22 0.5570833333333334 0.085 0.10416666666666667
0 0.19625 0.5733333333333334 0.08125 0.1