1 0.4603125 0.46708333333333335 0.134375 0.17916666666666667
0 0.4834375 0.5504166666666667 0.103125 0.1375
0 0.5853125 0.48791666666666667 0.110625 0.1475
0 0.6 0.5770833333333333 0.1025 0.13583333333333333
0 0.719375 0.7945833333333333 0.1075 0.14416666666666667
0 0.673125 0.8575 0.0975 0.13
0 0.6084375 0.9004166666666666 0.095625 0.1275
0 0.650625 0.7683333333333333 0.10625 0.14166666666666666
0 0.593125 0.7191666666666666 0.10125 0.135
0 0.59875 0.6741666666666667 0.1025 0.13666666666666666
0 0.4690625 0.84 0.109375 0.145
0 0.506875 0.7683333333333333 0.11125 0.14833333333333334
0 0.4890625 0.65375 0.099375 0.1325
0 0.45375 0.7016666666666667 0.0975 0.13
0 0.3271875 0.8279166666666666 0.096875 0.12916666666666668
0 0.3790625 0.7020833333333333 0.106875 0.1425
0 0.35625 0.5920833333333333 0.11 0.1475
0 0.3040625 0.6679166666666667 0.105625 0.14083333333333334
0 0.225 0.8004166666666667 0.09875 0.1325
0 0.2340625 0.7029166666666666 0.106875 0.1425
0 0.2021875 0.7045833333333333 0.100625 0.13416666666666666
0 0.209375 0.6125 0.10375 0.13833333333333334
0 0.06875 0.505 0.105 0.14
0 0.2315625 0.46291666666666664 0.100625 0.13416666666666666
0 0.284375 0.42333333333333334 0.09375 0.125
0 0.3525 0.37916666666666665 0.1025 0.13666666666666666
0 0.38625 0.295 0.1075 0.14333333333333334
0 0.325625 0.29083333333333333 0.10375 0.13833333333333334
0 0.1984375 0.35291666666666666 0.093125 0.12416666666666666
0 0.2125 0.27166666666666667 0.10375 0.13833333333333334
0 0.2825 0.18 0.0975 0.13
0 0.49875 0.3304166666666667 0.1 0.13416666666666666
0 0.4515625 0.16833333333333333 0.100625 0.13333333333333333
0 0.52875 0.14125 0.1175 0.15583333333333332
0 0.5721875 0.2970833333333333 0.109375 0.14583333333333334
0 0.53875 0.25416666666666665 0.1075 0.14333333333333334
0 0.7840625 0.6641666666666667 0.105625 0.14166666666666666
0 0.7615625 0.6033333333333334 0.103125 0.13833333333333334
0 0.854375 0.6758333333333333 0.08125 0.10833333333333334
0 0.8190625 0.5733333333333334 0.103125 0.13833333333333334
0 0.8803125 0.5254166666666666 0.099375 0.1325
0 0.93875 0.4766666666666667 0.11625 0.155
0 0.9284375 0.3645833333333333 0.106875 0.1425
0 0.9171875 0.38666666666666666 0.104375 0.13833333333333334
0 0.7596875 0.44875 0.084375 0.1125
0 0.8440625 0.42291666666666666 0.099375 0.1325
0 0.835625 0.33125 0.11375 0.1525
0 0.760625 0.3641666666666667 0.10125 0.135
0 0.6896875 0.3458333333333333 0.098125 0.13
0 0.7096875 0.30875 0.104375 0.13916666666666666
0 0.7475 0.22666666666666666 0.10875 0.145
0 0.829375 0.12458333333333334 0.0975 0.13083333333333333
0 0.889375 0.14541666666666667 0.0975 0.13083333333333333
0 0.7546875 0.10666666666666667 0.104375 0.14
0 0.6465625 0.2579166666666667 0.101875 0.13583333333333333
0 0.654375 0.13916666666666666 0.105 0.14