0 0.8075 0.6741666666666667 0.10375 0.13833333333333334
0 0.290625 0.48583333333333334 0.0875 0.11666666666666667
0 0.495625 0.9233333333333333 0.10625 0.14166666666666666
0 0.148125 0.65 0.105 0.14
0 0.4809375 0.60125 0.104375 0.13916666666666666
0 0.089375 0.64125 0.10375 0.1375
0 0.2259375 0.5420833333333334 0.101875 0.13583333333333333
0 0.8434375 0.16958333333333334 0.103125 0.1375
0 0.29 0.6370833333333333 0.11125 0.14916666666666667
0 0.6125 0.8833333333333333 0.0925 0.12333333333333334
0 0.8740625 0.5508333333333333 0.111875 0.15
0 0.5259375 0.40958333333333335 0.113125 0.15083333333333335
0 0.6834375 0.88375 0.113125 0.15083333333333335
0 0.7621875 0.5579166666666666 0.101875 0.13583333333333333
0 0.8409375 0.27458333333333335 0.100625 0.13416666666666666
0 0.505 0.0975 0.10375 0.13833333333333334
0 0.435 0.7466666666666667 0.09125 0.12166666666666667
0 0.7003125 0.20041666666666666 0.108125 0.14416666666666667
0 0.7421875 0.13125 0.098125 0.13083333333333333
0 0.4678125 0.34791666666666665 0.098125 0.13083333333333333
0 0.419375 0.15583333333333332 0.09875 0.13166666666666665
0 0.335625 0.7675 0.10375 0.13833333333333334
0 0.535 0.8608333333333333 0.08 0.10666666666666667
0 0.798125 0.47625 0.10125 0.13416666666666666
0 0.3759375 0.32875 0.098125 0.13083333333333333
0 0.6609375 0.3620833333333333 0.101875 0.13583333333333333
0 0.7525 0.7475 0.09875 0.13166666666666665
0 0.2040625 0.31958333333333333 0.104375 0.13916666666666666
0 0.559375 0.7625 0.09875 0.13166666666666665
0 0.1775 0.6391666666666667 0.09625 0.12833333333333333
0 0.246875 0.9375 0.09125 0.12166666666666667
0 0.3921875 0.21666666666666667 0.086875 0.11666666666666667
0 0.6490625 0.40708333333333335 0.100625 0.13416666666666666
1 0.2390625 0.2970833333333333 0.139375 0.18583333333333332
0 0.6309375 0.36666666666666664 0.113125 0.15
0 0.391875 0.35083333333333333 0.09375 0.125
0 0.7521875 0.71875 0.090625 0.12083333333333333
0 0.2503125 0.19416666666666665 0.104375 0.13833333333333334