0 0.780625 0.3775 0.09375 0.125
0 0.5878125 0.43625 0.093125 0.12416666666666666
0 0.7096875 0.40958333333333335 0.103125 0.1375
0 0.239375 0.4791666666666667 0.0875 0.11666666666666667
0 0.246875 0.8204166666666667 0.09 0.11916666666666667
0 0.916875 0.47458333333333336 0.0975 0.12916666666666668
0 0.3878125 0.14625 0.098125 0.13083333333333333
0 0.09625 0.7416666666666667 0.09875 0.13166666666666665
0 0.1659375 0.66875 0.085625 0.11416666666666667
0 0.5734375 0.3329166666666667 0.090625 0.12083333333333333
0 0.5228125 0.48 0.093125 0.125
0 0.47875 0.905 0.08 0.10666666666666667
0 0.19375 0.3283333333333333 0.095 0.12666666666666668
0 0.8025 0.30833333333333335 0.08625 0.115
0 0.3084375 0.44666666666666666 0.088125 0.11833333333333333
0 0.6178125 0.8179166666666666 0.091875 0.1225
0 0.2840625 0.9391666666666667 0.089375 0.12
0 0.5275 0.15541666666666668 0.08125 0.1075
0 0.9203125 0.24208333333333334 0.084375 0.1125
0 0.334375 0.20541666666666666 0.0925 0.1225
0 0.8796875 0.4370833333333333 0.094375 0.12583333333333332
0 0.33875 0.5583333333333333 0.08125 0.10833333333333334
0 0.84125 0.14208333333333334 0.0875 0.1175
0 0.2075 0.88875 0.07875 0.10416666666666667
0 0.65875 0.4025 0.08 0.10666666666666667
0 0.6653125 0.11375 0.085625 0.11416666666666667
0 0.133125 0.85 0.105 0.14
0 0.38625 0.73375 0.085 0.1125
0 0.7434375 0.8179166666666666 0.086875 0.11583333333333333
0 0.5509375 0.65 0.088125 0.11833333333333333
0 0.125 0.6125 0.095 0.12666666666666668
0 0.3215625 0.90625 0.085625 0.11416666666666667
0 0.86 0.2683333333333333 0.085 0.11333333333333333
0 0.3259375 0.09875 0.089375 0.11916666666666667
0 0.7615625 0.60625 0.094375 0.12583333333333332
0 0.244375 0.29125 0.0925 0.1225
0 0.7653125 0.7375 0.099375 0.13333333333333333
0 0.639375 0.3675 0.085 0.11333333333333333
0 0.769375 0.475 0.08625 0.115
0 0.065 0.5516666666666666 0.0875 0.11666666666666667
0 0.3175 0.6425 0.08125 0.10833333333333334
0 0.343125 0.46416666666666667 0.09625 0.12833333333333333
0 0.7790625 0.12708333333333333 0.089375 0.11916666666666667
0 0.408125 0.39875 0.09625 0.12916666666666668
0 0.6546875 0.6079166666666667 0.085625 0.11416666666666667
0 0.7746875 0.5583333333333333 0.093125 0.125
0 0.5159375 0.9129166666666667 0.089375 0.11916666666666667
0 0.465625 0.5208333333333334 0.10375 0.13833333333333334
0 0.12375 0.5033333333333333 0.075 0.1
0 0.0721875 0.6908333333333333 0.083125 0.11
0 0.6534375 0.7383333333333333 0.086875 0.115
0 0.441875 0.82125 0.0825 0.11083333333333334
0 0.65625 0.5091666666666667 0.095 0.12666666666666668
0 0.88125 0.3625 0.0975 0.13
0 0.413125 0.5895833333333333 0.08625 0.11416666666666667
0 0.818125 0.6758333333333333 0.095 0.12666666666666668
0 0.22625 0.5966666666666667 0.0925 0.12333333333333334
0 0.4375 0.7820833333333334 0.0825 0.11083333333333334
0 0.759375 0.23875 0.0875 0.11583333333333333
0 0.5196875 0.43 0.093125 0.125
0 0.1028125 0.43916666666666665 0.086875 0.115
0 0.8821875 0.5720833333333334 0.094375 0.12583333333333332
0 0.5378125 0.06125 0.086875 0.11583333333333333
0 0.2634375 0.17041666666666666 0.105625 0.14083333333333334
0 0.663125 0.5595833333333333 0.09 0.12083333333333333
0 0.19 0.575 0.0875 0.11666666666666667
0 0.71625 0.68875 0.08625 0.11583333333333333
0 0.44 0.4195833333333333 0.09875 0.1325
0 0.248125 0.7175 0.08 0.10666666666666667
0 0.31625 0.34875 0.0875 0.1175
0 0.848125 0.09166666666666666 0.1 0.13333333333333333
0 0.23875 0.3825 0.0725 0.09666666666666666
1 0.4059375 0.23791666666666667 0.089375 0.11916666666666667
0 0.604375 0.7775 0.0825 0.11
0 0.614375 0.14666666666666667 0.0825 0.11
0 0.445 0.5029166666666667 0.0925 0.1225
0 0.50625 0.7729166666666667 0.08625 0.11416666666666667
0 0.596875 0.2529166666666667 0.0725 0.09583333333333334
0 0.7415625 0.4870833333333333 0.085625 0.11416666666666667
0 0.880625 0.6041666666666666 0.0875 0.11666666666666667
0 0.9 0.615 0.0875 0.11666666666666667
0 0.8690625 0.23958333333333334 0.073125 0.0975
0 0.77125 0.22541666666666665 0.0825 0.11083333333333334
0 0.759375 0.10166666666666667 0.085 0.11333333333333333
0 0.500625 0.15833333333333333 0.0875 0.11666666666666667
0 0.3490625 0.185 0.080625 0.10666666666666667
0 0.3696875 0.32708333333333334 0.070625 0.09416666666666666
0 0.3346875 0.30625 0.076875 0.1025
0 0.3009375 0.31708333333333333 0.075625 0.10083333333333333
0 0.20875 0.38375 0.09125 0.12083333333333333
0 0.05375 0.5091666666666667 0.085 0.11333333333333333
0 0.09875 0.4041666666666667 0.07875 0.105
0 0.15375 0.6 0.08 0.10666666666666667
0 0.2678125 0.57 0.078125 0.105
0 0.37 0.4483333333333333 0.085 0.11333333333333333
0 0.3334375 0.6704166666666667 0.085625 0.11416666666666667
0 0.6359375 0.53125 0.076875 0.1025
0 0.6140625 0.26208333333333333 0.083125 0.11083333333333334
0 0.591875 0.15083333333333335 0.085 0.11333333333333333
0 0.659375 0.6366666666666667 0.09625 0.12833333333333333
0 0.7634375 0.5020833333333333 0.088125 0.1175
0 0.5009375 0.7379166666666667 0.090625 0.12083333333333333
0 0.5809375 0.76875 0.089375 0.11916666666666667
0 0.7040625 0.6554166666666666 0.088125 0.1175
0 0.6740625 0.76125 0.085625 0.11416666666666667
0 0.68625 0.8033333333333333 0.07875 0.105
0 0.2603125 0.745 0.080625 0.10666666666666667
0 0.5240625 0.3929166666666667 0.081875 0.10916666666666666
0 0.388125 0.6020833333333333 0.07875 0.10583333333333333
0 0.263125 0.8120833333333334 0.085 0.1125
0 0.4146875 0.7366666666666667 0.086875 0.115
0 0.0909375 0.71875 0.066875 0.08916666666666667
0 0.741875 0.6504166666666666 0.0925 0.12416666666666666
0 0.3053125 0.66875 0.084375 0.1125
0 0.640625 0.2708333333333333 0.09375 0.125