0 0.64375 0.9004166666666666 0.0975 0.12916666666666668
0 0.3396875 0.745 0.100625 0.13333333333333333
0 0.7559375 0.40791666666666665 0.103125 0.1375
0 0.413125 0.35083333333333333 0.10125 0.135
0 0.5346875 0.25 0.094375 0.12666666666666668
0 0.72375 0.64875 0.10625 0.14083333333333334
0 0.8315625 0.6554166666666666 0.093125 0.12416666666666666
0 0.509375 0.33208333333333334 0.09375 0.12583333333333332
0 0.134375 0.7916666666666666 0.11375 0.15166666666666667
0 0.1115625 0.3804166666666667 0.106875 0.1425
0 0.7034375 0.5254166666666666 0.105625 0.14083333333333334
0 0.5328125 0.39625 0.109375 0.14583333333333334