0 0.5709375 0.95 0.069375 0.09833333333333333
0 0.76375 0.8654166666666666 0.07375 0.1125
0 0.7734375 0.44708333333333333 0.075625 0.09416666666666666
0 0.6815625 0.275 0.060625 0.085
0 0.858125 0.4558333333333333 0.07875 0.105
0 0.6696875 0.8333333333333334 0.068125 0.08333333333333333
0 0.2475 0.5454166666666667 0.07625 0.0925
0 0.46875 0.06041666666666667 0.0725 0.10416666666666667
0 0.6325 0.7408333333333333 0.07 0.09
0 0.0990625 0.15708333333333332 0.065625 0.0925
0 0.2778125 0.9320833333333334 0.081875 0.10583333333333333
0 0.116875 0.46708333333333335 0.07125 0.09916666666666667
0 0.328125 0.5179166666666667 0.07125 0.09583333333333334
0 0.54 0.175 0.06875 0.095
0 0.74 0.6725 0.07625 0.10666666666666667
0 0.471875 0.31708333333333333 0.075 0.09583333333333334
0 0.895625 0.7733333333333333 0.07 0.10333333333333333
0 0.5140625 0.23083333333333333 0.074375 0.09833333333333333
0 0.81875 0.26958333333333334 0.07375 0.10583333333333333
0 0.705625 0.45416666666666666 0.06625 0.09666666666666666
0 0.90375 0.5766666666666667 0.07125 0.10833333333333334
0 0.926875 0.15083333333333335 0.08875 0.08833333333333333
0 0.441875 0.7833333333333333 0.065 0.1
0 0.5790625 0.47833333333333333 0.074375 0.10666666666666667
0 0.3578125 0.7629166666666667 0.071875 0.0925
0 0.89875 0.9395833333333333 0.08625 0.10583333333333333
0 0.344375 0.9179166666666667 0.07 0.09583333333333334
0 0.325 0.4245833333333333 0.07875 0.09416666666666666
0 0.606875 0.26416666666666666 0.06125 0.09166666666666666
0 0.936875 0.23291666666666666 0.07875 0.10416666666666667
0 0.7409375 0.5491666666666667 0.075625 0.10666666666666667
0 0.2003125 0.755 0.070625 0.09833333333333333
0 0.388125 0.6529166666666667 0.07375 0.09083333333333334
0 0.62625 0.6079166666666667 0.07375 0.0975
0 0.22375 0.8675 0.07875 0.095
0 0.32875 0.3233333333333333 0.06875 0.1
0 0.32625 0.6258333333333334 0.08375 0.09666666666666666
0 0.7528125 0.19916666666666666 0.064375 0.08166666666666667
0 0.1903125 0.7158333333333333 0.069375 0.09333333333333334
0 0.7865625 0.12125 0.075625 0.09916666666666667
0 0.0409375 0.35583333333333333 0.069375 0.085
0 0.78625 0.07583333333333334 0.075 0.1
0 0.42125 0.4404166666666667 0.075 0.09583333333333334
0 0.6428125 0.5008333333333334 0.068125 0.09166666666666666
0 0.528125 0.3875 0.07125 0.10833333333333334
0 0.6071875 0.835 0.059375 0.09333333333333334
0 0.4484375 0.6133333333333333 0.109375 0.08
0 0.1353125 0.1175 0.081875 0.10833333333333334
0 0.4834375 0.5904166666666667 0.070625 0.0975