0 0.6271875 0.4658333333333333 0.096875 0.12833333333333333
0 0.5746875 0.34458333333333335 0.080625 0.1075
0 0.4753125 0.4175 0.104375 0.14
0 0.7071875 0.6395833333333333 0.093125 0.12416666666666666
0 0.7584375 0.69 0.096875 0.13
0 0.948125 0.46 0.07875 0.105
0 0.905625 0.6108333333333333 0.1025 0.13666666666666666
0 0.77875 0.5833333333333334 0.10875 0.145
0 0.7640625 0.9070833333333334 0.099375 0.1325
0 0.32875 0.4379166666666667 0.09875 0.1325
0 0.8340625 0.4429166666666667 0.099375 0.1325
0 0.7190625 0.8129166666666666 0.098125 0.13083333333333333
0 0.1384375 0.6095833333333334 0.100625 0.13416666666666666
0 0.855 0.8345833333333333 0.08375 0.1125
0 0.480625 0.5620833333333334 0.0875 0.1175
0 0.6321875 0.1075 0.098125 0.13
0 0.81875 0.7008333333333333 0.08125 0.10833333333333334
0 0.6015625 0.19375 0.086875 0.11583333333333333
0 0.62625 0.28541666666666665 0.10125 0.13583333333333333
0 0.5453125 0.48291666666666666 0.081875 0.10916666666666666
0 0.23375 0.5475 0.08625 0.115
0 0.631875 0.93 0.1025 0.13666666666666666
0 0.0859375 0.40041666666666664 0.100625 0.13416666666666666
0 0.5528125 0.26458333333333334 0.093125 0.12416666666666666
0 0.18875 0.2916666666666667 0.08 0.10666666666666667
0 0.68875 0.21583333333333332 0.1025 0.13666666666666666
0 0.454375 0.73 0.09375 0.125
0 0.8309375 0.3383333333333333 0.095625 0.12666666666666668
0 0.3721875 0.8695833333333334 0.091875 0.1225
0 0.908125 0.7366666666666667 0.105 0.14
0 0.6071875 0.6595833333333333 0.091875 0.1225
0 0.739375 0.2920833333333333 0.095 0.12583333333333332
0 0.5034375 0.8595833333333334 0.085625 0.11416666666666667
0 0.3646875 0.6220833333333333 0.083125 0.11083333333333334
0 0.6846875 0.31416666666666665 0.085625 0.115
0 0.55625 0.8658333333333333 0.07875 0.105
0 0.311875 0.86875 0.08875 0.1175
0 0.435625 0.6708333333333333 0.09625 0.12833333333333333
0 0.9321875 0.5254166666666666 0.085625 0.11416666666666667
0 0.83375 0.93 0.09375 0.125
0 0.06875 0.3575 0.09625 0.12833333333333333
0 0.058125 0.26625 0.075 0.09916666666666667
0 0.3328125 0.72875 0.084375 0.1125
0 0.196875 0.64375 0.08125 0.10916666666666666
0 0.4059375 0.80875 0.080625 0.1075
0 0.6671875 0.7754166666666666 0.079375 0.10583333333333333
0 0.5234375 0.7470833333333333 0.085625 0.11416666666666667
0 0.1371875 0.5379166666666667 0.074375 0.09916666666666667
0 0.615 0.8416666666666667 0.085 0.11333333333333333
0 0.2265625 0.7195833333333334 0.070625 0.09416666666666666
0 0.8890625 0.45708333333333334 0.068125 0.09083333333333334
0 0.1896875 0.36541666666666667 0.074375 0.09916666666666667
0 0.946875 0.6633333333333333 0.08125 0.10833333333333334
0 0.2096875 0.22541666666666665 0.070625 0.09416666666666666
0 0.3959375 0.2520833333333333 0.073125 0.0975
0 0.511875 0.6670833333333334 0.085 0.1125
0 0.1846875 0.5141666666666667 0.078125 0.105
0 0.61125 0.7458333333333333 0.08375 0.11166666666666666
0 0.411875 0.14916666666666667 0.07125 0.095
0 0.07125 0.5779166666666666 0.0925 0.1225
0 0.56875 0.70375 0.0825 0.11083333333333334
0 0.5259375 0.6445833333333333 0.071875 0.09583333333333334