0 0.449375 0.16291666666666665 0.0725 0.10083333333333333
0 0.5709375 0.15875 0.071875 0.09083333333333334
0 0.3746875 0.5341666666666667 0.070625 0.08833333333333333
0 0.193125 0.48625 0.0725 0.1125
0 0.2340625 0.6141666666666666 0.071875 0.09333333333333334
0 0.5628125 0.9316666666666666 0.084375 0.09833333333333333
0 0.701875 0.20583333333333334 0.07125 0.09833333333333333
0 0.463125 0.36125 0.085 0.0975
0 0.6840625 0.66375 0.071875 0.1075
0 0.83375 0.7058333333333333 0.06875 0.10166666666666667
0 0.418125 0.29125 0.07625 0.09416666666666666
0 0.6028125 0.7941666666666667 0.066875 0.09333333333333334
0 0.8071875 0.3720833333333333 0.073125 0.0825
0 0.51625 0.085 0.06625 0.095
0 0.7546875 0.7920833333333334 0.069375 0.11083333333333334
0 0.5440625 0.6466666666666666 0.075625 0.085
0 0.6765625 0.3283333333333333 0.074375 0.09666666666666666
0 0.7765625 0.2608333333333333 0.075625 0.09666666666666666
0 0.3909375 0.195 0.070625 0.08666666666666667
0 0.278125 0.13791666666666666 0.07625 0.09416666666666666
0 0.685625 0.8308333333333333 0.06875 0.08
0 0.2384375 0.2945833333333333 0.079375 0.10416666666666667
0 0.84 0.46291666666666664 0.05625 0.10916666666666666
0 0.424375 0.7329166666666667 0.0775 0.08416666666666667
0 0.5071875 0.7358333333333333 0.073125 0.1
0 0.49 0.8366666666666667 0.0575 0.09333333333333334
0 0.3078125 0.7095833333333333 0.071875 0.1025
0 0.261875 0.34625 0.0675 0.10083333333333333
0 0.3878125 0.9025 0.076875 0.10166666666666667
0 0.774375 0.41375 0.07 0.0975
0 0.1603125 0.27958333333333335 0.071875 0.09583333333333334
1 0.6375 0.12625 0.09625 0.09916666666666667
0 0.7590625 0.46375 0.070625 0.09583333333333334
0 0.82625 0.7616666666666667 0.07 0.085
0 0.231875 0.74125 0.06875 0.09083333333333334
0 0.3340625 0.8683333333333333 0.075625 0.105
0 0.4159375 0.8516666666666667 0.065625 0.09166666666666666
0 0.76625 0.5395833333333333 0.07125 0.08416666666666667
0 0.6159375 0.2375 0.059375 0.085
0 0.6403125 0.7979166666666667 0.064375 0.1075
0 0.595625 0.325 0.08 0.08833333333333333
0 0.7415625 0.32416666666666666 0.069375 0.09333333333333334
0 0.2159375 0.7070833333333333 0.073125 0.09416666666666666
0 0.481875 0.71375 0.06875 0.0925
1 0.6178125 0.8854166666666666 0.104375 0.09916666666666667
0 0.7184375 0.16625 0.074375 0.09416666666666666
0 0.7184375 0.3908333333333333 0.071875 0.08833333333333333
0 0.795625 0.5145833333333333 0.0725 0.09916666666666667
1 0.57625 0.2633333333333333 0.09625 0.1
0 0.5753125 0.79625 0.069375 0.10583333333333333
0 0.8034375 0.5891666666666666 0.060625 0.07
0 0.258125 0.13666666666666666 0.07625 0.09333333333333334