0 0.7425 0.7220833333333333 0.07 0.11083333333333334
0 0.33 0.08666666666666667 0.07 0.095
0 0.300625 0.8741666666666666 0.07 0.105
0 0.1678125 0.9204166666666667 0.080625 0.08916666666666667
0 0.71 0.94375 0.07 0.09916666666666667
0 0.6925 0.70125 0.07375 0.10083333333333333
0 0.5790625 0.11166666666666666 0.069375 0.09333333333333334
0 0.736875 0.335 0.07625 0.09333333333333334
0 0.4721875 0.5658333333333333 0.073125 0.09333333333333334
0 0.755 0.8320833333333333 0.08125 0.09916666666666667
0 0.628125 0.9095833333333333 0.0775 0.11916666666666667
0 0.315 0.72 0.0725 0.10333333333333333
0 0.8325 0.19166666666666668 0.0725 0.09666666666666666
0 0.1771875 0.14625 0.088125 0.1125
0 0.401875 0.7904166666666667 0.07875 0.11916666666666667
0 0.3665625 0.2654166666666667 0.080625 0.10416666666666667
0 0.8246875 0.6654166666666667 0.074375 0.0925
0 0.6515625 0.5025 0.073125 0.08666666666666667
0 0.5328125 0.9304166666666667 0.066875 0.09583333333333334
0 0.191875 0.27958333333333335 0.0675 0.09583333333333334
0 0.7328125 0.61375 0.071875 0.08583333333333333
0 0.326875 0.42583333333333334 0.06625 0.10333333333333333
0 0.318125 0.5879166666666666 0.07125 0.11083333333333334
0 0.2403125 0.6808333333333333 0.058125 0.09333333333333334
0 0.6321875 0.375 0.076875 0.1
0 0.5159375 0.21041666666666667 0.070625 0.10083333333333333
0 0.385 0.43166666666666664 0.075 0.095
0 0.195625 0.3641666666666667 0.07625 0.09666666666666666
0 0.21625 0.5529166666666666 0.08 0.0925
0 0.6859375 0.44583333333333336 0.065625 0.09166666666666666
0 0.5346875 0.34708333333333335 0.086875 0.09916666666666667
0 0.8103125 0.8908333333333334 0.078125 0.1
0 0.196875 0.8708333333333333 0.05625 0.07666666666666666
0 0.6534375 0.6545833333333333 0.081875 0.0625
0 0.6475 0.6075 0.11625 0.045