0 0.754375 0.71 0.10125 0.135
0 0.4103125 0.6358333333333334 0.085625 0.115
0 0.4690625 0.46125 0.098125 0.13083333333333333
0 0.27625 0.4841666666666667 0.09625 0.12833333333333333
0 0.4434375 0.5529166666666666 0.103125 0.1375
0 0.530625 0.33916666666666667 0.0875 0.11666666666666667
0 0.6828125 0.7420833333333333 0.084375 0.1125
0 0.3 0.7308333333333333 0.10625 0.14166666666666666
0 0.129375 0.49833333333333335 0.115 0.15333333333333332
0 0.709375 0.5608333333333333 0.10625 0.14166666666666666
0 0.9365625 0.5479166666666667 0.100625 0.13416666666666666
0 0.33125 0.28458333333333335 0.10625 0.14083333333333334
0 0.21125 0.22583333333333333 0.08625 0.115
0 0.5934375 0.6745833333333333 0.103125 0.1375
0 0.6428125 0.21375 0.088125 0.1175
0 0.3990625 0.8391666666666666 0.084375 0.11333333333333333
0 0.779375 0.50625 0.10875 0.14416666666666667
0 0.4690625 0.3225 0.106875 0.14333333333333334
0 0.605 0.32 0.1025 0.13666666666666666
0 0.5690625 0.10125 0.095625 0.1275
0 0.3934375 0.2679166666666667 0.098125 0.13083333333333333
0 0.701875 0.3025 0.1075 0.14333333333333334
0 0.9175 0.8079166666666666 0.08625 0.11583333333333333
0 0.174375 0.6004166666666667 0.11125 0.1475
0 0.6390625 0.12583333333333332 0.084375 0.11166666666666666
0 0.150625 0.6616666666666666 0.10125 0.135
0 0.7515625 0.85875 0.110625 0.1475
0 0.544375 0.77375 0.10375 0.1375
0 0.87375 0.87 0.075 0.1
0 0.224375 0.40875 0.105 0.13916666666666666
0 0.141875 0.10875 0.09875 0.13083333333333333
0 0.53125 0.7325 0.09625 0.12833333333333333
0 0.5303125 0.20791666666666667 0.103125 0.1375
0 0.4790625 0.20625 0.108125 0.14416666666666667
0 0.541875 0.41875 0.095 0.12583333333333332
0 0.4359375 0.19541666666666666 0.110625 0.1475
0 0.4646875 0.11416666666666667 0.085625 0.115
0 0.588125 0.2325 0.09625 0.12833333333333333
0 0.743125 0.8170833333333334 0.0825 0.11083333333333334
1 0.5775 0.87375 0.14 0.18583333333333332
0 0.893125 0.6316666666666667 0.11125 0.14833333333333334
0 0.6234375 0.5854166666666667 0.093125 0.12416666666666666