0 0.2640625 0.39791666666666664 0.071875 0.10583333333333333
0 0.3378125 0.4066666666666667 0.061875 0.08166666666666667
0 0.443125 0.8804166666666666 0.07125 0.0825
0 0.2678125 0.14208333333333334 0.064375 0.09083333333333334
0 0.2584375 0.8729166666666667 0.066875 0.0925
0 0.881875 0.5225 0.065 0.08333333333333333
0 0.60125 0.39375 0.06875 0.0875
0 0.8353125 0.6191666666666666 0.073125 0.09333333333333334
0 0.88625 0.9025 0.06875 0.08833333333333333
0 0.771875 0.1975 0.0575 0.075
0 0.7096875 0.5633333333333334 0.061875 0.07833333333333334
0 0.605625 0.13333333333333333 0.06 0.09333333333333334
0 0.7296875 0.06375 0.063125 0.08916666666666667
0 0.04625 0.2554166666666667 0.065 0.08083333333333333
0 0.164375 0.37041666666666667 0.06625 0.09416666666666666
0 0.4509375 0.3458333333333333 0.065625 0.09
0 0.0521875 0.6779166666666666 0.059375 0.08083333333333333
0 0.6209375 0.64375 0.064375 0.08416666666666667
0 0.72625 0.4895833333333333 0.07125 0.09083333333333334
0 0.4009375 0.29583333333333334 0.069375 0.08833333333333333
0 0.0915625 0.7995833333333333 0.055625 0.0775
0 0.19625 0.45458333333333334 0.06125 0.09583333333333334
0 0.1028125 0.12166666666666667 0.060625 0.07666666666666666
1 0.9328125 0.215 0.070625 0.1
0 0.1921875 0.17041666666666666 0.071875 0.0825
0 0.4175 0.7729166666666667 0.0725 0.09583333333333334
0 0.3665625 0.8954166666666666 0.071875 0.0925
0 0.575625 0.745 0.06875 0.08333333333333333
0 0.3846875 0.20041666666666666 0.068125 0.09583333333333334
0 0.5496875 0.085 0.073125 0.095
0 0.671875 0.7908333333333334 0.0675 0.08166666666666667
0 0.59625 0.22916666666666666 0.05625 0.085
0 0.3584375 0.07833333333333334 0.050625 0.07
0 0.3446875 0.4845833333333333 0.056875 0.08416666666666667
0 0.4740625 0.48875 0.070625 0.0875
0 0.645625 0.21958333333333332 0.0725 0.09083333333333334
0 0.8484375 0.3566666666666667 0.060625 0.09166666666666666
0 0.9146875 0.31666666666666665 0.066875 0.08
0 0.6753125 0.875 0.081875 0.08
0 0.6878125 0.9458333333333333 0.060625 0.08666666666666667
0 0.7625 0.6945833333333333 0.06 0.0925
0 0.174375 0.94875 0.0575 0.0875
0 0.313125 0.11166666666666666 0.0525 0.07166666666666667
0 0.438125 0.9645833333333333 0.06 0.0675
0 0.86 0.3779166666666667 0.0575 0.08416666666666667
0 0.814375 0.16291666666666665 0.05 0.0725
0 0.1725 0.245 0.05125 0.06833333333333333
0 0.934375 0.08875 0.05875 0.07916666666666666
0 0.04375 0.95125 0.06625 0.0825
0 0.1734375 0.08583333333333333 0.049375 0.08
0 0.8875 0.12208333333333334 0.07375 0.0725
1 0.09125 0.45958333333333334 0.1225 0.16083333333333333
0 0.9509375 0.9525 0.064375 0.08166666666666667
0 0.8946875 0.060833333333333336 0.065625 0.06333333333333334
0 0.1284375 0.060833333333333336 0.055625 0.095
0 0.584375 0.57375 0.06375 0.08083333333333333