0 0.05625 0.10708333333333334 0.065 0.0825
0 0.3203125 0.18916666666666668 0.068125 0.09166666666666666
0 0.34 0.8983333333333333 0.05875 0.095
0 0.824375 0.92875 0.0725 0.08583333333333333
0 0.11375 0.5883333333333334 0.05875 0.08
0 0.399375 0.58625 0.0575 0.0875
0 0.7446875 0.19916666666666666 0.078125 0.09666666666666666
0 0.7846875 0.09708333333333333 0.058125 0.10083333333333333
0 0.5596875 0.70375 0.064375 0.08416666666666667
0 0.71625 0.4245833333333333 0.0625 0.1075
0 0.0509375 0.86625 0.059375 0.09083333333333334
0 0.511875 0.3541666666666667 0.07125 0.095
0 0.494375 0.70125 0.07 0.0875
0 0.57375 0.6104166666666667 0.0625 0.08916666666666667
0 0.6334375 0.13875 0.071875 0.1075
0 0.85125 0.8366666666666667 0.0675 0.11333333333333333
0 0.434375 0.49 0.06 0.06666666666666667
0 0.468125 0.5608333333333333 0.06875 0.085
0 0.9265625 0.80125 0.063125 0.09583333333333334
0 0.1725 0.8204166666666667 0.06375 0.0775
0 0.3978125 0.9433333333333334 0.064375 0.08666666666666667
0 0.0465625 0.63 0.064375 0.10166666666666667
0 0.6125 0.06958333333333333 0.0675 0.0825
0 0.15125 0.3129166666666667 0.06375 0.09416666666666666
0 0.7853125 0.42625 0.061875 0.07916666666666666
0 0.5375 0.5575 0.05875 0.08333333333333333
0 0.2040625 0.5770833333333333 0.066875 0.08916666666666667
0 0.703125 0.26875 0.06125 0.0775
0 0.920625 0.6641666666666667 0.0625 0.08833333333333333
0 0.536875 0.2658333333333333 0.06125 0.09333333333333334
0 0.5453125 0.13416666666666666 0.061875 0.08333333333333333
0 0.84875 0.13375 0.0675 0.07583333333333334
0 0.2346875 0.48791666666666667 0.064375 0.09916666666666667
0 0.1753125 0.4525 0.080625 0.09
0 0.76875 0.90375 0.06125 0.09916666666666667
0 0.1278125 0.9254166666666667 0.080625 0.09916666666666667
0 0.6015625 0.8925 0.055625 0.095
0 0.5175 0.4925 0.075 0.09666666666666666
0 0.925 0.22416666666666665 0.06 0.09833333333333333
0 0.6403125 0.245 0.059375 0.09
0 0.4275 0.12458333333333334 0.06 0.10083333333333333
0 0.3946875 0.8375 0.071875 0.09333333333333334
0 0.803125 0.5720833333333334 0.06 0.08583333333333333
0 0.295 0.043333333333333335 0.06375 0.085
0 0.554375 0.06875 0.0575 0.06416666666666666
0 0.259375 0.7541666666666667 0.05875 0.08
0 0.1659375 0.16375 0.063125 0.0675
0 0.491875 0.08541666666666667 0.075 0.09083333333333334
0 0.0365625 0.51 0.064375 0.09166666666666666
0 0.8309375 0.6666666666666666 0.060625 0.09166666666666666
0 0.4609375 0.8954166666666666 0.070625 0.0875
0 0.68 0.6004166666666667 0.0575 0.0775
0 0.74 0.6441666666666667 0.0625 0.08333333333333333
0 0.7946875 0.765 0.066875 0.085
0 0.25125 0.5295833333333333 0.06875 0.0725
0 0.8571875 0.7054166666666667 0.056875 0.07916666666666666
0 0.53625 0.7954166666666667 0.05625 0.08583333333333333
0 0.6753125 0.8825 0.066875 0.075
0 0.3303125 0.6954166666666667 0.064375 0.09916666666666667
0 0.9134375 0.4504166666666667 0.061875 0.08583333333333333
0 0.20125 0.7070833333333333 0.065 0.07916666666666666
0 0.466875 0.2658333333333333 0.07 0.09
0 0.92 0.90125 0.0725 0.08916666666666667
0 0.3415625 0.79 0.058125 0.08166666666666667
0 0.51875 0.8954166666666666 0.0575 0.08916666666666667
0 0.298125 0.29333333333333333 0.07 0.07333333333333333
0 0.258125 0.6354166666666666 0.05875 0.0775
0 0.4671875 0.6583333333333333 0.073125 0.10333333333333333
0 0.27 0.9275 0.05125 0.07166666666666667
0 0.721875 0.7770833333333333 0.08125 0.0825
0 0.08375 0.42083333333333334 0.07625 0.09
0 0.7346875 0.5366666666666666 0.074375 0.09
0 0.1746875 0.24458333333333335 0.063125 0.0825
0 0.48625 0.22125 0.0725 0.09083333333333334
0 0.07 0.9416666666666667 0.05625 0.08
0 0.6571875 0.6945833333333333 0.059375 0.0975
0 0.2671875 0.23708333333333334 0.065625 0.07916666666666666
0 0.8140625 0.22875 0.060625 0.07583333333333334
0 0.12375 0.1 0.0575 0.08666666666666667
0 0.1859375 0.6575 0.070625 0.09
0 0.46875 0.7904166666666667 0.0625 0.08416666666666667
0 0.36125 0.10875 0.07125 0.0875
0 0.2290625 0.79875 0.076875 0.09083333333333334
0 0.390625 0.24083333333333334 0.0675 0.06333333333333334
0 0.7221875 0.69875 0.058125 0.08416666666666667
0 0.08625 0.18625 0.05625 0.09416666666666666
0 0.12625 0.6879166666666666 0.0475 0.09916666666666667
0 0.636875 0.35083333333333333 0.06875 0.08666666666666667
0 0.40625 0.6966666666666667 0.07 0.12
0 0.2803125 0.4175 0.065625 0.08
0 0.7771875 0.29375 0.065625 0.09083333333333334
0 0.3059375 0.36333333333333334 0.054375 0.06666666666666667
0 0.1203125 0.49 0.070625 0.09333333333333334
0 0.9615625 0.2808333333333333 0.061875 0.07833333333333334
0 0.470625 0.4175 0.05875 0.08833333333333333
0 0.9528125 0.155 0.068125 0.08166666666666667
0 0.585625 0.3879166666666667 0.05125 0.07416666666666667
0 0.7384375 0.33625 0.051875 0.07083333333333333
0 0.5975 0.4841666666666667 0.06 0.08
0 0.8784375 0.6070833333333333 0.054375 0.08583333333333333
0 0.2403125 0.34208333333333335 0.065625 0.0775
0 0.749375 0.04125 0.07375 0.0825
0 0.459375 0.33 0.06375 0.08
0 0.12125 0.40541666666666665 0.07625 0.0775
0 0.071875 0.79 0.06375 0.075
0 0.7015625 0.0975 0.051875 0.10166666666666667
0 0.4421875 0.3925 0.064375 0.08333333333333333
0 0.268125 0.8516666666666667 0.07875 0.07666666666666666
0 0.8896875 0.25916666666666666 0.058125 0.07333333333333333
0 0.6003125 0.78375 0.054375 0.07083333333333333
0 0.970625 0.71625 0.0575 0.08083333333333333
0 0.0496875 0.22666666666666666 0.061875 0.09166666666666666
0 0.8921875 0.4025 0.066875 0.07833333333333334
0 0.639375 0.5633333333333334 0.06625 0.07333333333333333
0 0.3328125 0.5116666666666667 0.056875 0.08166666666666667
0 0.1515625 0.52 0.051875 0.09166666666666666
0 0.0565625 0.5341666666666667 0.066875 0.08166666666666667
0 0.03375 0.27166666666666667 0.0675 0.09
0 0.155 0.10625 0.05875 0.0875
0 0.3759375 0.14791666666666667 0.063125 0.08583333333333333
0 0.445 0.13708333333333333 0.06375 0.06916666666666667
0 0.665 0.2725 0.0525 0.10666666666666667
0 0.7290625 0.12 0.046875 0.06833333333333333
0 0.70125 0.050416666666666665 0.06875 0.0775
0 0.9284375 0.1325 0.051875 0.09
0 0.8621875 0.16 0.053125 0.08833333333333333
0 0.9671875 0.3225 0.063125 0.07833333333333334
0 0.865625 0.4083333333333333 0.06 0.07
0 0.9034375 0.5229166666666667 0.053125 0.0975
0 0.840625 0.25416666666666665 0.0675 0.085
0 0.795 0.33416666666666667 0.055 0.08166666666666667
0 0.65875 0.3875 0.0625 0.085
0 0.5821875 0.33458333333333334 0.049375 0.08916666666666667
0 0.39 0.2875 0.0575 0.08833333333333333
0 0.370625 0.32625 0.06375 0.07416666666666667
0 0.4128125 0.39416666666666667 0.068125 0.095
0 0.3228125 0.28875 0.063125 0.0825
0 0.3359375 0.38 0.063125 0.07
0 0.3384375 0.475 0.056875 0.09
0 0.6253125 0.4875 0.055625 0.095
0 0.339375 0.6641666666666667 0.05 0.09333333333333334
0 0.279375 0.6625 0.05875 0.065
0 0.190625 0.7354166666666667 0.06125 0.07583333333333334
0 0.2590625 0.9558333333333333 0.046875 0.08
0 0.17625 0.8570833333333333 0.05875 0.08416666666666667
0 0.0321875 0.76 0.061875 0.08666666666666667
0 0.0571875 0.7508333333333334 0.065625 0.08
0 0.128125 0.7445833333333334 0.04125 0.09083333333333334
0 0.3134375 0.8116666666666666 0.061875 0.07666666666666666
0 0.2446875 0.8754166666666666 0.064375 0.07083333333333333
0 0.475 0.8266666666666667 0.06375 0.06833333333333333
0 0.54 0.8279166666666666 0.0575 0.08916666666666667
0 0.7734375 0.7691666666666667 0.055625 0.06833333333333333
0 0.875625 0.73125 0.06875 0.0725
0 0.9378125 0.9591666666666666 0.058125 0.07833333333333334
0 0.9659375 0.545 0.056875 0.07666666666666666
0 0.7059375 0.3695833333333333 0.063125 0.07916666666666666
0 0.82125 0.55625 0.05125 0.09583333333333334
0 0.7634375 0.64875 0.058125 0.08583333333333333
0 0.69125 0.5175 0.0575 0.07833333333333334
0 0.655625 0.52 0.06 0.07666666666666666
0 0.3540625 0.5083333333333333 0.085625 0.08333333333333333
0 0.165 0.3441666666666667 0.05875 0.07833333333333334
0 0.2178125 0.39625 0.046875 0.07583333333333334
0 0.2509375 0.36375 0.053125 0.08416666666666667
0 0.6346875 0.6579166666666667 0.064375 0.0775
0 0.638125 0.7775 0.05875 0.06833333333333333
0 0.63125 0.7229166666666667 0.07125 0.0825
0 0.494375 0.955 0.0575 0.07833333333333334
0 0.96875 0.6354166666666666 0.06 0.07416666666666667
0 0.8828125 0.57125 0.059375 0.0875