0 0.2446875 0.30833333333333335 0.059375 0.08166666666666667
0 0.6428125 0.5516666666666666 0.060625 0.08333333333333333
0 0.3040625 0.37416666666666665 0.065625 0.085
0 0.8103125 0.6133333333333333 0.068125 0.08333333333333333
0 0.6334375 0.14208333333333334 0.068125 0.0875
0 0.363125 0.29041666666666666 0.065 0.08416666666666667
0 0.3875 0.19708333333333333 0.075 0.08583333333333333
0 0.175 0.48833333333333334 0.0625 0.08666666666666667
0 0.4240625 0.9429166666666666 0.065625 0.0925
0 0.42875 0.10583333333333333 0.0625 0.08
0 0.446875 0.5 0.06375 0.08166666666666667
0 0.3390625 0.8854166666666666 0.061875 0.08083333333333333
0 0.415 0.60875 0.065 0.09416666666666666
0 0.3790625 0.7066666666666667 0.070625 0.095
0 0.4109375 0.7870833333333334 0.078125 0.0975
0 0.5109375 0.45875 0.063125 0.08416666666666667
0 0.31875 0.68375 0.0575 0.07916666666666666
0 0.500625 0.7283333333333334 0.0625 0.09166666666666666
0 0.639375 0.8070833333333334 0.06625 0.08416666666666667
0 0.4234375 0.39 0.068125 0.08666666666666667
0 0.244375 0.5191666666666667 0.06625 0.09833333333333333
0 0.65 0.41791666666666666 0.06625 0.0875
0 0.6828125 0.21416666666666667 0.059375 0.07833333333333334
0 0.175 0.24958333333333332 0.06625 0.10083333333333333
0 0.825 0.8225 0.06875 0.085
0 0.6971875 0.91625 0.061875 0.0925
0 0.571875 0.7229166666666667 0.075 0.0975
0 0.295625 0.8204166666666667 0.0475 0.0775
0 0.7540625 0.8666666666666667 0.059375 0.09
0 0.799375 0.47625 0.07 0.0775
0 0.5509375 0.12125 0.064375 0.0925
0 0.5009375 0.63375 0.066875 0.09583333333333334
0 0.6659375 0.7195833333333334 0.073125 0.1025
0 0.2234375 0.7054166666666667 0.056875 0.07583333333333334
0 0.5834375 0.8629166666666667 0.068125 0.0725
0 0.579375 0.305 0.07 0.09666666666666666
0 0.790625 0.3075 0.06875 0.07
0 0.56625 0.35583333333333333 0.07375 0.10666666666666667
0 0.8028125 0.90125 0.053125 0.08916666666666667
0 0.3759375 0.495 0.074375 0.10833333333333334
0 0.2809375 0.93 0.064375 0.08333333333333333
0 0.67125 0.8333333333333334 0.07875 0.1
0 0.2553125 0.8841666666666667 0.064375 0.075
0 0.3475 0.11541666666666667 0.0725 0.09083333333333334
0 0.7784375 0.12666666666666668 0.054375 0.10333333333333333
0 0.20875 0.7854166666666667 0.0625 0.0775
0 0.7590625 0.5345833333333333 0.079375 0.09416666666666666
1 0.541875 0.5420833333333334 0.09 0.1025
0 0.43 0.6354166666666666 0.05375 0.07583333333333334