0 0.5021875 0.55875 0.071875 0.11416666666666667
0 0.8340625 0.56625 0.076875 0.11416666666666667
0 0.6534375 0.9004166666666666 0.073125 0.10916666666666666
0 0.570625 0.059583333333333335 0.06 0.07583333333333334
0 0.7596875 0.2925 0.066875 0.10333333333333333
0 0.4165625 0.19583333333333333 0.073125 0.095
0 0.18 0.9095833333333333 0.075 0.10416666666666667
0 0.8271875 0.6954166666666667 0.065625 0.1075
0 0.55375 0.8370833333333333 0.07 0.08916666666666667
0 0.3928125 0.38083333333333336 0.066875 0.09833333333333333
0 0.5515625 0.9420833333333334 0.080625 0.09416666666666666
0 0.5128125 0.7125 0.076875 0.09666666666666666
0 0.54375 0.26208333333333333 0.06625 0.09916666666666667
0 0.506875 0.34375 0.07125 0.10583333333333333
0 0.2521875 0.11041666666666666 0.063125 0.1075
0 0.1625 0.6570833333333334 0.07375 0.09916666666666667
0 0.3365625 0.10458333333333333 0.068125 0.10916666666666666
0 0.8375 0.7958333333333333 0.06375 0.095
1 0.319375 0.5141666666666667 0.085 0.09833333333333333
0 0.5325 0.20125 0.09 0.08916666666666667
0 0.3671875 0.25166666666666665 0.066875 0.10166666666666667
0 0.485625 0.77375 0.07 0.10583333333333333
0 0.42875 0.6125 0.07375 0.10333333333333333
0 0.2759375 0.66125 0.071875 0.09083333333333334
0 0.366875 0.9479166666666666 0.07625 0.1025
0 0.4771875 0.45375 0.081875 0.1075
0 0.6953125 0.2575 0.069375 0.09
0 0.2140625 0.4633333333333333 0.070625 0.10166666666666667
0 0.7159375 0.17458333333333334 0.065625 0.09083333333333334
0 0.606875 0.3120833333333333 0.07375 0.09416666666666666
0 0.365625 0.75 0.0725 0.10333333333333333
0 0.526875 0.4295833333333333 0.0775 0.09916666666666667
0 0.326875 0.8425 0.07375 0.08
0 0.345625 0.36083333333333334 0.07 0.095
0 0.2471875 0.75 0.080625 0.10666666666666667
0 0.700625 0.35208333333333336 0.07 0.09083333333333334
0 0.3075 0.15125 0.06375 0.10083333333333333
0 0.5784375 0.4866666666666667 0.061875 0.115
0 0.300625 0.7454166666666666 0.08625 0.10416666666666667
0 0.71375 0.48541666666666666 0.06375 0.08416666666666667
0 0.4246875 0.5233333333333333 0.069375 0.09333333333333334
0 0.360625 0.565 0.0675 0.09166666666666666
0 0.7609375 0.41 0.075625 0.08166666666666667
0 0.345 0.6729166666666667 0.06875 0.09583333333333334
0 0.3384375 0.23041666666666666 0.066875 0.0925
0 0.7546875 0.6025 0.070625 0.10166666666666667
0 0.6140625 0.11291666666666667 0.065625 0.08083333333333333
0 0.7684375 0.8795833333333334 0.071875 0.0925
0 0.274375 0.11333333333333333 0.07 0.09333333333333334
0 0.70625 0.5245833333333333 0.0725 0.09083333333333334
0 0.2565625 0.5616666666666666 0.071875 0.10333333333333333
0 0.780625 0.84125 0.06375 0.10583333333333333
0 0.2234375 0.16833333333333333 0.059375 0.10833333333333334
0 0.265625 0.26708333333333334 0.0725 0.10583333333333333
0 0.216875 0.5695833333333333 0.075 0.1075
0 0.1984375 0.20916666666666667 0.068125 0.105
0 0.1909375 0.2758333333333333 0.073125 0.11333333333333333
0 0.3896875 0.58875 0.074375 0.0975
0 0.235 0.59125 0.08125 0.09416666666666666
0 0.8275 0.8908333333333334 0.055 0.1
0 0.2659375 0.30791666666666667 0.080625 0.0975
0 0.613125 0.16833333333333333 0.07375 0.095
0 0.3153125 0.43166666666666664 0.071875 0.08833333333333333
0 0.775625 0.5116666666666667 0.055 0.1
0 0.1871875 0.65125 0.070625 0.09916666666666667
0 0.321875 0.30375 0.07625 0.0975
0 0.6090625 0.22875 0.068125 0.07583333333333334