0 0.4790625 0.945 0.056875 0.08
0 0.906875 0.18666666666666668 0.05625 0.075
0 0.74125 0.7345833333333334 0.06 0.07583333333333334
1 0.1121875 0.9158333333333334 0.080625 0.105
0 0.589375 0.5633333333333334 0.05625 0.07833333333333334
0 0.2365625 0.20208333333333334 0.066875 0.07583333333333334
0 0.943125 0.7258333333333333 0.05625 0.085
0 0.24375 0.84375 0.07625 0.09416666666666666
0 0.7209375 0.5429166666666667 0.055625 0.0775
0 0.725 0.23416666666666666 0.06625 0.08833333333333333
0 0.3103125 0.92 0.078125 0.1
0 0.53375 0.07333333333333333 0.06625 0.08333333333333333
0 0.8425 0.19458333333333333 0.0725 0.09083333333333334
0 0.7446875 0.8766666666666667 0.069375 0.08333333333333333
0 0.20125 0.4608333333333333 0.07 0.095
0 0.65625 0.23333333333333334 0.065 0.08166666666666667
0 0.924375 0.08208333333333333 0.0725 0.09916666666666667
0 0.24125 0.5775 0.055 0.08
0 0.26625 0.6533333333333333 0.065 0.08166666666666667
0 0.36 0.18916666666666668 0.04875 0.07166666666666667
0 0.2546875 0.3933333333333333 0.059375 0.08166666666666667
0 0.1259375 0.2916666666666667 0.060625 0.08333333333333333
0 0.629375 0.6745833333333333 0.055 0.08583333333333333
0 0.51 0.5658333333333333 0.06875 0.085
0 0.323125 0.355 0.065 0.085
0 0.1921875 0.2708333333333333 0.063125 0.08833333333333333
0 0.9475 0.35333333333333333 0.065 0.08333333333333333
0 0.19375 0.9575 0.0625 0.075
0 0.5128125 0.33375 0.071875 0.09916666666666667
0 0.05375 0.08708333333333333 0.05125 0.0825
0 0.1565625 0.16666666666666666 0.068125 0.08833333333333333
0 0.1384375 0.7108333333333333 0.070625 0.07333333333333333
0 0.30125 0.7616666666666667 0.06125 0.085
0 0.401875 0.33666666666666667 0.0675 0.08333333333333333
0 0.0903125 0.38916666666666666 0.070625 0.09
0 0.9021875 0.8533333333333334 0.071875 0.09666666666666666
0 0.849375 0.68 0.075 0.09166666666666666
0 0.674375 0.2725 0.06375 0.095
0 0.435 0.6891666666666667 0.0625 0.08833333333333333
0 0.3625 0.445 0.0675 0.085
0 0.6453125 0.7466666666666667 0.075625 0.07833333333333334
0 0.8940625 0.6004166666666667 0.074375 0.08916666666666667
0 0.5228125 0.47833333333333333 0.071875 0.095
1 0.6575 0.08458333333333333 0.07125 0.10416666666666667
0 0.4453125 0.5133333333333333 0.064375 0.08166666666666667
0 0.79125 0.5579166666666666 0.07 0.09416666666666666
0 0.8371875 0.27875 0.064375 0.08083333333333333
0 0.628125 0.8158333333333333 0.06625 0.08166666666666667
0 0.884375 0.41 0.0575 0.07833333333333334
0 0.1078125 0.64 0.061875 0.09
0 0.0971875 0.21958333333333332 0.068125 0.0825
0 0.6346875 0.5095833333333334 0.063125 0.0875
0 0.493125 0.14875 0.0625 0.0825
0 0.566875 0.6995833333333333 0.06625 0.09583333333333334
0 0.055625 0.6091666666666666 0.06125 0.085
0 0.2921875 0.5604166666666667 0.058125 0.08416666666666667
0 0.8703125 0.3308333333333333 0.070625 0.085
0 0.4078125 0.23291666666666666 0.065625 0.07916666666666666
0 0.5221875 0.69125 0.058125 0.08416666666666667
0 0.24875 0.13541666666666666 0.0675 0.07916666666666666
0 0.806875 0.43666666666666665 0.06375 0.095
0 0.481875 0.63375 0.05625 0.0825
0 0.4746875 0.2941666666666667 0.078125 0.09166666666666666
0 0.445625 0.4058333333333333 0.06125 0.08333333333333333
0 0.8609375 0.46125 0.070625 0.0875
0 0.4128125 0.1325 0.063125 0.06333333333333334
0 0.4759375 0.43583333333333335 0.068125 0.085
0 0.565 0.6575 0.065 0.08166666666666667
0 0.3384375 0.7116666666666667 0.069375 0.08333333333333333
0 0.3853125 0.5166666666666667 0.056875 0.08333333333333333
0 0.4446875 0.6641666666666667 0.063125 0.09
0 0.335625 0.5129166666666667 0.05625 0.08916666666666667
0 0.8359375 0.5195833333333333 0.065625 0.09916666666666667
0 0.1128125 0.1425 0.078125 0.085
0 0.4346875 0.17208333333333334 0.056875 0.09416666666666666
0 0.1909375 0.31666666666666665 0.065625 0.1
0 0.7746875 0.195 0.056875 0.08166666666666667
0 0.664375 0.14041666666666666 0.06375 0.0825
0 0.38375 0.6666666666666666 0.05125 0.1
0 0.245 0.3204166666666667 0.0625 0.08416666666666667
0 0.2975 0.48833333333333334 0.05375 0.08166666666666667