0 0.66125 0.21125 0.0725 0.1025
0 0.7515625 0.4266666666666667 0.064375 0.09333333333333334
0 0.790625 0.2775 0.0625 0.09333333333333334
0 0.70375 0.315 0.06875 0.08333333333333333
0 0.8121875 0.48625 0.073125 0.1125
0 0.610625 0.48 0.0725 0.09666666666666666
0 0.704375 0.51125 0.0725 0.09916666666666667
0 0.590625 0.29 0.0775 0.1
0 0.8071875 0.375 0.059375 0.095
0 0.6775 0.6983333333333334 0.07375 0.09333333333333334
0 0.3065625 0.3304166666666667 0.080625 0.1025
0 0.8328125 0.13083333333333333 0.068125 0.09333333333333334
0 0.370625 0.065 0.0675 0.105
0 0.5696875 0.12375 0.065625 0.07416666666666667
0 0.7578125 0.16583333333333333 0.069375 0.08333333333333333
1 0.6853125 0.10458333333333333 0.076875 0.1075
0 0.4984375 0.5133333333333333 0.069375 0.095
0 0.6046875 0.9354166666666667 0.071875 0.09583333333333334
0 0.7309375 0.21791666666666668 0.056875 0.07416666666666667
0 0.5221875 0.17875 0.075625 0.09083333333333334
0 0.6365625 0.8629166666666667 0.070625 0.0875
0 0.6671875 0.6308333333333334 0.070625 0.09666666666666666
0 0.515625 0.07958333333333334 0.0725 0.08916666666666667
0 0.38 0.9158333333333334 0.08125 0.11333333333333333
0 0.6271875 0.07625 0.056875 0.0875
0 0.36875 0.7529166666666667 0.08625 0.09416666666666666
0 0.7084375 0.6270833333333333 0.080625 0.10416666666666667
0 0.34125 0.5766666666666667 0.08375 0.10166666666666667
0 0.7371875 0.12125 0.070625 0.08916666666666667
0 0.7015625 0.05125 0.059375 0.0775
0 0.171875 0.6070833333333333 0.0625 0.0925
0 0.4025 0.5908333333333333 0.0625 0.08666666666666667
0 0.21 0.16 0.07125 0.10166666666666667
0 0.1725 0.08833333333333333 0.06375 0.09
0 0.5003125 0.06 0.068125 0.08666666666666667
0 0.2546875 0.11 0.060625 0.07666666666666666
0 0.2625 0.0475 0.07375 0.07
0 0.2859375 0.17541666666666667 0.069375 0.07583333333333334
0 0.301875 0.20125 0.0725 0.0925