0 0.1890625 0.3441666666666667 0.065625 0.08333333333333333
0 0.326875 0.4404166666666667 0.065 0.08583333333333333
0 0.26625 0.5670833333333334 0.0725 0.09916666666666667
1 0.746875 0.19041666666666668 0.075 0.09916666666666667
0 0.3896875 0.945 0.063125 0.09333333333333334
0 0.520625 0.72625 0.06625 0.08916666666666667
0 0.6865625 0.44458333333333333 0.066875 0.09083333333333334
0 0.5596875 0.83625 0.061875 0.0875
0 0.435625 0.28875 0.05875 0.08083333333333333
0 0.755625 0.4741666666666667 0.07 0.09666666666666666
0 0.769375 0.04583333333333333 0.06 0.09
0 0.3053125 0.35125 0.069375 0.0925
0 0.6034375 0.2775 0.085625 0.08
0 0.585 0.625 0.06 0.07833333333333334
0 0.3853125 0.22875 0.060625 0.0875
0 0.74875 0.7316666666666667 0.06 0.08833333333333333
0 0.5528125 0.19583333333333333 0.059375 0.07
0 0.4590625 0.6891666666666667 0.059375 0.07833333333333334
0 0.7965625 0.28583333333333333 0.059375 0.08
0 0.3921875 0.4558333333333333 0.065625 0.09333333333333334
0 0.3425 0.54125 0.05625 0.0725
0 0.8321875 0.7066666666666667 0.065625 0.085
0 0.7790625 0.38125 0.060625 0.08083333333333333
0 0.493125 0.26666666666666666 0.0575 0.08
0 0.62875 0.6725 0.06 0.07833333333333334
0 0.585 0.7579166666666667 0.06 0.08916666666666667
0 0.283125 0.14 0.06375 0.08333333333333333
0 0.8203125 0.8545833333333334 0.056875 0.08416666666666667
0 0.6709375 0.36541666666666667 0.055625 0.07083333333333333
0 0.18875 0.8433333333333334 0.06375 0.08833333333333333
0 0.310625 0.82 0.06625 0.09333333333333334
0 0.225 0.7275 0.05375 0.07166666666666667
0 0.4509375 0.22041666666666668 0.058125 0.07916666666666666
0 0.2540625 0.21333333333333335 0.045625 0.085
0 0.4746875 0.4716666666666667 0.058125 0.095
0 0.5625 0.5608333333333333 0.0625 0.08
0 0.398125 0.33208333333333334 0.0625 0.08416666666666667
0 0.3090625 0.2325 0.055625 0.07166666666666667
0 0.8425 0.5054166666666666 0.06375 0.09583333333333334
0 0.7090625 0.54625 0.051875 0.07583333333333334
0 0.1565625 0.7275 0.063125 0.08333333333333333
0 0.19375 0.6566666666666666 0.055 0.07666666666666666
0 0.6709375 0.21541666666666667 0.056875 0.07416666666666667
0 0.6940625 0.06833333333333333 0.054375 0.075
0 0.359375 0.63625 0.0475 0.07916666666666666
0 0.5075 0.6370833333333333 0.0575 0.08916666666666667
0 0.188125 0.2629166666666667 0.05875 0.09083333333333334
0 0.23875 0.81125 0.05625 0.07416666666666667
0 0.744375 0.3233333333333333 0.05375 0.09
0 0.4003125 0.59125 0.056875 0.07583333333333334
0 0.6134375 0.91875 0.053125 0.06583333333333333
0 0.3946875 0.3829166666666667 0.059375 0.0875
0 0.779375 0.88 0.05125 0.06833333333333333
0 0.64 0.5933333333333334 0.04875 0.08333333333333333
0 0.53125 0.48625 0.05625 0.07083333333333333
0 0.799375 0.13041666666666665 0.06375 0.08583333333333333
0 0.365 0.09541666666666666 0.05875 0.07083333333333333
0 0.5159375 0.4116666666666667 0.056875 0.07666666666666666
1 0.429375 0.13458333333333333 0.0775 0.1325
1 0.36375 0.16375 0.05125 0.08416666666666667
0 0.3165625 0.15791666666666668 0.048125 0.0825
0 0.4496875 0.6120833333333333 0.048125 0.07416666666666667
0 0.4084375 0.6541666666666667 0.046875 0.07166666666666667
0 0.3325 0.7204166666666667 0.05625 0.07083333333333333
0 0.323125 0.78125 0.05625 0.060833333333333336
0 0.536875 0.44166666666666665 0.07 0.07333333333333333
0 0.4853125 0.39125 0.051875 0.0625
0 0.49875 0.32958333333333334 0.06 0.060833333333333336
0 0.5759375 0.11375 0.048125 0.0775
0 0.1921875 0.47041666666666665 0.060625 0.0625
0 0.169375 0.5879166666666666 0.06 0.06416666666666666
0 0.1465625 0.5641666666666667 0.044375 0.07
0 0.7246875 0.7945833333333333 0.063125 0.08083333333333333
0 0.680625 0.29583333333333334 0.05125 0.065
0 0.418125 0.07291666666666667 0.0875 0.08416666666666667
0 0.205 0.05458333333333333 0.05375 0.0625
0 0.193125 0.19166666666666668 0.0725 0.065