0 0.5153125 0.15333333333333332 0.076875 0.09666666666666666
0 0.5971875 0.30583333333333335 0.066875 0.10166666666666667
0 0.6159375 0.5616666666666666 0.069375 0.10833333333333334
0 0.7209375 0.4825 0.076875 0.095
0 0.60375 0.14291666666666666 0.06625 0.08916666666666667
0 0.61375 0.059583333333333335 0.08125 0.09416666666666666
0 0.374375 0.94125 0.07 0.11083333333333334
0 0.6934375 0.8458333333333333 0.081875 0.11166666666666666
0 0.543125 0.2633333333333333 0.06875 0.10166666666666667
0 0.45875 0.2966666666666667 0.075 0.10833333333333334
0 0.2496875 0.2783333333333333 0.073125 0.105
0 0.50125 0.48083333333333333 0.0775 0.10666666666666667
0 0.32125 0.19958333333333333 0.0675 0.10916666666666666
0 0.304375 0.37125 0.07625 0.09583333333333334
0 0.2846875 0.06416666666666666 0.080625 0.10166666666666667
0 0.659375 0.38083333333333336 0.085 0.1
0 0.4296875 0.39916666666666667 0.084375 0.12166666666666667
0 0.8021875 0.07041666666666667 0.085625 0.10583333333333333
1 0.376875 0.255 0.07875 0.11666666666666667