0 0.4034375 0.50375 0.084375 0.1125
0 0.1790625 0.5770833333333333 0.090625 0.12083333333333333
0 0.1928125 0.6579166666666667 0.083125 0.11083333333333334
0 0.380625 0.41833333333333333 0.0825 0.11
0 0.931875 0.36333333333333334 0.085 0.11333333333333333
0 0.555 0.7220833333333333 0.10625 0.1425
0 0.24625 0.24541666666666667 0.09875 0.13083333333333333
0 0.32125 0.8833333333333333 0.08375 0.11166666666666666
0 0.4659375 0.19208333333333333 0.084375 0.1125
0 0.839375 0.6629166666666667 0.09 0.12083333333333333
0 0.095625 0.5395833333333333 0.08875 0.11916666666666667
0 0.775625 0.705 0.1 0.13333333333333333
0 0.0903125 0.8166666666666667 0.098125 0.13166666666666665
0 0.6859375 0.61625 0.099375 0.1325
0 0.464375 0.9283333333333333 0.09625 0.12833333333333333
0 0.535625 0.45666666666666667 0.0925 0.12333333333333334
0 0.4534375 0.7675 0.093125 0.125
0 0.428125 0.2575 0.08375 0.11166666666666666
1 0.7634375 0.4579166666666667 0.108125 0.14416666666666667
0 0.6415625 0.7291666666666666 0.095625 0.12833333333333333
0 0.579375 0.8941666666666667 0.08625 0.115
0 0.535 0.5666666666666667 0.08125 0.10833333333333334
0 0.938125 0.5408333333333334 0.09125 0.12166666666666667
0 0.5315625 0.08458333333333333 0.096875 0.12916666666666668
0 0.94125 0.44333333333333336 0.0825 0.11
0 0.7025 0.4925 0.0875 0.11666666666666667
0 0.1115625 0.6204166666666666 0.101875 0.13583333333333333
1 0.608125 0.3725 0.11625 0.155
0 0.4171875 0.32916666666666666 0.081875 0.10833333333333334
0 0.74 0.785 0.0925 0.12333333333333334
0 0.883125 0.41625 0.085 0.11416666666666667
0 0.3203125 0.17458333333333334 0.084375 0.1125
0 0.618125 0.3070833333333333 0.085 0.1125
0 0.3953125 0.7329166666666667 0.085625 0.11416666666666667
0 0.1803125 0.325 0.084375 0.11333333333333333
0 0.7603125 0.08791666666666667 0.099375 0.1325
0 0.6871875 0.28875 0.090625 0.12083333333333333
0 0.243125 0.5391666666666667 0.08 0.10666666666666667
1 0.0521875 0.63375 0.101875 0.13583333333333333
0 0.6071875 0.12416666666666666 0.096875 0.13
0 0.216875 0.9191666666666667 0.0925 0.12333333333333334
0 0.5553125 0.16041666666666668 0.079375 0.10583333333333333
0 0.7146875 0.7454166666666666 0.076875 0.1025
0 0.13625 0.4066666666666667 0.0875 0.11666666666666667
0 0.9096875 0.28125 0.091875 0.1225
0 0.8853125 0.5570833333333334 0.073125 0.0975
0 0.695625 0.8441666666666666 0.07875 0.105
0 0.518125 0.8633333333333333 0.09375 0.125
0 0.64125 0.49833333333333335 0.07375 0.09833333333333333
0 0.588125 0.2325 0.075 0.1
0 0.433125 0.35333333333333333 0.07625 0.10166666666666667
0 0.45875 0.8541666666666666 0.07125 0.095
1 0.648125 0.13166666666666665 0.1075 0.14333333333333334
0 0.4978125 0.12125 0.098125 0.13083333333333333
0 0.3821875 0.9204166666666667 0.073125 0.0975
0 0.59 0.6291666666666667 0.07375 0.09833333333333333
0 0.6609375 0.24583333333333332 0.085625 0.115
0 0.6259375 0.19416666666666665 0.091875 0.12333333333333334
0 0.6215625 0.09083333333333334 0.085625 0.115