0 0.376875 0.9208333333333333 0.10125 0.135
0 0.049375 0.42333333333333334 0.0925 0.12333333333333334
0 0.816875 0.5104166666666666 0.1025 0.13583333333333333
0 0.71875 0.5325 0.11125 0.14833333333333334
0 0.9096875 0.60125 0.101875 0.13583333333333333
0 0.6846875 0.9345833333333333 0.094375 0.12583333333333332
0 0.1784375 0.29625 0.094375 0.12583333333333332
0 0.605 0.8170833333333334 0.1075 0.1425
0 0.783125 0.8675 0.10125 0.135
0 0.63375 0.7154166666666667 0.1 0.1325
0 0.4390625 0.40791666666666665 0.099375 0.1325
0 0.271875 0.49166666666666664 0.10625 0.14166666666666666
0 0.3171875 0.71375 0.091875 0.1225
0 0.5634375 0.7279166666666667 0.084375 0.1125
0 0.81875 0.7483333333333333 0.0975 0.13
0 0.3490625 0.13083333333333333 0.095625 0.12666666666666668
0 0.5275 0.7958333333333333 0.0875 0.11666666666666667
0 0.749375 0.73 0.1075 0.14333333333333334
0 0.3415625 0.30875 0.118125 0.1575
0 0.1559375 0.10958333333333334 0.081875 0.10916666666666666
0 0.1915625 0.7225 0.100625 0.135
0 0.6046875 0.20166666666666666 0.119375 0.16
0 0.505625 0.8920833333333333 0.09875 0.1325
0 0.24625 0.7716666666666666 0.09875 0.13166666666666665
0 0.128125 0.4375 0.1025 0.13666666666666666
1 0.4859375 0.5079166666666667 0.123125 0.16416666666666666