0 0.6884375 0.8054166666666667 0.106875 0.1425
0 0.4015625 0.13708333333333333 0.090625 0.12083333333333333
0 0.695 0.15125 0.09625 0.1275
0 0.1540625 0.61625 0.103125 0.1375
0 0.8428125 0.79875 0.105625 0.14083333333333334
0 0.81375 0.45166666666666666 0.1075 0.14333333333333334
0 0.291875 0.5895833333333333 0.09625 0.12916666666666668
0 0.4121875 0.9254166666666667 0.104375 0.13916666666666666
0 0.4784375 0.7433333333333333 0.091875 0.12166666666666667
0 0.4671875 0.46708333333333335 0.094375 0.12583333333333332
0 0.4075 0.7904166666666667 0.08875 0.1175
0 0.8628125 0.6625 0.113125 0.15166666666666667
0 0.9509375 0.7591666666666667 0.094375 0.125
0 0.935 0.595 0.09375 0.125
0 0.3115625 0.7954166666666667 0.093125 0.12416666666666666
0 0.4953125 0.8879166666666667 0.098125 0.13083333333333333
0 0.586875 0.45875 0.10375 0.13916666666666666
0 0.275 0.385 0.09375 0.125
0 0.61625 0.3645833333333333 0.09625 0.1275
0 0.6571875 0.9125 0.084375 0.11166666666666666
0 0.118125 0.23375 0.1025 0.13583333333333333
0 0.7740625 0.26625 0.096875 0.12916666666666668
0 0.8415625 0.89125 0.091875 0.1225
0 0.791875 0.5875 0.09875 0.13166666666666665
0 0.16875 0.315 0.08375 0.11166666666666666
0 0.6921875 0.42041666666666666 0.094375 0.12583333333333332
0 0.226875 0.5583333333333333 0.09375 0.125
0 0.1303125 0.15208333333333332 0.105625 0.14083333333333334
0 0.3040625 0.13583333333333333 0.090625 0.12166666666666667
0 0.389375 0.45166666666666666 0.1125 0.15
0 0.11 0.38083333333333336 0.11625 0.155
0 0.405 0.39416666666666667 0.095 0.12666666666666668
0 0.5928125 0.2658333333333333 0.083125 0.11
0 0.7478125 0.61875 0.085625 0.11416666666666667
0 0.73375 0.32666666666666666 0.095 0.12666666666666668
0 0.2303125 0.25166666666666665 0.096875 0.13
0 0.775 0.7208333333333333 0.1075 0.14333333333333334
0 0.8975 0.45708333333333334 0.10125 0.13416666666666666
0 0.644375 0.2875 0.10625 0.14166666666666666
0 0.3071875 0.20625 0.099375 0.1325
0 0.0703125 0.31833333333333336 0.090625 0.12
0 0.2146875 0.30791666666666667 0.083125 0.11083333333333334
0 0.75125 0.3725 0.10375 0.13833333333333334
0 0.6809375 0.29791666666666666 0.089375 0.11916666666666667
1 0.523125 0.5479166666666667 0.135 0.17916666666666667