0 0.4203125 0.8725 0.064375 0.08166666666666667
0 0.3628125 0.6045833333333334 0.060625 0.07416666666666667
0 0.290625 0.78625 0.06625 0.08083333333333333
1 0.2884375 0.12458333333333334 0.079375 0.10416666666666667
0 0.3084375 0.6695833333333333 0.056875 0.08083333333333333
0 0.48375 0.26708333333333334 0.065 0.08583333333333333
0 0.5478125 0.57375 0.073125 0.10083333333333333
0 0.4503125 0.6941666666666667 0.061875 0.085
0 0.1721875 0.21791666666666668 0.056875 0.09083333333333334
0 0.4309375 0.5558333333333333 0.064375 0.08333333333333333
0 0.7209375 0.6195833333333334 0.066875 0.08916666666666667
0 0.77375 0.6495833333333333 0.06625 0.10416666666666667
0 0.8021875 0.80125 0.073125 0.09083333333333334
0 0.6775 0.31333333333333335 0.06625 0.07666666666666666
0 0.583125 0.3729166666666667 0.06875 0.09083333333333334
0 0.74 0.7133333333333334 0.065 0.09333333333333334
0 0.8365625 0.54125 0.066875 0.08916666666666667
0 0.2290625 0.23833333333333334 0.060625 0.09833333333333333
0 0.586875 0.29083333333333333 0.075 0.07666666666666666
1 0.67375 0.23958333333333334 0.09 0.0825
0 0.2796875 0.24291666666666667 0.066875 0.12916666666666668
0 0.5140625 0.08625 0.074375 0.08583333333333333
0 0.361875 0.7133333333333334 0.06 0.08666666666666667