0 0.6571875 0.12041666666666667 0.099375 0.1325
0 0.3884375 0.35208333333333336 0.089375 0.11916666666666667
0 0.206875 0.10208333333333333 0.1 0.1325
0 0.5715625 0.25 0.083125 0.11
0 0.58625 0.57625 0.09375 0.12583333333333332
0 0.318125 0.48833333333333334 0.105 0.14
0 0.2634375 0.35041666666666665 0.100625 0.13416666666666666
0 0.800625 0.545 0.10625 0.14166666666666666
0 0.143125 0.47708333333333336 0.08625 0.11416666666666667
0 0.8775 0.5266666666666666 0.10375 0.13833333333333334
0 0.529375 0.76375 0.095 0.1275
0 0.773125 0.89375 0.1025 0.1375
0 0.6128125 0.49 0.096875 0.12833333333333333
0 0.4084375 0.9145833333333333 0.091875 0.1225
0 0.1053125 0.36791666666666667 0.086875 0.11583333333333333
0 0.275 0.62 0.095 0.12666666666666668
0 0.2034375 0.6904166666666667 0.105625 0.14083333333333334
0 0.4875 0.30416666666666664 0.10125 0.135
0 0.7478125 0.7795833333333333 0.105625 0.14083333333333334
0 0.898125 0.7554166666666666 0.0975 0.12916666666666668
0 0.364375 0.42791666666666667 0.1 0.1325
0 0.7834375 0.27291666666666664 0.089375 0.11916666666666667
0 0.5034375 0.47541666666666665 0.095625 0.1275
0 0.51375 0.8966666666666666 0.1025 0.13666666666666666
0 0.479375 0.42083333333333334 0.08625 0.115
0 0.0834375 0.5279166666666667 0.096875 0.12916666666666668
0 0.7165625 0.6954166666666667 0.093125 0.12416666666666666
0 0.5696875 0.3304166666666667 0.089375 0.11916666666666667
0 0.083125 0.2633333333333333 0.0975 0.13
0 0.211875 0.2941666666666667 0.09625 0.12833333333333333
0 0.8634375 0.41791666666666666 0.085625 0.11416666666666667
0 0.2334375 0.5775 0.104375 0.13833333333333334
0 0.4190625 0.17708333333333334 0.089375 0.11916666666666667
0 0.1515625 0.20875 0.099375 0.1325
0 0.443125 0.7816666666666666 0.105 0.14
0 0.308125 0.115 0.0925 0.12333333333333334
0 0.4228125 0.2725 0.099375 0.13166666666666665
0 0.77125 0.3525 0.10125 0.135
0 0.47375 0.5991666666666666 0.1075 0.14333333333333334
0 0.4278125 0.515 0.101875 0.135
0 0.8940625 0.41875 0.089375 0.11916666666666667
0 0.6559375 0.33625 0.115625 0.15416666666666667
0 0.3296875 0.18833333333333332 0.096875 0.12833333333333333
0 0.6853125 0.5545833333333333 0.111875 0.14916666666666667
0 0.48125 0.13583333333333333 0.09625 0.12833333333333333
0 0.40625 0.1275 0.09625 0.12833333333333333
0 0.5509375 0.655 0.096875 0.12833333333333333
0 0.184375 0.5404166666666667 0.09125 0.12083333333333333
0 0.3340625 0.12625 0.084375 0.1125
0 0.53875 0.3883333333333333 0.085 0.11333333333333333
0 0.3984375 0.6091666666666666 0.088125 0.11666666666666667
0 0.68875 0.8891666666666667 0.10875 0.145
0 0.175625 0.6095833333333334 0.09375 0.12583333333333332
0 0.1434375 0.5558333333333333 0.091875 0.12166666666666667
0 0.82625 0.8383333333333334 0.1025 0.13666666666666666
0 0.4934375 0.35541666666666666 0.099375 0.1325