0 0.7071875 0.8104166666666667 0.089375 0.11916666666666667
0 0.73125 0.5695833333333333 0.0925 0.1225
0 0.4321875 0.7466666666666667 0.090625 0.12
0 0.3703125 0.35125 0.098125 0.13083333333333333
0 0.1959375 0.7416666666666667 0.084375 0.11333333333333333
1 0.426875 0.2841666666666667 0.1125 0.15
0 0.4571875 0.07708333333333334 0.085625 0.11416666666666667
0 0.8296875 0.6379166666666667 0.104375 0.13916666666666666
0 0.535625 0.92375 0.08875 0.11916666666666667
0 0.75875 0.36833333333333335 0.09375 0.125
0 0.280625 0.9108333333333334 0.08875 0.11833333333333333
0 0.0571875 0.5179166666666667 0.106875 0.1425
0 0.9425 0.20583333333333334 0.09 0.12
0 0.6896875 0.49625 0.109375 0.14583333333333334
0 0.575 0.09958333333333333 0.0825 0.10916666666666666
0 0.8871875 0.24041666666666667 0.090625 0.12083333333333333
0 0.2803125 0.36125 0.103125 0.1375
0 0.139375 0.515 0.09375 0.125
0 0.5121875 0.7104166666666667 0.090625 0.12083333333333333
0 0.80125 0.13666666666666666 0.095 0.12666666666666668
0 0.810625 0.31666666666666665 0.10625 0.14166666666666666
0 0.8278125 0.4141666666666667 0.095625 0.12833333333333333
0 0.14875 0.5883333333333334 0.09 0.12
0 0.195625 0.6191666666666666 0.09375 0.125
0 0.6115625 0.4345833333333333 0.091875 0.1225
0 0.6275 0.7154166666666667 0.08875 0.11916666666666667
0 0.360625 0.6483333333333333 0.0875 0.11666666666666667
0 0.1059375 0.4504166666666667 0.088125 0.1175
0 0.3059375 0.22875 0.088125 0.1175
0 0.6384375 0.24291666666666667 0.093125 0.12416666666666666
0 0.7390625 0.07291666666666667 0.089375 0.11916666666666667
0 0.3278125 0.5779166666666666 0.084375 0.1125
0 0.2896875 0.7025 0.104375 0.13833333333333334
0 0.27125 0.16625 0.1025 0.1375
0 0.1975 0.41625 0.0925 0.12416666666666666
0 0.2034375 0.29375 0.083125 0.11083333333333334
0 0.7496875 0.20083333333333334 0.098125 0.13
0 0.314375 0.6541666666666667 0.08875 0.11833333333333333
0 0.8121875 0.21791666666666668 0.094375 0.12583333333333332
0 0.710625 0.17416666666666666 0.0775 0.10333333333333333
0 0.386875 0.43041666666666667 0.09875 0.13083333333333333
1 0.490625 0.6283333333333333 0.11375 0.15166666666666667
0 0.6215625 0.7583333333333333 0.089375 0.11833333333333333
0 0.1146875 0.3754166666666667 0.098125 0.13083333333333333
0 0.190625 0.36625 0.09625 0.1275