0 0.539375 0.4533333333333333 0.06875 0.09
0 0.5225 0.6029166666666667 0.0725 0.0975
0 0.2696875 0.11791666666666667 0.069375 0.0875
0 0.7659375 0.23583333333333334 0.068125 0.09666666666666666
0 0.1815625 0.16 0.071875 0.09833333333333333
0 0.4915625 0.17791666666666667 0.065625 0.08083333333333333
0 0.27375 0.7158333333333333 0.07375 0.095
0 0.3553125 0.57875 0.060625 0.09916666666666667
0 0.788125 0.8745833333333334 0.0675 0.09083333333333334
0 0.2175 0.405 0.075 0.10166666666666667
0 0.5625 0.8233333333333334 0.07 0.10666666666666667
0 0.2878125 0.3 0.071875 0.095
0 0.561875 0.9220833333333334 0.07125 0.09416666666666666
0 0.160625 0.4533333333333333 0.0625 0.07833333333333334
0 0.2446875 0.8016666666666666 0.081875 0.095
0 0.23625 0.5670833333333334 0.0775 0.09583333333333334
0 0.49 0.3333333333333333 0.07125 0.10333333333333333
0 0.208125 0.26166666666666666 0.07375 0.105
0 0.683125 0.5745833333333333 0.0675 0.0925
0 0.4075 0.6825 0.06625 0.10166666666666667
0 0.40625 0.23458333333333334 0.07125 0.09916666666666667
0 0.385 0.4025 0.0625 0.10333333333333333
0 0.3990625 0.5079166666666667 0.083125 0.10083333333333333
0 0.7528125 0.4975 0.069375 0.10333333333333333
0 0.4115625 0.32166666666666666 0.060625 0.08333333333333333
0 0.6084375 0.76375 0.073125 0.09583333333333334
0 0.56375 0.73125 0.07 0.08916666666666667
0 0.3165625 0.8795833333333334 0.069375 0.07583333333333334
0 0.3065625 0.1975 0.074375 0.09333333333333334
0 0.7865625 0.5429166666666667 0.066875 0.1025
0 0.500625 0.8770833333333333 0.0675 0.11416666666666667
0 0.361875 0.25375 0.06375 0.10416666666666667
0 0.6865625 0.6891666666666667 0.066875 0.09666666666666666
0 0.668125 0.25458333333333333 0.07 0.09083333333333334
0 0.3303125 0.3525 0.074375 0.1
0 0.679375 0.7929166666666667 0.08125 0.0975
0 0.52625 0.052083333333333336 0.065 0.09083333333333334
0 0.7696875 0.74875 0.066875 0.09416666666666666
0 0.829375 0.35083333333333333 0.06 0.09166666666666666
0 0.72375 0.48833333333333334 0.0675 0.08666666666666667
0 0.4159375 0.06625 0.075625 0.0975
0 0.24 0.7704166666666666 0.07625 0.09583333333333334
0 0.75 0.6908333333333333 0.07375 0.09
0 0.3575 0.37958333333333333 0.07125 0.0925
0 0.459375 0.73125 0.0575 0.07583333333333334
0 0.685625 0.22208333333333333 0.075 0.09416666666666666
0 0.3409375 0.9554166666666667 0.068125 0.08583333333333333
0 0.2784375 0.275 0.074375 0.095
0 0.6703125 0.6466666666666666 0.076875 0.09