0 0.7134375 0.2658333333333333 0.068125 0.10666666666666667
0 0.400625 0.17208333333333334 0.0775 0.10583333333333333
0 0.7821875 0.9516666666666667 0.061875 0.09333333333333334
0 0.515625 0.7229166666666667 0.07875 0.10416666666666667
0 0.6546875 0.6620833333333334 0.076875 0.1025
0 0.5015625 0.15208333333333332 0.079375 0.10583333333333333
0 0.9203125 0.6779166666666666 0.081875 0.11583333333333333
0 0.645625 0.5658333333333333 0.0725 0.105
0 0.21 0.22541666666666665 0.07875 0.09416666666666666
0 0.7553125 0.76875 0.074375 0.0925
0 0.828125 0.7533333333333333 0.075 0.10333333333333333
0 0.1396875 0.7891666666666667 0.080625 0.10333333333333333
0 0.5428125 0.485 0.075625 0.105
0 0.6246875 0.8216666666666667 0.094375 0.09833333333333333
0 0.8590625 0.057916666666666665 0.073125 0.0875
0 0.4678125 0.8241666666666667 0.075625 0.105
0 0.596875 0.21291666666666667 0.07375 0.10416666666666667
0 0.5746875 0.06791666666666667 0.068125 0.10416666666666667
0 0.181875 0.8758333333333334 0.085 0.10166666666666667
0 0.0753125 0.10208333333333333 0.073125 0.1025
0 0.6228125 0.3254166666666667 0.071875 0.09083333333333334
0 0.89875 0.5941666666666666 0.07875 0.10833333333333334
0 0.2378125 0.825 0.061875 0.09166666666666666
0 0.32 0.52875 0.07125 0.1025
0 0.2671875 0.5129166666666667 0.075625 0.09083333333333334
0 0.288125 0.8745833333333334 0.0725 0.10916666666666666
0 0.478125 0.49375 0.0675 0.09416666666666666
0 0.4959375 0.4008333333333333 0.070625 0.11
0 0.82625 0.13416666666666666 0.06625 0.08666666666666667
0 0.5746875 0.38166666666666665 0.096875 0.14833333333333334
0 0.5384375 0.29333333333333333 0.073125 0.08666666666666667
0 0.035625 0.05 0.07 0.1