0 0.2075 0.28541666666666665 0.11125 0.1475
0 0.3334375 0.09583333333333334 0.100625 0.135
0 0.185 0.5483333333333333 0.11125 0.14833333333333334
0 0.136875 0.29583333333333334 0.10125 0.135
0 0.2684375 0.07625 0.106875 0.1425
0 0.225 0.39625 0.10375 0.1375
0 0.6721875 0.18125 0.108125 0.14416666666666667
0 0.4715625 0.6725 0.103125 0.13833333333333334
0 0.469375 0.87625 0.1075 0.14416666666666667
0 0.59625 0.81375 0.105 0.14083333333333334
0 0.4840625 0.7129166666666666 0.110625 0.1475
0 0.5878125 0.38166666666666665 0.090625 0.12
0 0.6384375 0.37875 0.098125 0.13083333333333333
0 0.7221875 0.28041666666666665 0.094375 0.12583333333333332