0 0.5434375 0.4579166666666667 0.098125 0.13083333333333333
0 0.4415625 0.7675 0.089375 0.12
0 0.1396875 0.3458333333333333 0.095625 0.12833333333333333
0 0.59375 0.3616666666666667 0.105 0.14
0 0.531875 0.30083333333333334 0.10875 0.145
0 0.363125 0.8408333333333333 0.105 0.14
0 0.706875 0.17083333333333334 0.1 0.13333333333333333
0 0.12375 0.45916666666666667 0.11 0.14666666666666667
0 0.8303125 0.44625 0.108125 0.14416666666666667
0 0.2375 0.33541666666666664 0.09375 0.12416666666666666
0 0.688125 0.375 0.09125 0.12166666666666667
0 0.5490625 0.6804166666666667 0.113125 0.15083333333333335
0 0.4715625 0.59375 0.109375 0.14583333333333334
0 0.7946875 0.5520833333333334 0.110625 0.1475
0 0.5253125 0.53125 0.103125 0.1375
0 0.2584375 0.0925 0.105625 0.14166666666666666
1 0.3734375 0.11541666666666667 0.105625 0.14083333333333334
0 0.69625 0.8325 0.10875 0.145
0 0.6425 0.8379166666666666 0.11625 0.15583333333333332
0 0.4846875 0.14583333333333334 0.100625 0.13333333333333333
0 0.37875 0.34041666666666665 0.1075 0.1425
0 0.4228125 0.11208333333333333 0.123125 0.16416666666666666
0 0.3453125 0.36875 0.105625 0.14083333333333334