0 0.235625 0.66125 0.07 0.09583333333333334
0 0.6359375 0.71875 0.071875 0.08416666666666667
0 0.3546875 0.84625 0.073125 0.07583333333333334
0 0.401875 0.07375 0.07125 0.07416666666666667
0 0.641875 0.8004166666666667 0.07625 0.08083333333333333
0 0.325625 0.10583333333333333 0.06375 0.085
0 0.5990625 0.91625 0.064375 0.08583333333333333
0 0.799375 0.6104166666666667 0.05875 0.08416666666666667
0 0.4734375 0.49833333333333335 0.058125 0.07666666666666666
0 0.38 0.41875 0.0775 0.08916666666666667
0 0.6871875 0.08 0.061875 0.095
0 0.2825 0.9170833333333334 0.07 0.08083333333333333
0 0.2315625 0.3275 0.073125 0.09166666666666666
0 0.1703125 0.7195833333333334 0.060625 0.0875
0 0.3678125 0.18041666666666667 0.068125 0.0875
0 0.751875 0.12083333333333333 0.075 0.09333333333333334
0 0.656875 0.5175 0.06625 0.07833333333333334
0 0.44 0.19791666666666666 0.05875 0.0775
0 0.515 0.905 0.0725 0.08833333333333333
0 0.7365625 0.7279166666666667 0.061875 0.07416666666666667
0 0.171875 0.61625 0.0625 0.07583333333333334
0 0.8375 0.8945833333333333 0.0625 0.08916666666666667
0 0.454375 0.84625 0.05375 0.09416666666666666
0 0.5875 0.2816666666666667 0.05375 0.08333333333333333
0 0.1803125 0.3695833333333333 0.063125 0.0825
0 0.2775 0.42583333333333334 0.06625 0.08833333333333333
0 0.50875 0.7570833333333333 0.0625 0.08083333333333333
0 0.7403125 0.90875 0.073125 0.0925
0 0.634375 0.6266666666666667 0.0625 0.07833333333333334
0 0.406875 0.21166666666666667 0.07 0.09
0 0.7971875 0.7045833333333333 0.059375 0.0825
0 0.225625 0.24791666666666667 0.055 0.07583333333333334
0 0.3278125 0.4895833333333333 0.059375 0.0825
0 0.5621875 0.83 0.075625 0.09166666666666666
0 0.5875 0.5304166666666666 0.06 0.07583333333333334
0 0.325 0.6333333333333333 0.05625 0.08833333333333333
0 0.434375 0.72 0.05375 0.075
0 0.5665625 0.6541666666666667 0.066875 0.08166666666666667
0 0.7925 0.15708333333333332 0.05875 0.07916666666666666
0 0.7790625 0.81625 0.058125 0.08416666666666667
0 0.1765625 0.19125 0.055625 0.0875
0 0.285 0.5629166666666666 0.07 0.07916666666666666
0 0.5321875 0.16625 0.059375 0.0825
0 0.728125 0.43291666666666667 0.06 0.08416666666666667
0 0.3828125 0.7470833333333333 0.051875 0.0925
0 0.71 0.5275 0.06 0.07833333333333334
0 0.5325 0.56875 0.06125 0.0875
0 0.82625 0.24 0.0725 0.08666666666666667
0 0.8403125 0.33791666666666664 0.061875 0.08416666666666667
0 0.7 0.8941666666666667 0.0625 0.07166666666666667
0 0.595625 0.18583333333333332 0.0625 0.08833333333333333
0 0.76 0.4083333333333333 0.0625 0.095
0 0.7215625 0.7916666666666666 0.068125 0.08
0 0.705 0.3129166666666667 0.07125 0.07916666666666666
0 0.7746875 0.5545833333333333 0.045625 0.07416666666666667
0 0.228125 0.1375 0.06125 0.08333333333333333
0 0.8140625 0.06875 0.064375 0.0775
0 0.1865625 0.24375 0.069375 0.0825
0 0.51125 0.6120833333333333 0.06 0.0725
0 0.1646875 0.07333333333333333 0.054375 0.08833333333333333
0 0.4421875 0.9008333333333334 0.058125 0.09333333333333334
0 0.285 0.76 0.05375 0.07333333333333333
0 0.3109375 0.3358333333333333 0.066875 0.095
0 0.398125 0.58 0.07875 0.06166666666666667
0 0.23 0.8995833333333333 0.06 0.0875
0 0.49375 0.6641666666666667 0.06125 0.095
0 0.84375 0.82875 0.04625 0.1275
0 0.194375 0.5795833333333333 0.0575 0.07416666666666667
0 0.2015625 0.47791666666666666 0.071875 0.08583333333333333
0 0.6428125 0.3475 0.063125 0.08833333333333333
0 0.5778125 0.4354166666666667 0.055625 0.06416666666666666
0 0.4215625 0.35041666666666665 0.059375 0.0825
1 0.2659375 0.16875 0.088125 0.09916666666666667
0 0.496875 0.051666666666666666 0.0775 0.07666666666666666
0 0.729375 0.6375 0.05875 0.08
0 0.295625 0.7416666666666667 0.05125 0.07666666666666666
0 0.665 0.17708333333333334 0.0525 0.0825
0 0.3009375 0.7808333333333334 0.061875 0.085
0 0.29375 0.20833333333333334 0.0725 0.065
0 0.7565625 0.82625 0.053125 0.07416666666666667
0 0.764375 0.8716666666666667 0.0575 0.09166666666666666
0 0.674375 0.9004166666666666 0.0625 0.0725
0 0.7721875 0.5170833333333333 0.055625 0.07583333333333334
0 0.6059375 0.6416666666666667 0.063125 0.07
0 0.538125 0.6783333333333333 0.05875 0.07833333333333334
0 0.4478125 0.4866666666666667 0.058125 0.08666666666666667
0 0.4290625 0.7479166666666667 0.064375 0.07583333333333334
0 0.394375 0.78 0.06 0.07333333333333333
0 0.35375 0.7058333333333333 0.06125 0.07666666666666666
0 0.41875 0.6704166666666667 0.06625 0.0975
0 0.333125 0.5420833333333334 0.0575 0.08416666666666667
0 0.51375 0.21333333333333335 0.07 0.1
0 0.4859375 0.24916666666666668 0.054375 0.07833333333333334
0 0.51875 0.3095833333333333 0.05125 0.08083333333333333
0 0.5096875 0.4666666666666667 0.064375 0.07833333333333334
0 0.4621875 0.37875 0.046875 0.07416666666666667
0 0.5128125 0.4295833333333333 0.051875 0.08083333333333333
0 0.444375 0.39416666666666667 0.05375 0.085
0 0.3215625 0.39166666666666666 0.068125 0.07666666666666666
0 0.3065625 0.6504166666666666 0.058125 0.07916666666666666
0 0.4015625 0.04 0.048125 0.07333333333333333
0 0.7278125 0.20791666666666667 0.058125 0.07083333333333333
0 0.79375 0.31708333333333333 0.05875 0.08416666666666667
0 0.826875 0.15166666666666667 0.06 0.065
0 0.845625 0.07166666666666667 0.05125 0.08
0 0.7865625 0.0425 0.058125 0.065
0 0.6821875 0.2 0.070625 0.1
0 0.689375 0.2625 0.05625 0.07833333333333334
0 0.615 0.3675 0.05875 0.08166666666666667
0 0.6715625 0.2970833333333333 0.063125 0.07416666666666667
0 0.5915625 0.5008333333333334 0.063125 0.07833333333333334
0 0.5528125 0.375 0.054375 0.09333333333333334
0 0.57875 0.33875 0.06 0.07416666666666667
0 0.31 0.23875 0.04875 0.07583333333333334
0 0.3065625 0.2833333333333333 0.058125 0.09333333333333334
0 0.235625 0.08958333333333333 0.06 0.07083333333333333
0 0.16 0.09916666666666667 0.0575 0.09
0 0.1965625 0.08583333333333333 0.061875 0.09666666666666666
0 0.544375 0.06458333333333334 0.07125 0.07083333333333333
0 0.5978125 0.14458333333333334 0.053125 0.0775
0 0.5721875 0.16666666666666666 0.061875 0.08333333333333333
0 0.5934375 0.08291666666666667 0.066875 0.09583333333333334
0 0.62 0.06666666666666667 0.06 0.08666666666666667
0 0.3021875 0.9116666666666666 0.053125 0.065
0 0.1928125 0.85625 0.068125 0.0725
0 0.1621875 0.8504166666666667 0.064375 0.08416666666666667
0 0.159375 0.74875 0.06125 0.08583333333333333
0 0.161875 0.4766666666666667 0.06 0.08
0 0.2121875 0.5283333333333333 0.055625 0.08
0 0.2528125 0.5475 0.065625 0.08333333333333333
0 0.4459375 0.5866666666666667 0.068125 0.08666666666666667
0 0.3625 0.5858333333333333 0.05875 0.09166666666666666
0 0.3884375 0.6316666666666667 0.065625 0.07666666666666666
0 0.329375 0.6720833333333334 0.0725 0.07083333333333333
0 0.53375 0.8516666666666667 0.0675 0.09333333333333334
0 0.496875 0.7825 0.06 0.09333333333333334
0 0.459375 0.8183333333333334 0.06125 0.06833333333333333
0 0.716875 0.47875 0.06 0.0875
0 0.714375 0.23458333333333334 0.06875 0.07416666666666667
0 0.704375 0.63875 0.05375 0.09916666666666667
0 0.7203125 0.57125 0.065625 0.0775
0 0.71375 0.6108333333333333 0.05875 0.08
0 0.76375 0.7266666666666667 0.07625 0.06833333333333333
0 0.7634375 0.6775 0.066875 0.10666666666666667
0 0.78625 0.4116666666666667 0.06125 0.105
0 0.69375 0.39416666666666667 0.05625 0.058333333333333334
0 0.31125 0.057916666666666665 0.06 0.0875
0 0.220625 0.8770833333333333 0.0525 0.09083333333333334
0 0.768125 0.365 0.06125 0.09166666666666666
0 0.53375 0.24291666666666667 0.05 0.09083333333333334
0 0.435 0.9458333333333333 0.06125 0.08333333333333333
0 0.5159375 0.545 0.068125 0.055
0 0.469375 0.435 0.0675 0.09166666666666666