0 0.4715625 0.24458333333333335 0.103125 0.1375
0 0.8359375 0.6320833333333333 0.083125 0.11083333333333334
0 0.534375 0.21416666666666667 0.095 0.12666666666666668
0 0.4009375 0.33 0.106875 0.14166666666666666
0 0.325 0.41 0.1025 0.13666666666666666
0 0.531875 0.36041666666666666 0.105 0.13916666666666666
0 0.585625 0.28291666666666665 0.105 0.14083333333333334
0 0.2671875 0.3641666666666667 0.104375 0.14
0 0.3290625 0.7420833333333333 0.100625 0.13416666666666666
0 0.6078125 0.5841666666666666 0.106875 0.14166666666666666
0 0.5825 0.6720833333333334 0.10125 0.13416666666666666
0 0.1803125 0.30416666666666664 0.100625 0.135
0 0.283125 0.8125 0.10375 0.13833333333333334
0 0.6678125 0.6279166666666667 0.091875 0.1225
0 0.638125 0.46875 0.10125 0.13416666666666666
0 0.3196875 0.6270833333333333 0.080625 0.1075
0 0.1290625 0.5954166666666667 0.088125 0.1175
0 0.259375 0.6325 0.0775 0.10333333333333333
0 0.6284375 0.20041666666666666 0.101875 0.13583333333333333
0 0.2628125 0.5583333333333333 0.101875 0.13666666666666666
0 0.8190625 0.3375 0.091875 0.12333333333333334
0 0.7059375 0.555 0.101875 0.135
0 0.5859375 0.07541666666666667 0.078125 0.10416666666666667
0 0.113125 0.37625 0.10125 0.13416666666666666
0 0.299375 0.91875 0.10625 0.14083333333333334
0 0.2125 0.6883333333333334 0.0925 0.12333333333333334
0 0.2471875 0.46708333333333335 0.098125 0.13083333333333333
0 0.16875 0.6529166666666667 0.0825 0.10916666666666666
0 0.525 0.5825 0.095 0.12666666666666668
0 0.68 0.36625 0.09625 0.1275
1 0.16125 0.47583333333333333 0.115 0.15333333333333332
0 0.473125 0.11541666666666667 0.0975 0.12916666666666668
0 0.670625 0.2625 0.09375 0.125
0 0.7715625 0.5754166666666667 0.083125 0.11083333333333334
0 0.558125 0.16333333333333333 0.10125 0.135
0 0.4434375 0.13041666666666665 0.094375 0.12583333333333332
0 0.7659375 0.41041666666666665 0.091875 0.1225
0 0.8396875 0.5366666666666666 0.105625 0.14166666666666666
0 0.7109375 0.4895833333333333 0.091875 0.1225
0 0.649375 0.5179166666666667 0.08375 0.1125
0 0.38375 0.6725 0.105 0.14
0 0.9384375 0.27875 0.084375 0.1125
0 0.42125 0.67 0.10125 0.135
0 0.3740625 0.5970833333333333 0.083125 0.11083333333333334
1 0.65625 0.7266666666666667 0.12125 0.16166666666666665
0 0.4796875 0.5220833333333333 0.085625 0.11416666666666667
0 0.0775 0.5891666666666666 0.11125 0.14833333333333334
0 0.7275 0.7970833333333334 0.10625 0.1425
0 0.525625 0.45958333333333334 0.0975 0.12916666666666668
0 0.54125 0.4875 0.0975 0.13
0 0.0525 0.46458333333333335 0.09875 0.13083333333333333
0 0.645625 0.83 0.08625 0.115
1 0.9 0.55 0.1 0.13333333333333333
0 0.2146875 0.7191666666666666 0.094375 0.125
0 0.1496875 0.5433333333333333 0.096875 0.13
0 0.1059375 0.5170833333333333 0.091875 0.1225
0 0.4528125 0.6104166666666667 0.089375 0.11916666666666667
0 0.56625 0.5120833333333333 0.0875 0.11583333333333333
0 0.780625 0.5025 0.0875 0.11666666666666667
0 0.7078125 0.2920833333333333 0.083125 0.11083333333333334
0 0.65 0.32666666666666666 0.0925 0.12333333333333334
0 0.9353125 0.53625 0.091875 0.1225
0 0.0415625 0.7479166666666667 0.083125 0.11083333333333334