0 0.6321875 0.12041666666666667 0.080625 0.1075
1 0.78875 0.7058333333333333 0.11 0.14666666666666667
0 0.2221875 0.5270833333333333 0.086875 0.11583333333333333
0 0.9271875 0.5595833333333333 0.094375 0.12583333333333332
0 0.05125 0.3233333333333333 0.09375 0.125
0 0.3965625 0.6095833333333334 0.091875 0.1225
0 0.138125 0.1875 0.09375 0.125
0 0.685625 0.8425 0.09125 0.12166666666666667
0 0.075 0.46 0.11125 0.14833333333333334
0 0.6359375 0.7208333333333333 0.093125 0.12333333333333334
0 0.5825 0.19458333333333333 0.09 0.12083333333333333
1 0.2084375 0.41041666666666665 0.113125 0.15083333333333335
0 0.50375 0.7095833333333333 0.095 0.1275
0 0.305 0.7683333333333333 0.09375 0.125
0 0.8109375 0.5929166666666666 0.084375 0.1125
0 0.4146875 0.75875 0.098125 0.13083333333333333
0 0.2746875 0.5941666666666666 0.095625 0.12833333333333333
1 0.2003125 0.19208333333333333 0.096875 0.12916666666666668
0 0.4409375 0.10083333333333333 0.081875 0.11
0 0.761875 0.21958333333333332 0.08625 0.11416666666666667
0 0.71125 0.50125 0.10375 0.13916666666666666
0 0.8665625 0.79625 0.091875 0.1225
0 0.3871875 0.45458333333333334 0.106875 0.1425
0 0.47 0.5758333333333333 0.11125 0.14833333333333334
0 0.73625 0.6316666666666667 0.0975 0.13
0 0.3815625 0.23458333333333334 0.096875 0.12916666666666668
0 0.23375 0.24166666666666667 0.0825 0.11
0 0.7371875 0.2920833333333333 0.098125 0.13083333333333333
0 0.7628125 0.5545833333333333 0.093125 0.12416666666666666
0 0.49875 0.45875 0.09625 0.12916666666666668
0 0.530625 0.62 0.0975 0.13
0 0.5065625 0.3854166666666667 0.088125 0.1175
0 0.77875 0.41041666666666665 0.095 0.1275
0 0.720625 0.9041666666666667 0.095 0.12666666666666668
0 0.28125 0.2 0.09625 0.12833333333333333
0 0.4478125 0.27958333333333335 0.098125 0.13083333333333333
0 0.5659375 0.30666666666666664 0.098125 0.13
0 0.5740625 0.6420833333333333 0.091875 0.1225
0 0.84125 0.3858333333333333 0.09625 0.12833333333333333
0 0.510625 0.90625 0.1025 0.13583333333333333
0 0.5809375 0.5879166666666666 0.083125 0.11083333333333334
0 0.6403125 0.51875 0.101875 0.13583333333333333
0 0.800625 0.5025 0.10875 0.145
0 0.31375 0.1775 0.0925 0.12333333333333334
0 0.9065625 0.7033333333333334 0.101875 0.13666666666666666
0 0.4753125 0.34041666666666665 0.085625 0.11416666666666667
0 0.47125 0.2520833333333333 0.085 0.11416666666666667
0 0.1471875 0.08166666666666667 0.105625 0.14
0 0.8971875 0.72375 0.106875 0.1425