0 0.1359375 0.8354166666666667 0.071875 0.08583333333333333
0 0.6734375 0.8675 0.083125 0.10333333333333333
0 0.7684375 0.54875 0.085625 0.10416666666666667
0 0.3559375 0.51125 0.076875 0.1025
0 0.136875 0.7291666666666666 0.06125 0.07666666666666666
0 0.07 0.8233333333333334 0.0575 0.07833333333333334
0 0.1559375 0.09166666666666666 0.069375 0.08166666666666667
0 0.091875 0.08041666666666666 0.06375 0.09416666666666666
0 0.136875 0.9245833333333333 0.07375 0.0975
0 0.1571875 0.5975 0.078125 0.10166666666666667
0 0.8515625 0.22791666666666666 0.086875 0.11083333333333334
0 0.2146875 0.5095833333333334 0.068125 0.0875
0 0.270625 0.7141666666666666 0.07625 0.08833333333333333
0 0.195625 0.6679166666666667 0.06125 0.08583333333333333
0 0.075625 0.3458333333333333 0.0725 0.09666666666666666
0 0.4171875 0.34958333333333336 0.073125 0.09916666666666667
0 0.2246875 0.19083333333333333 0.078125 0.09
0 0.1653125 0.41 0.078125 0.09666666666666666
1 0.0571875 0.195 0.079375 0.10666666666666667
0 0.1484375 0.31 0.073125 0.10333333333333333
0 0.6321875 0.7154166666666667 0.071875 0.09083333333333334
0 0.8946875 0.16208333333333333 0.078125 0.08583333333333333
0 0.9109375 0.9120833333333334 0.074375 0.1025
0 0.3359375 0.7345833333333334 0.070625 0.09416666666666666
0 0.3603125 0.2916666666666667 0.070625 0.11666666666666667
0 0.87125 0.8408333333333333 0.0675 0.09833333333333333
0 0.765625 0.87375 0.06375 0.1075
0 0.7071875 0.6225 0.070625 0.10333333333333333
0 0.3221875 0.6333333333333333 0.076875 0.09
0 0.2359375 0.43291666666666667 0.071875 0.0875
0 0.94625 0.3933333333333333 0.055 0.09
0 0.2959375 0.17916666666666667 0.069375 0.09166666666666666
0 0.115625 0.21791666666666668 0.055 0.08083333333333333
0 0.2659375 0.31166666666666665 0.053125 0.1
0 0.725 0.1425 0.08 0.10166666666666667
0 0.74375 0.2633333333333333 0.075 0.09
0 0.8340625 0.74 0.056875 0.085
0 0.2134375 0.27208333333333334 0.059375 0.07583333333333334
0 0.7278125 0.3095833333333333 0.065625 0.0875
0 0.94125 0.7125 0.06625 0.075
0 0.5540625 0.3958333333333333 0.069375 0.10333333333333333
0 0.30125 0.6016666666666667 0.06375 0.09166666666666666
0 0.81125 0.6841666666666667 0.07375 0.08833333333333333
0 0.408125 0.7616666666666667 0.07375 0.095
0 0.0946875 0.24375 0.084375 0.10083333333333333
1 0.388125 0.18541666666666667 0.06875 0.1325
0 0.9334375 0.26375 0.079375 0.10083333333333333
0 0.225 0.0475 0.07 0.095
1 0.4559375 0.5258333333333334 0.059375 0.07166666666666667
1 0.66625 0.48041666666666666 0.0975 0.18083333333333335
1 0.406875 0.8604166666666667 0.095 0.14083333333333334
1 0.9196875 0.79125 0.093125 0.11416666666666667
0 0.0540625 0.9570833333333333 0.068125 0.0825
0 0.7640625 0.3675 0.065625 0.1
0 0.5096875 0.38708333333333333 0.066875 0.08583333333333333
0 0.2978125 0.39125 0.085625 0.10916666666666666
0 0.4553125 0.7966666666666666 0.068125 0.07833333333333334
0 0.4675 0.44708333333333333 0.07 0.09583333333333334
0 0.1653125 0.2504166666666667 0.051875 0.0775
0 0.28375 0.09333333333333334 0.0575 0.07333333333333333
0 0.47125 0.8695833333333334 0.07625 0.0925
0 0.526875 0.8866666666666667 0.06125 0.08333333333333333
0 0.7090625 0.41625 0.070625 0.0775
0 0.7621875 0.6425 0.064375 0.08333333333333333
0 0.8965625 0.38333333333333336 0.063125 0.07833333333333334
0 0.8403125 0.3670833333333333 0.060625 0.07416666666666667