0 0.2071875 0.09 0.103125 0.13666666666666666
0 0.7265625 0.46 0.099375 0.13333333333333333
0 0.2646875 0.5304166666666666 0.105625 0.14083333333333334
0 0.504375 0.4533333333333333 0.10875 0.145
0 0.3821875 0.4970833333333333 0.111875 0.14916666666666667
0 0.174375 0.17791666666666667 0.10875 0.14416666666666667
0 0.88 0.55 0.1025 0.13666666666666666
0 0.375625 0.79125 0.0975 0.13083333333333333
0 0.5375 0.8070833333333334 0.1225 0.1625
0 0.3125 0.3720833333333333 0.10375 0.1375
0 0.8115625 0.39958333333333335 0.105625 0.14083333333333334
0 0.881875 0.7820833333333334 0.1 0.1325
0 0.273125 0.1675 0.095 0.12666666666666668
0 0.6603125 0.18541666666666667 0.100625 0.13416666666666666
0 0.6596875 0.4320833333333333 0.110625 0.1475
0 0.37375 0.34875 0.1075 0.14416666666666667
0 0.179375 0.32875 0.10625 0.14083333333333334
0 0.216875 0.25583333333333336 0.1075 0.14333333333333334
0 0.5121875 0.5925 0.099375 0.13166666666666665
0 0.128125 0.3925 0.11 0.14666666666666667
0 0.7265625 0.2675 0.120625 0.16
0 0.6353125 0.5679166666666666 0.113125 0.15083333333333335
0 0.6371875 0.93375 0.098125 0.13083333333333333
0 0.460625 0.8716666666666667 0.10875 0.145
0 0.2325 0.6675 0.10125 0.135
0 0.1840625 0.52125 0.095625 0.1275
0 0.069375 0.5625 0.1125 0.15
0 0.3146875 0.8079166666666666 0.103125 0.1375
0 0.129375 0.4870833333333333 0.11 0.1475
0 0.5425 0.64875 0.105 0.14083333333333334
0 0.7865625 0.5229166666666667 0.118125 0.1575
0 0.9003125 0.6929166666666666 0.095625 0.1275
0 0.30625 0.5295833333333333 0.11625 0.15416666666666667
0 0.73875 0.8675 0.1075 0.14333333333333334
0 0.4909375 0.12833333333333333 0.114375 0.15333333333333332
0 0.541875 0.8991666666666667 0.10625 0.14166666666666666
0 0.67125 0.6458333333333334 0.10125 0.135
0 0.29625 0.6166666666666667 0.10875 0.145
0 0.810625 0.36666666666666664 0.10625 0.14166666666666666
0 0.46 0.5404166666666667 0.105 0.14083333333333334
0 0.7571875 0.7070833333333333 0.098125 0.13083333333333333
0 0.731875 0.78 0.09125 0.12166666666666667
0 0.3965625 0.8770833333333333 0.109375 0.14583333333333334
0 0.7428125 0.83 0.096875 0.12833333333333333
1 0.345 0.61375 0.11875 0.15916666666666668
0 0.4875 0.555 0.10375 0.13833333333333334
0 0.724375 0.7316666666666667 0.10625 0.14166666666666666