0 0.61875 0.8858333333333334 0.075 0.09666666666666666
0 0.645 0.20208333333333334 0.065 0.09916666666666667
0 0.1896875 0.8783333333333333 0.073125 0.08333333333333333
0 0.4071875 0.10125 0.075625 0.10916666666666666
0 0.2621875 0.6625 0.078125 0.1
0 0.535 0.7966666666666666 0.07625 0.11333333333333333
0 0.560625 0.1425 0.075 0.10833333333333334
0 0.7884375 0.42375 0.069375 0.1075
0 0.81375 0.19375 0.07625 0.1075
0 0.1628125 0.45375 0.074375 0.10583333333333333
0 0.20375 0.30125 0.07125 0.09583333333333334
0 0.735 0.49916666666666665 0.075 0.105
0 0.2478125 0.5379166666666667 0.065625 0.09083333333333334
0 0.7603125 0.8708333333333333 0.075625 0.09
1 0.37625 0.38083333333333336 0.09875 0.11166666666666666
0 0.556875 0.3670833333333333 0.075 0.11083333333333334
0 0.30875 0.18125 0.08 0.09416666666666666
0 0.4971875 0.5579166666666666 0.075625 0.08083333333333333
0 0.455625 0.5345833333333333 0.065 0.09083333333333334
0 0.6690625 0.15375 0.075625 0.08916666666666667
0 0.253125 0.18875 0.06625 0.10083333333333333
0 0.35875 0.4675 0.08125 0.08833333333333333
0 0.6028125 0.5054166666666666 0.069375 0.09416666666666666
0 0.715 0.18166666666666667 0.0775 0.10666666666666667
0 0.5825 0.545 0.075 0.10166666666666667
0 0.639375 0.9566666666666667 0.05875 0.075
0 0.786875 0.059166666666666666 0.0875 0.07333333333333333
0 0.8365625 0.285 0.071875 0.09666666666666666
0 0.829375 0.3329166666666667 0.08125 0.0775