0 0.211875 0.18416666666666667 0.08625 0.115
0 0.5021875 0.7145833333333333 0.083125 0.11083333333333334
0 0.6746875 0.7120833333333333 0.085625 0.11416666666666667
0 0.3671875 0.84375 0.081875 0.10916666666666666
0 0.505 0.5629166666666666 0.08625 0.11583333333333333
0 0.213125 0.5020833333333333 0.09375 0.12416666666666666
0 0.4896875 0.135 0.088125 0.11833333333333333
0 0.4296875 0.7370833333333333 0.089375 0.11916666666666667
0 0.6021875 0.22458333333333333 0.091875 0.1225
0 0.78625 0.87125 0.08 0.1075
0 0.30375 0.715 0.08625 0.115
0 0.079375 0.36541666666666667 0.09 0.12083333333333333
0 0.3309375 0.44583333333333336 0.090625 0.12
0 0.6921875 0.9175 0.081875 0.11
0 0.8725 0.8479166666666667 0.08875 0.1175
0 0.6365625 0.6304166666666666 0.090625 0.12083333333333333
0 0.5559375 0.7145833333333333 0.085625 0.11416666666666667
0 0.6596875 0.3020833333333333 0.081875 0.10916666666666666
0 0.335625 0.18833333333333332 0.0875 0.11666666666666667
0 0.8065625 0.45458333333333334 0.086875 0.11583333333333333
0 0.834375 0.5258333333333334 0.085 0.11333333333333333
0 0.1221875 0.6095833333333334 0.079375 0.10583333333333333
0 0.419375 0.8566666666666667 0.0875 0.11666666666666667
0 0.61375 0.7308333333333333 0.09 0.12
0 0.5225 0.8516666666666667 0.08375 0.11166666666666666
0 0.81375 0.3725 0.07375 0.09833333333333333
0 0.413125 0.25333333333333335 0.08 0.10666666666666667
0 0.8696875 0.44458333333333333 0.084375 0.1125
0 0.71625 0.22666666666666666 0.09 0.12
0 0.7590625 0.3 0.100625 0.135
0 0.5553125 0.17625 0.084375 0.1125
0 0.1190625 0.21208333333333335 0.090625 0.12083333333333333
0 0.6009375 0.80875 0.095625 0.1275
0 0.8721875 0.6679166666666667 0.090625 0.12083333333333333
0 0.2565625 0.32416666666666666 0.089375 0.11833333333333333
0 0.468125 0.8908333333333334 0.08625 0.115
1 0.1503125 0.23625 0.103125 0.1375
0 0.2703125 0.23208333333333334 0.083125 0.11083333333333334
0 0.254375 0.7516666666666667 0.09375 0.125
0 0.451875 0.57125 0.085 0.1125
0 0.8884375 0.36791666666666667 0.080625 0.1075
0 0.5228125 0.28375 0.110625 0.1475
0 0.7246875 0.36375 0.096875 0.12916666666666668
0 0.4634375 0.2175 0.086875 0.115
0 0.7265625 0.17958333333333334 0.095625 0.1275
0 0.3209375 0.3441666666666667 0.108125 0.14333333333333334
0 0.9403125 0.6670833333333334 0.099375 0.1325
0 0.6878125 0.41291666666666665 0.084375 0.1125
0 0.430625 0.31666666666666665 0.07875 0.105
0 0.5646875 0.91125 0.085625 0.11416666666666667
1 0.3275 0.30541666666666667 0.0975 0.12916666666666668
0 0.9134375 0.48375 0.090625 0.12083333333333333
0 0.46375 0.31083333333333335 0.10125 0.135
0 0.211875 0.6716666666666666 0.06875 0.09166666666666666
0 0.1996875 0.7454166666666666 0.078125 0.10416666666666667
0 0.2828125 0.06208333333333333 0.093125 0.12416666666666666