0 0.51375 0.8091666666666667 0.055 0.07666666666666666
0 0.60125 0.4891666666666667 0.06 0.08333333333333333
0 0.2440625 0.11333333333333333 0.066875 0.09666666666666666
0 0.63625 0.7466666666666667 0.0675 0.095
0 0.6859375 0.3545833333333333 0.068125 0.08916666666666667
0 0.7046875 0.8516666666666667 0.063125 0.09166666666666666
0 0.4815625 0.4525 0.061875 0.09
0 0.688125 0.11291666666666667 0.07875 0.1025
0 0.4075 0.21916666666666668 0.0625 0.08166666666666667
0 0.2665625 0.8854166666666666 0.069375 0.0825
0 0.1990625 0.73875 0.060625 0.08083333333333333
0 0.445 0.13333333333333333 0.0575 0.08666666666666667
0 0.8103125 0.5104166666666666 0.060625 0.0775
0 0.2559375 0.9545833333333333 0.071875 0.08916666666666667
0 0.22125 0.5079166666666667 0.06875 0.0925
0 0.78 0.5766666666666667 0.06375 0.08333333333333333
0 0.7959375 0.4191666666666667 0.070625 0.095
1 0.7603125 0.16625 0.085625 0.09416666666666666
0 0.4175 0.7725 0.06625 0.08333333333333333
0 0.3625 0.12041666666666667 0.0625 0.07916666666666666
0 0.2 0.21666666666666667 0.0725 0.08333333333333333
0 0.164375 0.2791666666666667 0.07625 0.08166666666666667
0 0.751875 0.09791666666666667 0.055 0.07916666666666666
0 0.6909375 0.43625 0.056875 0.07583333333333334
0 0.8278125 0.9404166666666667 0.059375 0.08416666666666667
0 0.7078125 0.5895833333333333 0.066875 0.07583333333333334
0 0.665625 0.585 0.06625 0.08166666666666667
0 0.6709375 0.9458333333333333 0.063125 0.08666666666666667
0 0.6121875 0.9433333333333334 0.064375 0.08166666666666667
0 0.4515625 0.7370833333333333 0.064375 0.06916666666666667
0 0.515625 0.3720833333333333 0.05875 0.08583333333333333
0 0.6559375 0.6633333333333333 0.058125 0.07166666666666667
1 0.3934375 0.34708333333333335 0.081875 0.10083333333333333
0 0.2865625 0.4483333333333333 0.051875 0.09
0 0.5371875 0.6108333333333333 0.050625 0.08166666666666667
0 0.2278125 0.80625 0.053125 0.07416666666666667
0 0.8125 0.785 0.06625 0.07666666666666666
0 0.5071875 0.14791666666666667 0.061875 0.08416666666666667
0 0.6665625 0.5020833333333333 0.065625 0.0925
0 0.5321875 0.0575 0.055625 0.07833333333333334
0 0.8421875 0.095 0.054375 0.07333333333333333
0 0.696875 0.7579166666666667 0.05875 0.07916666666666666
0 0.7675 0.9125 0.06125 0.06666666666666667
0 0.16375 0.40625 0.0725 0.07583333333333334
0 0.465 0.25875 0.05 0.0625
0 0.7971875 0.058333333333333334 0.060625 0.08
0 0.6978125 0.665 0.065625 0.08666666666666667
0 0.259375 0.21583333333333332 0.0575 0.06333333333333334
0 0.5471875 0.11458333333333333 0.049375 0.0675
0 0.49875 0.11 0.0525 0.07333333333333333