0 0.9525 0.50625 0.09375 0.12416666666666666
0 0.4371875 0.8020833333333334 0.104375 0.13916666666666666
0 0.8115625 0.5170833333333333 0.076875 0.1025
0 0.8253125 0.35625 0.095625 0.1275
0 0.79375 0.6395833333333333 0.10375 0.1375
0 0.3365625 0.32208333333333333 0.115625 0.15416666666666667
0 0.4528125 0.8891666666666667 0.106875 0.14166666666666666
0 0.875 0.5616666666666666 0.0975 0.13
0 0.7053125 0.17791666666666667 0.111875 0.14916666666666667
0 0.70375 0.5366666666666666 0.07625 0.10166666666666667
0 0.2603125 0.34541666666666665 0.111875 0.14916666666666667
0 0.7553125 0.4579166666666667 0.118125 0.1575
0 0.106875 0.5754166666666667 0.10625 0.1425
0 0.4565625 0.5425 0.088125 0.11666666666666667
0 0.838125 0.4479166666666667 0.075 0.10083333333333333
0 0.3115625 0.5520833333333334 0.114375 0.1525
0 0.3578125 0.8216666666666667 0.103125 0.13833333333333334
0 0.848125 0.8908333333333334 0.1125 0.15
0 0.6384375 0.11458333333333333 0.109375 0.14583333333333334
0 0.5334375 0.9270833333333334 0.088125 0.1175
0 0.1671875 0.5070833333333333 0.109375 0.14583333333333334
0 0.0865625 0.48375 0.105625 0.14083333333333334
0 0.63375 0.8816666666666667 0.1075 0.14333333333333334
0 0.3446875 0.63875 0.086875 0.11583333333333333
0 0.6603125 0.7445833333333334 0.108125 0.14416666666666667
0 0.595625 0.60125 0.08375 0.1125
1 0.1234375 0.16125 0.134375 0.17916666666666667
1 0.9090625 0.6229166666666667 0.120625 0.16083333333333333
0 0.311875 0.4608333333333333 0.1075 0.14333333333333334
0 0.7578125 0.9229166666666667 0.103125 0.1375
0 0.650625 0.6308333333333334 0.07625 0.10166666666666667
0 0.18625 0.6458333333333334 0.10625 0.14166666666666666
0 0.2471875 0.47708333333333336 0.098125 0.13083333333333333
0 0.780625 0.40791666666666665 0.0875 0.11583333333333333
0 0.323125 0.755 0.1025 0.13666666666666666
0 0.7578125 0.8220833333333334 0.105625 0.14083333333333334
0 0.3903125 0.8925 0.088125 0.11666666666666667
0 0.72875 0.7120833333333333 0.1075 0.1425
0 0.4146875 0.6708333333333333 0.083125 0.11
1 0.24625 0.26375 0.1475 0.19583333333333333
1 0.6578125 0.815 0.100625 0.135
0 0.7528125 0.61625 0.098125 0.13083333333333333
0 0.7034375 0.6683333333333333 0.091875 0.12166666666666667
0 0.744375 0.7433333333333333 0.1025 0.13666666666666666
0 0.1928125 0.4683333333333333 0.089375 0.12
0 0.2059375 0.14625 0.099375 0.1325
0 0.3975 0.12 0.0875 0.11666666666666667
0 0.7971875 0.2679166666666667 0.093125 0.12416666666666666
0 0.5015625 0.7420833333333333 0.084375 0.1125
0 0.548125 0.8075 0.085 0.11333333333333333
0 0.2715625 0.7195833333333334 0.083125 0.11083333333333334
0 0.5171875 0.62625 0.098125 0.13083333333333333
0 0.533125 0.6708333333333333 0.09625 0.12833333333333333
0 0.468125 0.6808333333333333 0.08625 0.115
0 0.5403125 0.7191666666666666 0.091875 0.12166666666666667
0 0.248125 0.58375 0.0875 0.11583333333333333
0 0.38625 0.74 0.0925 0.12333333333333334
0 0.3959375 0.5758333333333333 0.089375 0.11833333333333333
0 0.6665625 0.6095833333333334 0.091875 0.1225
0 0.3990625 0.51125 0.095625 0.1275
1 0.2790625 0.6366666666666667 0.103125 0.13666666666666666