0 0.2353125 0.35791666666666666 0.061875 0.08583333333333333
0 0.4196875 0.2579166666666667 0.071875 0.08916666666666667
0 0.393125 0.1025 0.07 0.09166666666666666
0 0.545 0.30333333333333334 0.065 0.08833333333333333
0 0.6571875 0.4845833333333333 0.061875 0.08916666666666667
0 0.6521875 0.7233333333333334 0.063125 0.085
0 0.354375 0.8258333333333333 0.05625 0.09
0 0.416875 0.8154166666666667 0.065 0.09583333333333334
0 0.4140625 0.44666666666666666 0.070625 0.09333333333333334
0 0.7546875 0.41875 0.055625 0.0775
0 0.80375 0.6766666666666666 0.06875 0.09833333333333333
0 0.5353125 0.40708333333333335 0.068125 0.0925
0 0.588125 0.5845833333333333 0.07125 0.09916666666666667
0 0.2334375 0.19208333333333333 0.061875 0.07916666666666666
0 0.475625 0.41583333333333333 0.05125 0.07333333333333333
0 0.6928125 0.94875 0.075625 0.10083333333333333
0 0.4909375 0.8066666666666666 0.079375 0.09666666666666666
0 0.499375 0.6045833333333334 0.08375 0.1175
1 0.288125 0.0775 0.09 0.12166666666666667
0 0.306875 0.31875 0.07125 0.11083333333333334