0 0.896875 0.6595833333333333 0.07375 0.09916666666666667
0 0.4834375 0.7583333333333333 0.068125 0.09333333333333334
0 0.263125 0.6991666666666667 0.0725 0.09666666666666666
0 0.3853125 0.8370833333333333 0.070625 0.0925
0 0.5259375 0.4270833333333333 0.070625 0.09916666666666667
0 0.314375 0.78 0.0725 0.09666666666666666
0 0.6009375 0.5204166666666666 0.070625 0.09583333333333334
0 0.3853125 0.7295833333333334 0.071875 0.09083333333333334
0 0.5840625 0.9175 0.071875 0.09333333333333334
0 0.7275 0.50625 0.06625 0.08416666666666667
0 0.179375 0.6816666666666666 0.0725 0.09833333333333333
0 0.6103125 0.6570833333333334 0.075625 0.1025
0 0.1659375 0.8395833333333333 0.066875 0.08583333333333333
0 0.3153125 0.8883333333333333 0.070625 0.095
0 0.82625 0.27166666666666667 0.07875 0.11666666666666667
0 0.2734375 0.5575 0.075625 0.09333333333333334
0 0.5225 0.64 0.08 0.10833333333333334
0 0.129375 0.3525 0.075 0.10833333333333334
0 0.390625 0.22125 0.06875 0.0875
0 0.9309375 0.8433333333333334 0.075625 0.10666666666666667
0 0.8559375 0.8025 0.071875 0.105
0 0.8525 0.39666666666666667 0.08125 0.11166666666666666
0 0.431875 0.6679166666666667 0.06625 0.08083333333333333
0 0.1728125 0.53875 0.076875 0.1075
0 0.776875 0.5720833333333334 0.0725 0.09583333333333334
0 0.7259375 0.6733333333333333 0.075625 0.08333333333333333
0 0.6953125 0.76625 0.069375 0.10583333333333333
0 0.6128125 0.79125 0.076875 0.10583333333333333
0 0.2259375 0.195 0.059375 0.08333333333333333
0 0.8003125 0.15458333333333332 0.063125 0.08916666666666667
0 0.7521875 0.40791666666666665 0.079375 0.10416666666666667
0 0.0909375 0.8883333333333333 0.081875 0.10166666666666667
0 0.3265625 0.4008333333333333 0.078125 0.105
0 0.6021875 0.4041666666666667 0.080625 0.10333333333333333
0 0.041875 0.5225 0.0675 0.08833333333333333
0 0.188125 0.4275 0.07375 0.09666666666666666
0 0.78375 0.9129166666666667 0.08125 0.08583333333333333
0 0.441875 0.37958333333333333 0.08375 0.09583333333333334
0 0.14 0.08375 0.07375 0.10416666666666667
0 0.659375 0.18333333333333332 0.06375 0.08333333333333333
0 0.771875 0.75375 0.075 0.0875
0 0.4971875 0.3104166666666667 0.071875 0.08583333333333333
0 0.8746875 0.17875 0.068125 0.09083333333333334
0 0.1209375 0.7641666666666667 0.073125 0.10833333333333334
0 0.86625 0.09125 0.07125 0.09583333333333334
0 0.153125 0.21916666666666668 0.08625 0.115
0 0.2175 0.9 0.08125 0.09666666666666666
0 0.880625 0.9225 0.06875 0.08833333333333333
0 0.7284375 0.16583333333333333 0.068125 0.11166666666666666
0 0.785625 0.8345833333333333 0.1 0.08416666666666667
0 0.7525 0.22083333333333333 0.05 0.08
0 0.0371875 0.685 0.074375 0.07
0 0.946875 0.7491666666666666 0.08125 0.085