0 0.5075 0.52125 0.10125 0.13416666666666666
0 0.7909375 0.25875 0.089375 0.11916666666666667
0 0.6275 0.55 0.09 0.12
0 0.87625 0.37041666666666667 0.09125 0.1225
0 0.8446875 0.2941666666666667 0.083125 0.11
0 0.5 0.36083333333333334 0.0875 0.11666666666666667
0 0.851875 0.45416666666666666 0.1025 0.13666666666666666
0 0.6015625 0.6429166666666667 0.096875 0.12916666666666668
0 0.5928125 0.89375 0.091875 0.1225
0 0.331875 0.10416666666666667 0.09875 0.13166666666666665
0 0.5771875 0.7595833333333334 0.090625 0.12083333333333333
0 0.528125 0.855 0.08625 0.115
0 0.539375 0.1925 0.0825 0.11
0 0.259375 0.29583333333333334 0.08625 0.115
0 0.1496875 0.5770833333333333 0.089375 0.11916666666666667
0 0.695625 0.57 0.08625 0.115
0 0.2396875 0.37916666666666665 0.095625 0.12833333333333333
0 0.6059375 0.31666666666666665 0.086875 0.115
0 0.6315625 0.8208333333333333 0.093125 0.12333333333333334
0 0.3015625 0.83875 0.091875 0.1225
0 0.455625 0.45416666666666666 0.08625 0.115
0 0.32875 0.20333333333333334 0.08625 0.115
0 0.391875 0.24125 0.08875 0.1175
0 0.5409375 0.4195833333333333 0.084375 0.1125
0 0.469375 0.10666666666666667 0.08875 0.11833333333333333
0 0.6040625 0.23875 0.088125 0.1175
0 0.7734375 0.17708333333333334 0.095625 0.1275
0 0.12875 0.7641666666666667 0.09625 0.12833333333333333
0 0.4025 0.07166666666666667 0.085 0.11333333333333333
0 0.499375 0.2475 0.0925 0.12333333333333334
0 0.0575 0.7054166666666667 0.08375 0.1125
0 0.475 0.6058333333333333 0.08625 0.115
0 0.7734375 0.7516666666666667 0.084375 0.11333333333333333
0 0.0696875 0.6266666666666667 0.083125 0.11166666666666666
0 0.24125 0.7933333333333333 0.1 0.13333333333333333
0 0.755 0.38333333333333336 0.09125 0.12166666666666667
0 0.68125 0.11458333333333333 0.0875 0.1175
0 0.220625 0.5979166666666667 0.0825 0.11083333333333334
0 0.353125 0.7708333333333334 0.08 0.10666666666666667
0 0.1678125 0.45458333333333334 0.088125 0.1175
0 0.40875 0.7916666666666666 0.08375 0.11166666666666666
0 0.6703125 0.3825 0.094375 0.12666666666666668
0 0.4484375 0.8679166666666667 0.096875 0.12916666666666668
0 0.284375 0.6666666666666666 0.09375 0.125
0 0.165 0.8083333333333333 0.09625 0.12833333333333333
0 0.1825 0.70625 0.08625 0.11416666666666667
0 0.5728125 0.11458333333333333 0.101875 0.13583333333333333
0 0.603125 0.42833333333333334 0.08625 0.115
0 0.7540625 0.6329166666666667 0.096875 0.12916666666666668
0 0.2434375 0.5120833333333333 0.091875 0.1225
0 0.9175 0.29375 0.10625 0.1425
0 0.435 0.9204166666666667 0.09375 0.12583333333333332
0 0.8009375 0.09041666666666667 0.098125 0.13083333333333333
0 0.229375 0.22 0.08875 0.11833333333333333
0 0.618125 0.12708333333333333 0.08875 0.11916666666666667
0 0.27375 0.46875 0.09 0.11916666666666667
0 0.733125 0.06708333333333333 0.095 0.12583333333333332
0 0.0671875 0.8070833333333334 0.093125 0.12416666666666666
0 0.9075 0.17333333333333334 0.085 0.11333333333333333
0 0.3921875 0.64375 0.083125 0.11083333333333334
0 0.215 0.7029166666666666 0.0875 0.11583333333333333
0 0.31125 0.7108333333333333 0.09625 0.12833333333333333
0 0.90125 0.6041666666666666 0.09875 0.13166666666666665
0 0.8475 0.1 0.11125 0.14833333333333334
1 0.4434375 0.30333333333333334 0.119375 0.16