0 0.73625 0.7925 0.08 0.10333333333333333
0 0.7590625 0.6204166666666666 0.080625 0.0975
0 0.640625 0.25708333333333333 0.07375 0.1025
0 0.320625 0.7520833333333333 0.08125 0.10583333333333333
0 0.438125 0.17666666666666667 0.0725 0.09333333333333334
0 0.9625 0.08541666666666667 0.0725 0.10083333333333333
0 0.7303125 0.13541666666666666 0.083125 0.10916666666666666
0 0.578125 0.21125 0.07625 0.09916666666666667
0 0.82375 0.13666666666666666 0.05875 0.08333333333333333
0 0.3834375 0.44416666666666665 0.070625 0.09166666666666666
0 0.0696875 0.6129166666666667 0.083125 0.10916666666666666
0 0.1628125 0.705 0.070625 0.09666666666666666
0 0.3371875 0.135 0.070625 0.10166666666666667
0 0.2715625 0.6295833333333334 0.084375 0.0925
0 0.3153125 0.3695833333333333 0.083125 0.09583333333333334
0 0.5978125 0.5483333333333333 0.078125 0.09666666666666666
0 0.8040625 0.49541666666666667 0.064375 0.0875
0 0.4128125 0.8691666666666666 0.081875 0.09833333333333333
0 0.376875 0.3883333333333333 0.07 0.10166666666666667
0 0.0665625 0.24083333333333334 0.071875 0.11166666666666666
0 0.8484375 0.91 0.068125 0.09166666666666666
0 0.7703125 0.2075 0.080625 0.10166666666666667
0 0.5328125 0.16 0.083125 0.09666666666666666
0 0.4275 0.77875 0.08375 0.0825
0 0.5165625 0.3625 0.070625 0.09666666666666666
0 0.886875 0.17333333333333334 0.0625 0.095
0 0.279375 0.29 0.07 0.10166666666666667
0 0.1034375 0.40958333333333335 0.064375 0.0825
0 0.469375 0.6075 0.07625 0.11166666666666666
0 0.7709375 0.84875 0.079375 0.1025
0 0.641875 0.9495833333333333 0.08 0.09916666666666667
0 0.3478125 0.9391666666666667 0.066875 0.08666666666666667
0 0.6815625 0.3725 0.078125 0.09333333333333334
0 0.11375 0.3070833333333333 0.07 0.0925
0 0.0865625 0.8433333333333334 0.078125 0.10333333333333333
0 0.1421875 0.3475 0.074375 0.09666666666666666
0 0.475 0.44708333333333333 0.07 0.0825
0 0.4475 0.3566666666666667 0.07125 0.10166666666666667
0 0.6259375 0.07791666666666666 0.070625 0.09583333333333334
0 0.9215625 0.7858333333333334 0.076875 0.09666666666666666
0 0.2159375 0.3595833333333333 0.070625 0.10416666666666667
0 0.1990625 0.07958333333333334 0.060625 0.1075
0 0.42875 0.5854166666666667 0.0725 0.0925
0 0.1028125 0.10541666666666667 0.075625 0.1025
0 0.9221875 0.7179166666666666 0.056875 0.0975
0 0.1665625 0.8420833333333333 0.075625 0.09416666666666666
0 0.5140625 0.5358333333333334 0.075625 0.1
1 0.6803125 0.76375 0.084375 0.13416666666666666
0 0.8446875 0.8095833333333333 0.078125 0.1025
0 0.17625 0.92375 0.07125 0.09083333333333334
0 0.2825 0.45666666666666667 0.07625 0.09
0 0.3134375 0.46041666666666664 0.066875 0.10083333333333333