0 0.9015625 0.77 0.063125 0.08333333333333333
0 0.2596875 0.7579166666666667 0.061875 0.0825
0 0.1703125 0.8966666666666666 0.073125 0.09166666666666666
0 0.6803125 0.7770833333333333 0.064375 0.08916666666666667
0 0.3321875 0.7175 0.071875 0.08833333333333333
0 0.160625 0.6608333333333334 0.0625 0.1
0 0.398125 0.49833333333333335 0.0725 0.09166666666666666
0 0.6296875 0.3129166666666667 0.060625 0.08916666666666667
0 0.3409375 0.85875 0.073125 0.1025
0 0.6078125 0.09583333333333334 0.059375 0.08
0 0.686875 0.175 0.07625 0.07666666666666666
0 0.15 0.7733333333333333 0.06625 0.09333333333333334
0 0.061875 0.4266666666666667 0.07 0.07833333333333334
0 0.1084375 0.6725 0.059375 0.085
0 0.05 0.8958333333333334 0.06875 0.10833333333333334
0 0.3946875 0.19125 0.065625 0.07416666666666667
0 0.289375 0.5941666666666666 0.0675 0.08166666666666667
0 0.5121875 0.39791666666666664 0.064375 0.08416666666666667
0 0.5978125 0.6133333333333333 0.066875 0.09166666666666666
0 0.87625 0.11083333333333334 0.06625 0.09166666666666666
0 0.72125 0.4995833333333333 0.06125 0.0775
0 0.62625 0.7120833333333333 0.0775 0.1025
0 0.751875 0.4220833333333333 0.06625 0.08583333333333333
1 0.060625 0.3566666666666667 0.08375 0.095
0 0.5765625 0.3645833333333333 0.070625 0.0875
0 0.1903125 0.37125 0.065625 0.0775
0 0.516875 0.22708333333333333 0.06625 0.08083333333333333
0 0.2346875 0.27166666666666667 0.063125 0.06666666666666667
0 0.794375 0.8404166666666667 0.07375 0.0825
0 0.354375 0.5770833333333333 0.0725 0.09416666666666666
0 0.495625 0.15833333333333333 0.0625 0.07333333333333333
0 0.8315625 0.63375 0.069375 0.0675
1 0.2471875 0.19375 0.110625 0.08916666666666667
0 0.9403125 0.7095833333333333 0.063125 0.08583333333333333
0 0.8603125 0.5070833333333333 0.061875 0.060833333333333336
0 0.489375 0.28875 0.06625 0.08583333333333333
0 0.1503125 0.375 0.070625 0.09833333333333333
0 0.849375 0.5333333333333333 0.08375 0.07333333333333333
1 0.506875 0.89625 0.1025 0.09916666666666667
1 0.8075 0.7525 0.08625 0.08166666666666667
1 0.403125 0.29583333333333334 0.07625 0.10833333333333334
1 0.1975 0.08125 0.0825 0.12083333333333333
0 0.419375 0.042083333333333334 0.0675 0.07416666666666667
0 0.855625 0.8204166666666667 0.06625 0.0775