0 0.5396875 0.8304166666666667 0.076875 0.0975
0 0.719375 0.8679166666666667 0.07 0.09916666666666667
0 0.6803125 0.9129166666666667 0.079375 0.09916666666666667
0 0.7859375 0.51375 0.078125 0.10583333333333333
0 0.70125 0.37583333333333335 0.07 0.09666666666666666
0 0.245 0.10833333333333334 0.07875 0.10666666666666667
0 0.78 0.9154166666666667 0.0725 0.10416666666666667
0 0.410625 0.22541666666666665 0.07375 0.10083333333333333
0 0.6884375 0.7058333333333333 0.071875 0.10166666666666667
0 0.1659375 0.12583333333333332 0.081875 0.11666666666666667
0 0.59 0.3541666666666667 0.07375 0.11333333333333333
0 0.655 0.14708333333333334 0.08625 0.10083333333333333
0 0.2 0.6983333333333334 0.0725 0.11666666666666667
0 0.7759375 0.23291666666666666 0.071875 0.11916666666666667
0 0.5353125 0.11541666666666667 0.073125 0.1025
0 0.2846875 0.37625 0.080625 0.10916666666666666
0 0.4171875 0.655 0.070625 0.10333333333333333
0 0.214375 0.41875 0.0775 0.10416666666666667
0 0.4584375 0.09958333333333333 0.065625 0.0975
0 0.4359375 0.3254166666666667 0.086875 0.1075
0 0.21375 0.8354166666666667 0.075 0.10083333333333333
0 0.2978125 0.59 0.083125 0.10333333333333333
0 0.805 0.37583333333333335 0.07 0.09833333333333333
0 0.3790625 0.09291666666666666 0.085625 0.1075
0 0.6303125 0.42375 0.071875 0.0925
0 0.6034375 0.8079166666666666 0.076875 0.1075
0 0.346875 0.8966666666666666 0.07375 0.09
0 0.2803125 0.8066666666666666 0.061875 0.11666666666666667
0 0.5953125 0.7325 0.075625 0.1
0 0.4146875 0.06291666666666666 0.061875 0.10916666666666666
0 0.5590625 0.13541666666666666 0.074375 0.11583333333333333
0 0.5953125 0.4666666666666667 0.084375 0.11166666666666666
0 0.7740625 0.7075 0.073125 0.10833333333333334
0 0.3234375 0.7766666666666666 0.076875 0.10166666666666667
0 0.7525 0.6295833333333334 0.075 0.08416666666666667
0 0.6446875 0.5445833333333333 0.081875 0.11583333333333333
0 0.8003125 0.6891666666666667 0.069375 0.085