0 0.4971875 0.4395833333333333 0.071875 0.11416666666666667
0 0.1653125 0.4320833333333333 0.076875 0.11416666666666667
0 0.3459375 0.09791666666666667 0.073125 0.10916666666666666
0 0.428125 0.93875 0.06 0.07583333333333334
0 0.2396875 0.7058333333333333 0.066875 0.10333333333333333
0 0.5821875 0.8033333333333333 0.073125 0.095
0 0.819375 0.08958333333333333 0.075 0.10416666666666667
0 0.1721875 0.30291666666666667 0.065625 0.1075
0 0.445625 0.16166666666666665 0.07 0.08833333333333333
0 0.6065625 0.6175 0.066875 0.09833333333333333
0 0.4478125 0.05708333333333333 0.080625 0.09416666666666666
0 0.4865625 0.28583333333333333 0.076875 0.09666666666666666
0 0.455 0.7366666666666667 0.06625 0.09833333333333333
0 0.4921875 0.6545833333333333 0.070625 0.10583333333333333
0 0.7465625 0.88875 0.063125 0.1075
0 0.836875 0.34208333333333335 0.07375 0.09916666666666667
0 0.6621875 0.8945833333333333 0.068125 0.10916666666666666
0 0.161875 0.2025 0.06375 0.095
1 0.68 0.4845833333333333 0.085 0.0975
0 0.46625 0.7975 0.09 0.08833333333333333
0 0.631875 0.7475 0.06625 0.10166666666666667
0 0.51375 0.22458333333333333 0.07 0.10583333333333333
0 0.570625 0.3858333333333333 0.07375 0.10333333333333333
0 0.7234375 0.33791666666666664 0.071875 0.09083333333333334
0 0.6325 0.05125 0.07625 0.1025
0 0.5221875 0.5445833333333333 0.081875 0.1075
0 0.3040625 0.7408333333333333 0.069375 0.09
0 0.785 0.5358333333333334 0.07 0.10166666666666667
0 0.2834375 0.82375 0.065625 0.09083333333333334
0 0.3921875 0.68625 0.073125 0.09416666666666666
0 0.63375 0.24875 0.0725 0.1025
0 0.4721875 0.56875 0.076875 0.09916666666666667
0 0.6725 0.15666666666666668 0.07375 0.08
0 0.6534375 0.6379166666666667 0.069375 0.09416666666666666
0 0.7521875 0.24916666666666668 0.080625 0.10666666666666667
0 0.29875 0.64625 0.07 0.09083333333333334
0 0.69125 0.8479166666666667 0.06375 0.10083333333333333
0 0.4209375 0.5116666666666667 0.061875 0.115
0 0.69875 0.25333333333333335 0.08625 0.10333333333333333
0 0.285625 0.5129166666666667 0.06375 0.08416666666666667
0 0.5746875 0.475 0.069375 0.09333333333333334
0 0.63875 0.43333333333333335 0.0675 0.09166666666666666
0 0.2384375 0.5883333333333334 0.075625 0.08166666666666667
0 0.654375 0.3258333333333333 0.06875 0.095
0 0.660625 0.76875 0.06625 0.0925
0 0.2446875 0.3958333333333333 0.070625 0.10166666666666667
0 0.385 0.8854166666666666 0.065 0.08083333333333333
0 0.2309375 0.11875 0.071875 0.0925
0 0.724375 0.8858333333333334 0.07 0.09333333333333334
0 0.293125 0.47375 0.0725 0.09083333333333334
0 0.7428125 0.4375 0.071875 0.10333333333333333
0 0.21875 0.15708333333333332 0.06375 0.10583333333333333
0 0.7753125 0.8308333333333333 0.059375 0.10833333333333334
0 0.733125 0.7320833333333333 0.0725 0.10583333333333333
0 0.7825 0.4295833333333333 0.075 0.1075
0 0.8003125 0.79 0.068125 0.105
0 0.8078125 0.7233333333333334 0.073125 0.11333333333333333
0 0.6096875 0.40958333333333335 0.074375 0.0975
0 0.764375 0.40791666666666665 0.08125 0.09416666666666666
0 0.171875 0.1075 0.055 0.1
0 0.7328125 0.69125 0.080625 0.0975
0 0.3859375 0.83 0.073125 0.095
0 0.68375 0.5670833333333334 0.07125 0.0875
0 0.22375 0.4866666666666667 0.055 0.1
0 0.8121875 0.34791666666666665 0.070625 0.09916666666666667
0 0.6771875 0.6954166666666667 0.075625 0.0975
0 0.39 0.7695833333333333 0.0675 0.07583333333333334