0 0.5584375 0.49333333333333335 0.065625 0.08666666666666667
0 0.7878125 0.40708333333333335 0.059375 0.09083333333333334
0 0.7840625 0.235 0.074375 0.09666666666666666
0 0.6390625 0.2075 0.060625 0.09666666666666666
0 0.686875 0.49833333333333335 0.06875 0.10333333333333333
0 0.8934375 0.29875 0.070625 0.10416666666666667
0 0.380625 0.75375 0.08125 0.08583333333333333
0 0.2421875 0.10583333333333333 0.076875 0.09333333333333334
0 0.5375 0.0725 0.08125 0.085
0 0.288125 0.6595833333333333 0.0775 0.10583333333333333
1 0.62875 0.6683333333333333 0.0925 0.095
0 0.85875 0.6495833333333333 0.0625 0.09083333333333334
0 0.390625 0.52125 0.08125 0.08916666666666667
0 0.5321875 0.5841666666666666 0.065625 0.105
0 0.4990625 0.3095833333333333 0.070625 0.09083333333333334
0 0.8715625 0.9233333333333333 0.068125 0.085
0 0.72625 0.09416666666666666 0.06375 0.09166666666666666
0 0.424375 0.91625 0.06375 0.10916666666666666
0 0.67625 0.8879166666666667 0.06375 0.09083333333333334
1 0.5409375 0.15 0.081875 0.08833333333333333
0 0.0803125 0.30541666666666667 0.068125 0.10416666666666667
0 0.9340625 0.7816666666666666 0.063125 0.08333333333333333
0 0.3496875 0.8166666666666667 0.074375 0.09333333333333334
0 0.3284375 0.36083333333333334 0.070625 0.1
0 0.615625 0.8745833333333334 0.06125 0.10583333333333333
0 0.8975 0.4404166666666667 0.06875 0.0925
0 0.4184375 0.3566666666666667 0.080625 0.08
0 0.784375 0.7133333333333334 0.06625 0.10166666666666667
0 0.6965625 0.3804166666666667 0.074375 0.1075
0 0.8859375 0.69875 0.058125 0.0825
0 0.9109375 0.1 0.078125 0.09333333333333334
0 0.77625 0.49833333333333335 0.05875 0.085
0 0.605625 0.58625 0.08375 0.07916666666666666
0 0.0840625 0.20291666666666666 0.083125 0.0875
0 0.9671875 0.08541666666666667 0.060625 0.07916666666666666
0 0.1571875 0.46 0.074375 0.11
0 0.150625 0.35583333333333333 0.08875 0.09833333333333333
0 0.2096875 0.5354166666666667 0.069375 0.10083333333333333
0 0.1896875 0.21 0.094375 0.08666666666666667
0 0.8521875 0.49583333333333335 0.081875 0.09666666666666666