0 0.925 0.5566666666666666 0.10625 0.14166666666666666
0 0.4775 0.18791666666666668 0.1025 0.13583333333333333
0 0.6709375 0.8379166666666666 0.104375 0.13916666666666666
0 0.331875 0.8583333333333333 0.09625 0.12833333333333333
0 0.4440625 0.28958333333333336 0.108125 0.14416666666666667
0 0.6009375 0.6645833333333333 0.101875 0.13583333333333333
0 0.6290625 0.10041666666666667 0.099375 0.1325
0 0.2146875 0.5620833333333334 0.108125 0.14416666666666667
0 0.3721875 0.19333333333333333 0.111875 0.15
0 0.7640625 0.4195833333333333 0.099375 0.1325
0 0.38375 0.3566666666666667 0.10875 0.145
0 0.103125 0.46 0.1175 0.15666666666666668
0 0.4534375 0.8004166666666667 0.104375 0.13916666666666666
0 0.8121875 0.5666666666666667 0.103125 0.13666666666666666
0 0.4509375 0.56375 0.098125 0.13083333333333333
0 0.745625 0.2916666666666667 0.105 0.14
0 0.49875 0.45 0.10875 0.145
0 0.78875 0.18125 0.11125 0.1475
0 0.5125 0.85 0.10875 0.145
0 0.68625 0.48875 0.105 0.13916666666666666
0 0.2953125 0.4270833333333333 0.115625 0.15416666666666667
0 0.715625 0.5525 0.1075 0.14333333333333334
0 0.5634375 0.21625 0.108125 0.14416666666666667
0 0.754375 0.0925 0.10125 0.135
0 0.484375 0.07166666666666667 0.1 0.13333333333333333
0 0.735625 0.13208333333333333 0.10875 0.14416666666666667