0 0.766875 0.435 0.06375 0.08
0 0.7546875 0.6520833333333333 0.074375 0.08916666666666667
0 0.334375 0.7895833333333333 0.0625 0.08583333333333333
0 0.125 0.085 0.06125 0.07833333333333334
0 0.245625 0.6608333333333334 0.0675 0.09
0 0.434375 0.7475 0.07 0.07833333333333334
0 0.885 0.14041666666666666 0.07875 0.10583333333333333
0 0.2971875 0.14708333333333334 0.064375 0.08083333333333333
0 0.475 0.39958333333333335 0.08375 0.1025
0 0.4503125 0.255 0.064375 0.08166666666666667
0 0.335 0.78875 0.0775 0.10416666666666667
0 0.2953125 0.3125 0.069375 0.085
0 0.1009375 0.3516666666666667 0.083125 0.09833333333333333
0 0.239375 0.060833333333333336 0.06875 0.08666666666666667
0 0.5125 0.2995833333333333 0.07875 0.09916666666666667
0 0.3996875 0.3904166666666667 0.071875 0.1025
0 0.45625 0.82625 0.07625 0.10083333333333333
0 0.393125 0.5229166666666667 0.0825 0.10083333333333333
0 0.2353125 0.41333333333333333 0.075625 0.10333333333333333
0 0.2996875 0.5425 0.061875 0.08
0 0.5121875 0.75625 0.080625 0.09916666666666667
0 0.2359375 0.5745833333333333 0.069375 0.09416666666666666
0 0.3796875 0.16708333333333333 0.076875 0.0925
0 0.0890625 0.7070833333333333 0.069375 0.0925
0 0.16625 0.5345833333333333 0.06875 0.0875
0 0.1725 0.6329166666666667 0.05875 0.08083333333333333
0 0.838125 0.43833333333333335 0.075 0.095
0 0.7003125 0.71125 0.065625 0.0875
0 0.038125 0.30625 0.06625 0.0675
0 0.96375 0.57875 0.06125 0.08416666666666667
0 0.350625 0.1325 0.0675 0.095
0 0.7621875 0.5641666666666667 0.074375 0.09333333333333334
0 0.7809375 0.7854166666666667 0.076875 0.10583333333333333
0 0.095625 0.5695833333333333 0.06125 0.0825
0 0.3865625 0.275 0.084375 0.1
0 0.471875 0.07416666666666667 0.07625 0.105
0 0.3534375 0.6945833333333333 0.080625 0.10583333333333333
0 0.575625 0.24625 0.07375 0.0925
0 0.475 0.6079166666666667 0.06875 0.0825
0 0.7015625 0.8833333333333333 0.076875 0.095
0 0.739375 0.20583333333333334 0.08625 0.10833333333333334
0 0.86375 0.79875 0.07375 0.09916666666666667
0 0.3334375 0.5933333333333334 0.074375 0.10333333333333333
0 0.959375 0.5041666666666667 0.0725 0.08
0 0.7740625 0.36041666666666666 0.068125 0.08916666666666667
0 0.6396875 0.74 0.063125 0.09
0 0.29125 0.9004166666666666 0.07875 0.0925
0 0.800625 0.12625 0.06375 0.08583333333333333
0 0.730625 0.5175 0.06375 0.07833333333333334
0 0.04875 0.13708333333333333 0.0675 0.08416666666666667
0 0.4196875 0.9108333333333334 0.079375 0.10166666666666667
0 0.845 0.7308333333333333 0.07875 0.09833333333333333
0 0.3525 0.49083333333333334 0.0775 0.095
0 0.9134375 0.46541666666666665 0.065625 0.0875
0 0.4553125 0.5325 0.066875 0.085
0 0.95 0.05458333333333333 0.06875 0.09083333333333334
0 0.9515625 0.11875 0.076875 0.09916666666666667
0 0.5628125 0.675 0.048125 0.08333333333333333
0 0.691875 0.3570833333333333 0.07 0.08916666666666667
1 0.92375 0.8466666666666667 0.07625 0.11
0 0.9346875 0.6383333333333333 0.063125 0.07833333333333334
0 0.926875 0.7566666666666667 0.0775 0.105
0 0.7321875 0.2925 0.066875 0.11166666666666666
0 0.3053125 0.26416666666666666 0.075625 0.09666666666666666
0 0.604375 0.7283333333333334 0.07375 0.1
0 0.3171875 0.8825 0.066875 0.09666666666666666
0 0.3653125 0.87125 0.061875 0.07916666666666666
0 0.706875 0.25625 0.0725 0.08083333333333333
0 0.6603125 0.32208333333333333 0.071875 0.0975
0 0.2625 0.4870833333333333 0.06625 0.09416666666666666
0 0.5096875 0.6741666666666667 0.070625 0.09
0 0.20625 0.58875 0.06 0.08916666666666667
0 0.185 0.4775 0.06875 0.08333333333333333
0 0.93625 0.26125 0.09625 0.1275
1 0.730625 0.8425 0.08875 0.125
0 0.8521875 0.051666666666666666 0.068125 0.09833333333333333
0 0.7184375 0.74125 0.071875 0.09083333333333334