0 0.20375 0.5354166666666667 0.0825 0.11083333333333334
0 0.53 0.08916666666666667 0.0975 0.13
0 0.47375 0.2175 0.0925 0.12333333333333334
0 0.41 0.22833333333333333 0.095 0.12666666666666668
0 0.4896875 0.7504166666666666 0.093125 0.12416666666666666
0 0.125 0.5508333333333333 0.09875 0.13166666666666665
0 0.5434375 0.41208333333333336 0.089375 0.11916666666666667
0 0.8803125 0.41083333333333333 0.100625 0.135
0 0.56125 0.6666666666666666 0.1025 0.13666666666666666
0 0.61 0.5270833333333333 0.10625 0.1425
0 0.468125 0.45916666666666667 0.085 0.11333333333333333
0 0.625625 0.8979166666666667 0.09375 0.12583333333333332
0 0.618125 0.305 0.09375 0.125
1 0.3815625 0.63625 0.103125 0.1375
0 0.794375 0.8629166666666667 0.105 0.13916666666666666
0 0.1709375 0.6808333333333333 0.105625 0.14166666666666666
0 0.433125 0.7283333333333334 0.095 0.12666666666666668
0 0.3640625 0.89125 0.076875 0.1025
0 0.7709375 0.40791666666666665 0.091875 0.1225
0 0.27125 0.7429166666666667 0.0975 0.13083333333333333
0 0.7103125 0.6304166666666666 0.100625 0.13416666666666666
0 0.123125 0.355 0.1 0.13333333333333333
0 0.678125 0.7758333333333334 0.09375 0.125
0 0.341875 0.8491666666666666 0.09875 0.13166666666666665
0 0.839375 0.645 0.09 0.12
0 0.154375 0.41458333333333336 0.0875 0.1175
1 0.174375 0.2608333333333333 0.11875 0.15833333333333333
0 0.7365625 0.74875 0.100625 0.13416666666666666
0 0.74125 0.7025 0.09125 0.12166666666666667
0 0.3465625 0.55625 0.086875 0.11583333333333333
0 0.78625 0.5033333333333333 0.0875 0.11666666666666667
0 0.3090625 0.6604166666666667 0.091875 0.1225
0 0.6815625 0.62125 0.096875 0.12916666666666668
0 0.8146875 0.7016666666666667 0.098125 0.13166666666666665
0 0.34 0.6891666666666667 0.09375 0.125
0 0.148125 0.18458333333333332 0.09625 0.1275
0 0.6828125 0.5525 0.090625 0.12
0 0.28625 0.6304166666666666 0.085 0.11416666666666667