0 0.3203125 0.62375 0.071875 0.09916666666666667
0 0.7459375 0.7858333333333334 0.073125 0.09666666666666666
0 0.080625 0.05291666666666667 0.08625 0.10583333333333333
0 0.8421875 0.815 0.081875 0.10333333333333333
0 0.6278125 0.2425 0.079375 0.10333333333333333
0 0.383125 0.2708333333333333 0.08375 0.09333333333333334
0 0.8146875 0.32 0.086875 0.11
0 0.0390625 0.5741666666666667 0.074375 0.09666666666666666
0 0.918125 0.93375 0.08125 0.09916666666666667
0 0.5896875 0.37041666666666667 0.078125 0.0975
0 0.510625 0.9475 0.08 0.10166666666666667
0 0.5271875 0.55875 0.078125 0.1175
0 0.669375 0.34125 0.07625 0.09416666666666666
0 0.6165625 0.6095833333333334 0.083125 0.1125
0 0.5275 0.27166666666666667 0.075 0.105
0 0.70125 0.2425 0.07 0.08833333333333333
0 0.6646875 0.7779166666666667 0.073125 0.10416666666666667
0 0.1159375 0.30916666666666665 0.071875 0.08666666666666667
0 0.5615625 0.14458333333333334 0.061875 0.0925
0 0.529375 0.7191666666666666 0.08 0.1
1 0.129375 0.17541666666666667 0.09375 0.11583333333333333
0 0.278125 0.10083333333333333 0.085 0.10166666666666667
0 0.871875 0.48875 0.08375 0.1075
0 0.8834375 0.6929166666666666 0.081875 0.11416666666666667
0 0.114375 0.45416666666666666 0.08875 0.10333333333333333
0 0.4303125 0.15041666666666667 0.075625 0.0975
0 0.3478125 0.535 0.073125 0.09
0 0.206875 0.6058333333333333 0.0825 0.11166666666666666
0 0.1959375 0.91875 0.076875 0.1125
0 0.81625 0.07833333333333334 0.08 0.11166666666666666
0 0.358125 0.8933333333333333 0.06875 0.09333333333333334
0 0.7378125 0.5604166666666667 0.088125 0.10416666666666667
0 0.4515625 0.5866666666666667 0.073125 0.09333333333333334
0 0.1690625 0.6658333333333334 0.090625 0.11
0 0.8215625 0.7408333333333333 0.089375 0.09333333333333334