0 0.15875 0.7316666666666667 0.06875 0.09
0 0.8925 0.4683333333333333 0.0725 0.09666666666666666
0 0.271875 0.7370833333333333 0.07125 0.09583333333333334
0 0.0709375 0.715 0.080625 0.10666666666666667
0 0.938125 0.3125 0.07375 0.09666666666666666
0 0.425625 0.7670833333333333 0.065 0.09583333333333334
0 0.450625 0.12708333333333333 0.06125 0.09083333333333334
0 0.42 0.3229166666666667 0.0725 0.10083333333333333
0 0.2815625 0.18708333333333332 0.055625 0.08583333333333333
0 0.1196875 0.32208333333333333 0.074375 0.1025
0 0.395 0.5704166666666667 0.07125 0.1025
0 0.6440625 0.6941666666666667 0.060625 0.085
0 0.6721875 0.8729166666666667 0.068125 0.0875
0 0.951875 0.7245833333333334 0.06 0.0825
0 0.0775 0.21375 0.07125 0.0925
0 0.78875 0.81625 0.07625 0.10416666666666667
0 0.37625 0.08791666666666667 0.07875 0.10416666666666667
0 0.518125 0.16416666666666666 0.06875 0.105
0 0.196875 0.6466666666666666 0.06625 0.09166666666666666
0 0.2190625 0.09416666666666666 0.071875 0.095
0 0.5521875 0.93 0.073125 0.10833333333333334
0 0.556875 0.4820833333333333 0.07 0.0925
0 0.3509375 0.1925 0.066875 0.09166666666666666
0 0.359375 0.7416666666666667 0.07875 0.10666666666666667
0 0.0546875 0.9254166666666667 0.073125 0.07416666666666667
0 0.7753125 0.38083333333333336 0.064375 0.08333333333333333
0 0.255 0.39916666666666667 0.07625 0.07833333333333334
0 0.651875 0.3233333333333333 0.06125 0.08166666666666667
0 0.5875 0.6520833333333333 0.06 0.07916666666666666
0 0.2371875 0.4979166666666667 0.089375 0.10083333333333333
0 0.5565625 0.27458333333333335 0.073125 0.0775
0 0.2759375 0.57375 0.079375 0.09416666666666666
0 0.495 0.7383333333333333 0.07875 0.11
0 0.6134375 0.925 0.061875 0.07833333333333334
0 0.6146875 0.4325 0.070625 0.085
0 0.55 0.38 0.0725 0.10333333333333333
0 0.840625 0.5758333333333333 0.07125 0.10166666666666667
0 0.1690625 0.8945833333333333 0.070625 0.0925
0 0.8378125 0.04041666666666666 0.058125 0.08083333333333333
0 0.289375 0.9529166666666666 0.0675 0.0925
0 0.5815625 0.20583333333333334 0.060625 0.08666666666666667
0 0.9634375 0.41791666666666666 0.068125 0.0925
0 0.6640625 0.16458333333333333 0.071875 0.11083333333333334
0 0.401875 0.8995833333333333 0.08375 0.10916666666666666
0 0.039375 0.8358333333333333 0.0775 0.08666666666666667
0 0.6415625 0.24875 0.073125 0.0825
0 0.2515625 0.3125 0.085625 0.08666666666666667
0 0.88375 0.5770833333333333 0.07125 0.09583333333333334
0 0.17 0.84375 0.075 0.0925
0 0.33875 0.2866666666666667 0.075 0.08833333333333333
0 0.5721875 0.0475 0.070625 0.095
1 0.408125 0.44916666666666666 0.0925 0.125