0 0.6428125 0.15958333333333333 0.061875 0.07916666666666666
0 0.460625 0.6904166666666667 0.0625 0.08083333333333333
0 0.1015625 0.3308333333333333 0.073125 0.09833333333333333
0 0.593125 0.23875 0.06375 0.0875
0 0.414375 0.91375 0.0625 0.09083333333333334
0 0.7678125 0.6779166666666666 0.065625 0.09083333333333334
0 0.1084375 0.8566666666666667 0.070625 0.09666666666666666
0 0.65625 0.3175 0.06375 0.08666666666666667
0 0.7265625 0.35 0.064375 0.1
0 0.5075 0.06666666666666667 0.065 0.08333333333333333
0 0.1671875 0.39875 0.069375 0.0875
0 0.795 0.405 0.06 0.08333333333333333
0 0.49875 0.42916666666666664 0.06125 0.085
0 0.2103125 0.28541666666666665 0.060625 0.0825
0 0.9121875 0.77 0.066875 0.09
0 0.4171875 0.38666666666666666 0.070625 0.08666666666666667
0 0.3440625 0.33875 0.070625 0.09416666666666666
0 0.916875 0.34541666666666665 0.0575 0.0825
0 0.8565625 0.10916666666666666 0.065625 0.09833333333333333
0 0.8528125 0.6408333333333334 0.074375 0.09333333333333334
0 0.2840625 0.38125 0.073125 0.10416666666666667
0 0.5296875 0.5145833333333333 0.063125 0.08416666666666667
0 0.3609375 0.25833333333333336 0.059375 0.07666666666666666
0 0.079375 0.7320833333333333 0.0675 0.09083333333333334
0 0.3278125 0.5008333333333334 0.068125 0.08333333333333333
0 0.9253125 0.1 0.060625 0.07833333333333334
0 0.2690625 0.6858333333333333 0.063125 0.08833333333333333
0 0.58125 0.39791666666666664 0.065 0.09083333333333334
0 0.484375 0.15916666666666668 0.07375 0.08833333333333333
0 0.5609375 0.7 0.065625 0.08833333333333333
0 0.71375 0.74375 0.05875 0.07916666666666666
0 0.6871875 0.06666666666666667 0.075625 0.08833333333333333
0 0.2575 0.9333333333333333 0.06375 0.09166666666666666
0 0.1871875 0.7629166666666667 0.069375 0.0825
0 0.0665625 0.135 0.069375 0.10333333333333333
0 0.3321875 0.5958333333333333 0.073125 0.1
0 0.25875 0.2275 0.05875 0.06333333333333334
0 0.224375 0.83875 0.0675 0.07916666666666666
0 0.8934375 0.5566666666666666 0.076875 0.07333333333333333
0 0.1340625 0.10041666666666667 0.063125 0.08083333333333333
0 0.5171875 0.8991666666666667 0.058125 0.09333333333333334
0 0.7834375 0.5679166666666666 0.069375 0.08583333333333333
0 0.3984375 0.50125 0.071875 0.08916666666666667
0 0.3346875 0.72125 0.076875 0.0975
0 0.3446875 0.13125 0.056875 0.07583333333333334
0 0.2271875 0.61125 0.054375 0.09083333333333334
0 0.6453125 0.6058333333333333 0.073125 0.09333333333333334
0 0.64375 0.8875 0.0525 0.09166666666666666
0 0.6071875 0.5883333333333334 0.080625 0.09833333333333333
0 0.1984375 0.90375 0.066875 0.07083333333333333
0 0.5025 0.33458333333333334 0.08125 0.09916666666666667
0 0.1765625 0.20791666666666667 0.063125 0.08583333333333333
0 0.249375 0.7283333333333334 0.075 0.105
0 0.210625 0.17375 0.05625 0.08583333333333333
0 0.7878125 0.2966666666666667 0.068125 0.09666666666666666
0 0.779375 0.87125 0.0775 0.0725
0 0.2846875 0.11166666666666666 0.058125 0.08333333333333333
0 0.8871875 0.9025 0.075625 0.08166666666666667
0 0.4734375 0.8454166666666667 0.070625 0.10583333333333333
1 0.4675 0.5558333333333333 0.0775 0.12
1 0.8559375 0.3466666666666667 0.058125 0.07833333333333334
0 0.855 0.9016666666666666 0.05125 0.08
0 0.3971875 0.4066666666666667 0.056875 0.07166666666666667