0 0.1646875 0.3883333333333333 0.060625 0.085
0 0.278125 0.40541666666666665 0.055 0.08416666666666667
0 0.541875 0.9395833333333333 0.06375 0.09416666666666666
0 0.46375 0.8704166666666666 0.055 0.08416666666666667
0 0.645 0.4683333333333333 0.07375 0.08666666666666667
0 0.5703125 0.8004166666666667 0.064375 0.08583333333333333
0 0.7909375 0.6520833333333333 0.061875 0.0925
0 0.5078125 0.7491666666666666 0.043125 0.085
0 0.7209375 0.5854166666666667 0.054375 0.08083333333333333
0 0.7121875 0.12916666666666668 0.068125 0.09666666666666666
0 0.66875 0.9283333333333333 0.05875 0.08
0 0.4196875 0.60125 0.079375 0.10416666666666667
0 0.675 0.5604166666666667 0.04125 0.0675
0 0.5671875 0.71375 0.081875 0.09916666666666667