0 0.250625 0.58625 0.11 0.1475
0 0.561875 0.37833333333333335 0.1075 0.14333333333333334
0 0.7815625 0.33458333333333334 0.115625 0.15416666666666667
0 0.3175 0.7366666666666667 0.105 0.14
0 0.5559375 0.7408333333333333 0.094375 0.12666666666666668
0 0.2971875 0.19916666666666666 0.104375 0.13833333333333334
0 0.73375 0.18666666666666668 0.10875 0.145
0 0.5190625 0.11583333333333333 0.106875 0.14333333333333334
0 0.8153125 0.5795833333333333 0.105625 0.14083333333333334
0 0.248125 0.08125 0.1 0.13416666666666666
0 0.29 0.40291666666666665 0.1075 0.14416666666666667
0 0.5934375 0.65875 0.108125 0.14416666666666667
0 0.6246875 0.4008333333333333 0.095625 0.12666666666666668
0 0.42 0.9316666666666666 0.095 0.12666666666666668
0 0.56875 0.2125 0.10375 0.13833333333333334
0 0.6971875 0.4170833333333333 0.100625 0.13416666666666666
0 0.1534375 0.5420833333333334 0.099375 0.1325
0 0.3571875 0.6570833333333334 0.108125 0.14416666666666667
0 0.37875 0.85125 0.1075 0.1425
0 0.6196875 0.8254166666666667 0.106875 0.1425
0 0.8771875 0.5595833333333333 0.100625 0.13416666666666666
0 0.5696875 0.8845833333333334 0.084375 0.1125
0 0.2559375 0.50625 0.108125 0.14416666666666667
0 0.3525 0.12541666666666668 0.105 0.13916666666666666
0 0.3259375 0.5420833333333334 0.099375 0.1325
0 0.680625 0.5433333333333333 0.105 0.14
0 0.635 0.5941666666666666 0.1125 0.15