0 0.6465625 0.545 0.063125 0.08666666666666667
0 0.18125 0.7570833333333333 0.07 0.0925
0 0.8115625 0.8770833333333333 0.069375 0.08583333333333333
0 0.200625 0.26875 0.06625 0.0775
0 0.29 0.6775 0.07875 0.09333333333333334
0 0.4321875 0.7679166666666667 0.080625 0.10416666666666667
0 0.809375 0.28875 0.0725 0.08416666666666667
0 0.2321875 0.4683333333333333 0.069375 0.09166666666666666
0 0.2421875 0.5858333333333333 0.070625 0.09333333333333334
0 0.39625 0.3904166666666667 0.0775 0.1025
0 0.8265625 0.7729166666666667 0.066875 0.0925
0 0.26125 0.8225 0.065 0.085
0 0.7490625 0.5970833333333333 0.066875 0.08583333333333333
0 0.171875 0.6391666666666667 0.06125 0.10166666666666667
0 0.5328125 0.7529166666666667 0.075625 0.09583333333333334
0 0.77 0.12666666666666668 0.075 0.09833333333333333
0 0.1828125 0.3875 0.068125 0.08833333333333333
0 0.7440625 0.23583333333333334 0.073125 0.09666666666666666
0 0.6878125 0.7891666666666667 0.078125 0.085
0 0.393125 0.24208333333333334 0.06625 0.11583333333333333
0 0.3946875 0.08458333333333333 0.070625 0.10083333333333333
0 0.6465625 0.15041666666666667 0.065625 0.08416666666666667
0 0.651875 0.049166666666666664 0.08875 0.09833333333333333
0 0.830625 0.10125 0.0625 0.0775
0 0.168125 0.49541666666666667 0.07375 0.0875
0 0.8328125 0.19708333333333333 0.075625 0.09083333333333334
0 0.8390625 0.5583333333333333 0.069375 0.09333333333333334
0 0.7009375 0.6870833333333334 0.083125 0.09416666666666666
0 0.5259375 0.17291666666666666 0.079375 0.10583333333333333
0 0.8128125 0.4225 0.075625 0.085
0 0.756875 0.42041666666666666 0.065 0.10083333333333333
0 0.6334375 0.8679166666666667 0.070625 0.0925
0 0.328125 0.2525 0.0475 0.075
0 0.479375 0.17166666666666666 0.08 0.10833333333333334
0 0.58 0.6679166666666667 0.07375 0.09916666666666667
1 0.438125 0.5495833333333333 0.09 0.12583333333333332
0 0.755 0.7141666666666666 0.075 0.09666666666666666