0 0.2484375 0.7783333333333333 0.074375 0.095
0 0.6378125 0.32083333333333336 0.073125 0.08666666666666667
0 0.8009375 0.67125 0.064375 0.0825
0 0.615625 0.9058333333333334 0.0575 0.08333333333333333
0 0.3903125 0.6220833333333333 0.066875 0.07583333333333334
0 0.4215625 0.8566666666666667 0.068125 0.09333333333333334
0 0.45875 0.13833333333333334 0.07375 0.09166666666666666
0 0.3609375 0.4625 0.075625 0.09333333333333334
0 0.61375 0.40625 0.0675 0.09083333333333334
0 0.4003125 0.060833333333333336 0.061875 0.08166666666666667
0 0.4771875 0.5245833333333333 0.076875 0.09583333333333334
0 0.7140625 0.8004166666666667 0.060625 0.08083333333333333
0 0.330625 0.7533333333333333 0.0675 0.09333333333333334
0 0.160625 0.32375 0.0625 0.08083333333333333
0 0.489375 0.3475 0.0525 0.08
0 0.823125 0.8508333333333333 0.06375 0.095
0 0.1771875 0.725 0.056875 0.08833333333333333
0 0.6590625 0.48625 0.070625 0.08583333333333333
0 0.78875 0.5054166666666666 0.07875 0.1125
0 0.544375 0.8670833333333333 0.07375 0.10583333333333333
0 0.5753125 0.50625 0.079375 0.11083333333333334
0 0.405 0.7170833333333333 0.07 0.08916666666666667
0 0.3959375 0.5558333333333333 0.066875 0.08666666666666667
0 0.600625 0.08833333333333333 0.06 0.08666666666666667
0 0.34375 0.8670833333333333 0.06875 0.10416666666666667
0 0.351875 0.11041666666666666 0.06125 0.0725
0 0.6703125 0.11458333333333333 0.055625 0.0625
0 0.3634375 0.20958333333333334 0.073125 0.09583333333333334
0 0.519375 0.415 0.075 0.06
0 0.5728125 0.73375 0.064375 0.08083333333333333
0 0.79625 0.18 0.07 0.09333333333333334
0 0.6934375 0.8995833333333333 0.075625 0.10416666666666667
0 0.536875 0.13416666666666666 0.0575 0.08833333333333333
0 0.8246875 0.14333333333333334 0.074375 0.09333333333333334
0 0.8090625 0.7570833333333333 0.078125 0.11083333333333334
0 0.2371875 0.18875 0.076875 0.09583333333333334
0 0.7584375 0.8120833333333334 0.048125 0.12416666666666666
0 0.2690625 0.14041666666666666 0.069375 0.1025
0 0.563125 0.6445833333333333 0.0925 0.11083333333333334
0 0.1628125 0.5116666666666667 0.073125 0.08
0 0.1728125 0.65125 0.084375 0.08083333333333333
0 0.225 0.13708333333333333 0.05875 0.08583333333333333
1 0.704375 0.16958333333333334 0.10125 0.11583333333333333
0 0.1528125 0.09625 0.048125 0.08583333333333333
0 0.3878125 0.19833333333333333 0.061875 0.08