0 0.3590625 0.6466666666666666 0.110625 0.14666666666666667
0 0.8578125 0.12958333333333333 0.111875 0.14916666666666667
0 0.1665625 0.77 0.109375 0.145
0 0.6596875 0.2504166666666667 0.100625 0.13416666666666666
0 0.241875 0.5929166666666666 0.105 0.14083333333333334
0 0.3940625 0.5545833333333333 0.110625 0.1475
0 0.745625 0.24916666666666668 0.09875 0.13166666666666665
0 0.1096875 0.61625 0.115625 0.15416666666666667
0 0.8865625 0.4579166666666667 0.096875 0.12916666666666668
0 0.875 0.6175 0.09875 0.13166666666666665
0 0.3140625 0.7520833333333333 0.093125 0.12416666666666666
0 0.1059375 0.5125 0.109375 0.145
0 0.2446875 0.23875 0.109375 0.14583333333333334
0 0.5790625 0.76625 0.099375 0.1325
0 0.81875 0.39916666666666667 0.10125 0.135
0 0.2321875 0.90125 0.110625 0.1475
0 0.6340625 0.39916666666666667 0.108125 0.14333333333333334
0 0.5421875 0.09625 0.084375 0.1125
0 0.379375 0.2808333333333333 0.1025 0.13666666666666666
0 0.79125 0.6908333333333333 0.1025 0.13666666666666666
0 0.2271875 0.35541666666666666 0.105625 0.14083333333333334
0 0.4096875 0.7645833333333333 0.120625 0.16083333333333333
0 0.70375 0.325 0.1 0.13333333333333333
0 0.51 0.7558333333333334 0.1025 0.13666666666666666
0 0.1621875 0.5716666666666667 0.099375 0.13166666666666665
0 0.5515625 0.3720833333333333 0.111875 0.14916666666666667
0 0.499375 0.455 0.10375 0.13833333333333334
0 0.51875 0.26958333333333334 0.11375 0.15083333333333335
0 0.315625 0.34 0.10625 0.14166666666666666
0 0.273125 0.3104166666666667 0.1075 0.14416666666666667
0 0.693125 0.10375 0.1125 0.14916666666666667
0 0.2134375 0.5083333333333333 0.093125 0.125
0 0.14125 0.8629166666666667 0.1 0.13416666666666666
0 0.8228125 0.47708333333333336 0.100625 0.13416666666666666
0 0.688125 0.4633333333333333 0.10625 0.14166666666666666
0 0.3884375 0.33916666666666667 0.108125 0.145
0 0.5128125 0.18291666666666667 0.104375 0.13916666666666666
0 0.719375 0.14291666666666666 0.1 0.13416666666666666
0 0.4409375 0.28541666666666665 0.095625 0.1275
0 0.4515625 0.3179166666666667 0.108125 0.14416666666666667
0 0.745625 0.7604166666666666 0.08625 0.11583333333333333
0 0.4740625 0.8970833333333333 0.095625 0.1275
0 0.4734375 0.24 0.109375 0.14666666666666667