0 0.5478125 0.76375 0.069375 0.08916666666666667
0 0.549375 0.6554166666666666 0.07 0.0925
0 0.4525 0.6091666666666666 0.07 0.09333333333333334
0 0.6046875 0.5175 0.064375 0.09
0 0.735 0.9383333333333334 0.065 0.08
0 0.4928125 0.44333333333333336 0.069375 0.09
0 0.57375 0.8679166666666667 0.065 0.0975
0 0.765625 0.8525 0.07125 0.095
0 0.5128125 0.8545833333333334 0.060625 0.0875
0 0.21625 0.415 0.07375 0.08666666666666667
0 0.198125 0.31708333333333333 0.0675 0.09916666666666667
0 0.17 0.49125 0.07 0.0975
0 0.3846875 0.8941666666666667 0.071875 0.08833333333333333
0 0.531875 0.5325 0.075 0.08666666666666667
0 0.3659375 0.2675 0.071875 0.085
0 0.6678125 0.5941666666666666 0.068125 0.08833333333333333
0 0.3390625 0.8191666666666667 0.063125 0.09333333333333334
0 0.8103125 0.9295833333333333 0.064375 0.08916666666666667
0 0.3940625 0.11416666666666667 0.066875 0.08833333333333333
0 0.6721875 0.3566666666666667 0.066875 0.08333333333333333
0 0.6846875 0.2633333333333333 0.063125 0.08
0 0.4103125 0.34958333333333336 0.069375 0.08583333333333333
0 0.230625 0.8941666666666667 0.06375 0.08833333333333333
0 0.24875 0.2425 0.07 0.08833333333333333
0 0.26625 0.46458333333333335 0.06875 0.1025
0 0.6190625 0.9458333333333333 0.066875 0.08666666666666667
0 0.8209375 0.08958333333333333 0.068125 0.0825
0 0.3775 0.43083333333333335 0.065 0.085
0 0.6215625 0.7475 0.073125 0.095
0 0.635 0.18291666666666667 0.0675 0.07416666666666667
0 0.489375 0.70875 0.04875 0.0975
0 0.6953125 0.8545833333333334 0.061875 0.0875
0 0.4146875 0.5104166666666666 0.068125 0.0825
0 0.6934375 0.12458333333333334 0.078125 0.0925
0 0.28625 0.6233333333333333 0.06125 0.085
0 0.44 0.19541666666666666 0.06125 0.0875
0 0.4296875 0.7554166666666666 0.069375 0.0875
0 0.8246875 0.5604166666666667 0.065625 0.07916666666666666
0 0.7828125 0.70125 0.070625 0.09083333333333334
0 0.2825 0.8925 0.065 0.09
0 0.48625 0.8933333333333333 0.06375 0.09333333333333334
0 0.22 0.7454166666666666 0.07 0.0825
0 0.240625 0.6658333333333334 0.0625 0.09166666666666666
0 0.778125 0.16916666666666666 0.055 0.09333333333333334
0 0.729375 0.62125 0.065 0.08583333333333333
0 0.3384375 0.15208333333333332 0.065625 0.08416666666666667
0 0.5171875 0.32166666666666666 0.071875 0.07166666666666667
0 0.6015625 0.06333333333333334 0.061875 0.08333333333333333
0 0.2021875 0.15958333333333333 0.060625 0.0725
0 0.750625 0.215 0.05125 0.08833333333333333
0 0.81125 0.4241666666666667 0.0625 0.08
0 0.5684375 0.4275 0.064375 0.07666666666666666
0 0.438125 0.8170833333333334 0.05875 0.08916666666666667
0 0.296875 0.7429166666666667 0.0575 0.09083333333333334
0 0.5134375 0.175 0.064375 0.07666666666666666
0 0.59625 0.3695833333333333 0.065 0.0875
0 0.6328125 0.8216666666666667 0.061875 0.10833333333333334
0 0.2128125 0.5729166666666666 0.061875 0.07916666666666666
0 0.295625 0.3904166666666667 0.0725 0.08916666666666667
0 0.3284375 0.04541666666666667 0.061875 0.07916666666666666
0 0.661875 0.4583333333333333 0.06 0.08
0 0.1846875 0.83125 0.069375 0.08916666666666667
0 0.2371875 0.11333333333333333 0.068125 0.07833333333333334
0 0.158125 0.7620833333333333 0.06125 0.08916666666666667
0 0.484375 0.34041666666666665 0.06125 0.0975
0 0.7346875 0.4658333333333333 0.066875 0.09166666666666666
0 0.1603125 0.6075 0.056875 0.07333333333333333
0 0.5765625 0.10041666666666667 0.066875 0.0875
0 0.17 0.88 0.05625 0.11166666666666666
0 0.1609375 0.09416666666666666 0.068125 0.08
0 0.326875 0.54875 0.065 0.10583333333333333
0 0.383125 0.67375 0.04125 0.08416666666666667
0 0.641875 0.6508333333333334 0.07 0.09833333333333333
1 0.3353125 0.6920833333333334 0.054375 0.1125
0 0.3225 0.37083333333333335 0.065 0.085
0 0.159375 0.6579166666666667 0.0575 0.07083333333333333
0 0.2790625 0.05333333333333334 0.064375 0.07166666666666667
0 0.2521875 0.07916666666666666 0.055625 0.09
0 0.5165625 0.22083333333333333 0.055625 0.07666666666666666
0 0.61625 0.20458333333333334 0.055 0.0725
0 0.6878125 0.43666666666666665 0.063125 0.06333333333333334
0 0.7334375 0.51375 0.056875 0.08416666666666667
0 0.8134375 0.45625 0.056875 0.07583333333333334
0 0.745 0.07541666666666667 0.0575 0.06416666666666666
0 0.365625 0.5725 0.07875 0.05333333333333334
0 0.36625 0.7295833333333334 0.04875 0.06916666666666667
0 0.3259375 0.28 0.071875 0.06833333333333333