0 0.1275 0.6820833333333334 0.06375 0.08416666666666667
0 0.071875 0.4691666666666667 0.0775 0.08666666666666667
0 0.930625 0.8720833333333333 0.0775 0.1025
0 0.0596875 0.6920833333333334 0.059375 0.0825
0 0.428125 0.8045833333333333 0.07875 0.10083333333333333
0 0.88875 0.5083333333333333 0.06 0.08333333333333333
0 0.3484375 0.18666666666666668 0.069375 0.095
0 0.2746875 0.17583333333333334 0.070625 0.09166666666666666
0 0.330625 0.08583333333333333 0.07125 0.09833333333333333
0 0.574375 0.16791666666666666 0.06875 0.09583333333333334
0 0.924375 0.4075 0.06 0.1
0 0.7884375 0.07458333333333333 0.073125 0.10583333333333333
0 0.52125 0.6 0.08375 0.11
0 0.7190625 0.04833333333333333 0.070625 0.095
0 0.6815625 0.6191666666666666 0.069375 0.085
0 0.6290625 0.40291666666666665 0.056875 0.08916666666666667
0 0.7253125 0.68125 0.071875 0.0975
0 0.7453125 0.74625 0.069375 0.0925
0 0.61375 0.5520833333333334 0.06875 0.0925
0 0.7059375 0.15875 0.074375 0.09916666666666667
0 0.380625 0.35083333333333333 0.0725 0.09666666666666666
0 0.428125 0.7266666666666667 0.07375 0.07666666666666666
0 0.5896875 0.31833333333333336 0.080625 0.10166666666666667
0 0.9453125 0.5916666666666667 0.071875 0.08833333333333333
0 0.2415625 0.8404166666666667 0.079375 0.1075
0 0.2578125 0.5479166666666667 0.074375 0.10083333333333333
0 0.5309375 0.22666666666666666 0.066875 0.085
0 0.5475 0.8520833333333333 0.07 0.1125
0 0.4925 0.14458333333333334 0.07375 0.10416666666666667
0 0.4653125 0.6654166666666667 0.078125 0.11916666666666667
0 0.966875 0.53125 0.06375 0.10083333333333333
0 0.656875 0.7875 0.085 0.105
0 0.6625 0.2891666666666667 0.07125 0.09166666666666666
0 0.8346875 0.2529166666666667 0.075625 0.09416666666666666
0 0.174375 0.08208333333333333 0.07125 0.07916666666666666
0 0.6934375 0.51375 0.069375 0.10583333333333333
0 0.115625 0.8741666666666666 0.07875 0.10666666666666667
0 0.1271875 0.92375 0.078125 0.09916666666666667
0 0.65 0.39208333333333334 0.05625 0.0875
0 0.730625 0.37833333333333335 0.06625 0.09166666666666666
0 0.3646875 0.6354166666666666 0.066875 0.08583333333333333
0 0.1834375 0.2579166666666667 0.070625 0.0925
0 0.365625 0.81 0.07875 0.10166666666666667
0 0.7778125 0.8870833333333333 0.070625 0.08416666666666667
0 0.29875 0.46958333333333335 0.0625 0.0925
0 0.69875 0.8245833333333333 0.0675 0.0925
0 0.415 0.14291666666666666 0.07625 0.09083333333333334
0 0.2421875 0.6845833333333333 0.061875 0.08083333333333333
0 0.844375 0.38333333333333336 0.07625 0.105
0 0.235 0.04666666666666667 0.0675 0.09166666666666666
0 0.418125 0.575 0.075 0.1
0 0.730625 0.27708333333333335 0.0625 0.0925
0 0.0559375 0.05291666666666667 0.079375 0.09416666666666666
0 0.154375 0.62375 0.07125 0.0975
0 0.9090625 0.225 0.070625 0.07833333333333334
0 0.42375 0.9008333333333334 0.07375 0.08833333333333333
0 0.3428125 0.615 0.066875 0.08833333333333333
0 0.72875 0.905 0.07 0.08833333333333333
1 0.191875 0.5270833333333333 0.0775 0.1175
0 0.905625 0.18625 0.065 0.09083333333333334
0 0.3059375 0.5304166666666666 0.073125 0.08916666666666667
0 0.8753125 0.16958333333333334 0.064375 0.1075
0 0.20875 0.5958333333333333 0.0675 0.06666666666666667