0 0.335625 0.6020833333333333 0.09375 0.12583333333333332
0 0.7953125 0.33791666666666664 0.088125 0.1175
0 0.865 0.42916666666666664 0.09375 0.125
0 0.6075 0.3670833333333333 0.0875 0.1175
0 0.14125 0.265 0.1025 0.13666666666666666
0 0.4775 0.7225 0.095 0.12666666666666668
0 0.8728125 0.7754166666666666 0.098125 0.13083333333333333
0 0.185625 0.48625 0.1 0.1325
0 0.4240625 0.09375 0.078125 0.10416666666666667
0 0.2478125 0.07583333333333334 0.088125 0.11666666666666667
0 0.6496875 0.6958333333333333 0.090625 0.12
0 0.6640625 0.91375 0.109375 0.14583333333333334
0 0.33125 0.7091666666666666 0.09375 0.125
0 0.895 0.5891666666666666 0.08375 0.11166666666666666
0 0.0790625 0.3129166666666667 0.099375 0.1325
0 0.5028125 0.625 0.081875 0.10833333333333334
0 0.4340625 0.19208333333333333 0.086875 0.11583333333333333
0 0.58375 0.11708333333333333 0.10125 0.13416666666666666
0 0.41125 0.37833333333333335 0.10125 0.135
0 0.81625 0.6458333333333334 0.0975 0.13
0 0.2990625 0.8133333333333334 0.091875 0.12166666666666667
0 0.6690625 0.55625 0.090625 0.12083333333333333
0 0.531875 0.4791666666666667 0.1 0.13333333333333333
0 0.3021875 0.5491666666666667 0.090625 0.12166666666666667
0 0.483125 0.5716666666666667 0.08375 0.11166666666666666
0 0.5884375 0.44416666666666665 0.091875 0.12333333333333334
0 0.58 0.5241666666666667 0.08125 0.10833333333333334
0 0.078125 0.58 0.095 0.12666666666666668
0 0.4825 0.4354166666666667 0.09 0.11916666666666667
0 0.7821875 0.6816666666666666 0.088125 0.11833333333333333
0 0.7709375 0.21291666666666667 0.088125 0.1175
1 0.473125 0.8083333333333333 0.12375 0.165
0 0.3996875 0.18333333333333332 0.094375 0.12666666666666668
0 0.35375 0.775 0.09625 0.12833333333333333
0 0.166875 0.075 0.0975 0.13
0 0.85375 0.5908333333333333 0.0925 0.12333333333333334
0 0.65875 0.16333333333333333 0.0775 0.10333333333333333
0 0.7375 0.8966666666666666 0.085 0.11333333333333333