0 0.74375 0.4225 0.06125 0.09666666666666666
0 0.4809375 0.10333333333333333 0.071875 0.09333333333333334
0 0.400625 0.24125 0.0725 0.09916666666666667
0 0.7334375 0.31583333333333335 0.080625 0.09333333333333334
0 0.3584375 0.31416666666666665 0.068125 0.08333333333333333
0 0.2634375 0.20208333333333334 0.071875 0.0925
0 0.185 0.21208333333333335 0.07625 0.10583333333333333
0 0.65 0.8191666666666667 0.075 0.10333333333333333
0 0.225 0.5145833333333333 0.06375 0.09416666666666666
0 0.821875 0.5225 0.06 0.08666666666666667
0 0.6834375 0.47 0.071875 0.11666666666666667
0 0.3459375 0.62375 0.063125 0.08583333333333333
0 0.3209375 0.43 0.074375 0.11333333333333333
0 0.2590625 0.7658333333333334 0.066875 0.08833333333333333
0 0.263125 0.3958333333333333 0.06 0.08333333333333333
0 0.360625 0.7145833333333333 0.05375 0.09083333333333334
0 0.4453125 0.8625 0.073125 0.09
0 0.714375 0.61875 0.06875 0.09916666666666667
0 0.4915625 0.46458333333333335 0.074375 0.10583333333333333
0 0.5953125 0.48291666666666666 0.076875 0.10083333333333333
0 0.730625 0.8166666666666667 0.06625 0.11
0 0.375 0.13041666666666665 0.07 0.0975
0 0.7903125 0.8779166666666667 0.065625 0.10583333333333333
0 0.2821875 0.5645833333333333 0.076875 0.09583333333333334
0 0.7975 0.36375 0.06625 0.1075
0 0.35625 0.535 0.07375 0.09666666666666666
0 0.4334375 0.6170833333333333 0.064375 0.0925
0 0.626875 0.6095833333333334 0.06625 0.08583333333333333
0 0.803125 0.6091666666666666 0.0625 0.085
0 0.2853125 0.6783333333333333 0.066875 0.09833333333333333
0 0.655 0.1625 0.06625 0.1
0 0.6240625 0.7241666666666666 0.070625 0.10333333333333333
0 0.7159375 0.9479166666666666 0.055625 0.08416666666666667
0 0.4346875 0.5625 0.073125 0.09333333333333334
0 0.448125 0.33125 0.075 0.09083333333333334
0 0.67625 0.5670833333333334 0.05875 0.08083333333333333
0 0.635 0.2925 0.07875 0.09
1 0.6228125 0.4025 0.088125 0.11666666666666667
0 0.81625 0.6716666666666666 0.0825 0.09833333333333333
0 0.5553125 0.145 0.069375 0.09333333333333334
0 0.24625 0.8633333333333333 0.0675 0.1
0 0.3459375 0.9354166666666667 0.064375 0.0925
0 0.32 0.2425 0.065 0.08833333333333333
0 0.198125 0.94625 0.055 0.0725
0 0.4490625 0.5379166666666667 0.061875 0.0775
0 0.4759375 0.18666666666666668 0.058125 0.07333333333333333
0 0.7128125 0.13 0.080625 0.105
0 0.5628125 0.6979166666666666 0.070625 0.09583333333333334
0 0.2053125 0.3525 0.070625 0.09833333333333333
0 0.7609375 0.09125 0.070625 0.08916666666666667
0 0.5 0.58125 0.05625 0.08916666666666667
0 0.6009375 0.225 0.076875 0.09833333333333333
0 0.238125 0.31916666666666665 0.05875 0.07833333333333334
0 0.8175 0.7525 0.07 0.09333333333333334
0 0.4175 0.7091666666666666 0.07625 0.09166666666666666
0 0.455 0.7075 0.0725 0.09666666666666666
0 0.1596875 0.8995833333333333 0.059375 0.08416666666666667
0 0.209375 0.8591666666666666 0.05625 0.10333333333333333
0 0.396875 0.9066666666666666 0.0625 0.08333333333333333
0 0.5503125 0.20791666666666667 0.063125 0.09583333333333334
0 0.2740625 0.26416666666666666 0.059375 0.08166666666666667
0 0.5321875 0.7133333333333334 0.073125 0.105
0 0.58 0.6070833333333333 0.0575 0.08916666666666667
0 0.5528125 0.6241666666666666 0.061875 0.10166666666666667
0 0.6784375 0.8629166666666667 0.061875 0.0875