0 0.806875 0.8345833333333333 0.07 0.09583333333333334
0 0.72875 0.85375 0.0725 0.08916666666666667
0 0.8059375 0.3975 0.071875 0.08333333333333333
0 0.6940625 0.7816666666666666 0.073125 0.105
0 0.4459375 0.6083333333333333 0.074375 0.09666666666666666
0 0.61375 0.20791666666666667 0.07125 0.0925
0 0.3125 0.7745833333333333 0.065 0.08083333333333333
0 0.1884375 0.7 0.070625 0.08833333333333333
0 0.328125 0.8441666666666666 0.0775 0.08333333333333333
0 0.35375 0.9229166666666667 0.07625 0.08583333333333333
0 0.4759375 0.08083333333333333 0.078125 0.08666666666666667
0 0.486875 0.4816666666666667 0.075 0.09
0 0.449375 0.3854166666666667 0.06875 0.10583333333333333
0 0.17375 0.85875 0.08625 0.09583333333333334
0 0.5665625 0.05708333333333333 0.076875 0.09916666666666667
1 0.365 0.7466666666666667 0.09375 0.10333333333333333