0 0.369375 0.5283333333333333 0.07375 0.10666666666666667
0 0.219375 0.825 0.07 0.11
0 0.56125 0.365 0.065 0.10333333333333333
0 0.401875 0.82625 0.0725 0.10583333333333333
0 0.348125 0.32416666666666666 0.07875 0.095
0 0.7021875 0.23791666666666667 0.085625 0.10083333333333333
0 0.435 0.08916666666666667 0.075 0.10666666666666667
0 0.6928125 0.35291666666666666 0.079375 0.1175
0 0.623125 0.33375 0.07875 0.11916666666666667
0 0.6025 0.21875 0.0825 0.1025
0 0.5871875 0.05458333333333333 0.074375 0.09916666666666667
0 0.1746875 0.8891666666666667 0.071875 0.09333333333333334
0 0.8203125 0.7870833333333334 0.076875 0.1125
0 0.66625 0.8704166666666666 0.0825 0.09916666666666667
0 0.2859375 0.7591666666666667 0.063125 0.13666666666666666
0 0.5409375 0.84375 0.075625 0.1025
0 0.1990625 0.72125 0.078125 0.08916666666666667
0 0.206875 0.6658333333333334 0.07 0.095
0 0.4809375 0.24875 0.073125 0.09416666666666666
0 0.279375 0.13208333333333333 0.08 0.1075
0 0.44125 0.49291666666666667 0.075 0.11083333333333334
0 0.3296875 0.06416666666666666 0.083125 0.11
0 0.29 0.49583333333333335 0.0825 0.11166666666666666
0 0.3296875 0.8316666666666667 0.069375 0.11666666666666667
0 0.47625 0.90625 0.07125 0.10083333333333333
0 0.3809375 0.41791666666666666 0.079375 0.10583333333333333
0 0.7803125 0.5495833333333333 0.079375 0.10083333333333333
0 0.6325 0.11083333333333334 0.07 0.115
0 0.206875 0.25 0.06625 0.12333333333333334
0 0.1946875 0.3954166666666667 0.074375 0.10083333333333333
0 0.7271875 0.6204166666666666 0.075625 0.11916666666666667
0 0.354375 0.17875 0.0825 0.11583333333333333
1 0.240625 0.34125 0.065 0.12916666666666668
0 0.8053125 0.9404166666666667 0.068125 0.1125
0 0.6971875 0.14708333333333334 0.088125 0.10583333333333333
0 0.7090625 0.10583333333333333 0.084375 0.10666666666666667
0 0.744375 0.5233333333333333 0.075 0.11166666666666666
0 0.45875 0.83625 0.0575 0.1475