0 0.354375 0.36125 0.08625 0.11416666666666667
0 0.410625 0.23041666666666666 0.08375 0.1125
0 0.6953125 0.4245833333333333 0.089375 0.11916666666666667
0 0.753125 0.29083333333333333 0.09375 0.125
0 0.6603125 0.7916666666666666 0.105625 0.14166666666666666
0 0.335 0.23583333333333334 0.095 0.12666666666666668
0 0.2321875 0.8604166666666667 0.101875 0.13583333333333333
0 0.771875 0.4 0.09625 0.12833333333333333
0 0.561875 0.8229166666666666 0.085 0.11416666666666667
0 0.9240625 0.40375 0.099375 0.1325
0 0.5946875 0.5333333333333333 0.085625 0.115
0 0.4196875 0.33875 0.095625 0.1275
0 0.4746875 0.8745833333333334 0.090625 0.12083333333333333
0 0.3065625 0.8804166666666666 0.096875 0.12916666666666668
0 0.1796875 0.6254166666666666 0.089375 0.11916666666666667
0 0.6309375 0.3804166666666667 0.089375 0.11916666666666667
0 0.658125 0.10083333333333333 0.115 0.15333333333333332
0 0.6796875 0.18791666666666668 0.083125 0.11083333333333334
0 0.374375 0.9008333333333334 0.08375 0.11166666666666666
0 0.463125 0.5791666666666667 0.07875 0.105
0 0.6503125 0.5870833333333333 0.094375 0.12583333333333332
0 0.3003125 0.40958333333333335 0.084375 0.1125
0 0.1678125 0.71125 0.086875 0.11583333333333333
0 0.26125 0.1875 0.0925 0.12333333333333334
0 0.4978125 0.72625 0.090625 0.12083333333333333
0 0.1184375 0.57625 0.079375 0.10583333333333333
0 0.74375 0.7008333333333333 0.095 0.12666666666666668
0 0.52375 0.10666666666666667 0.08875 0.11833333333333333
0 0.91125 0.25166666666666665 0.08875 0.11833333333333333
0 0.053125 0.7083333333333334 0.0825 0.11
0 0.2315625 0.5329166666666667 0.090625 0.12083333333333333
0 0.624375 0.86 0.085 0.11333333333333333
0 0.5115625 0.6420833333333333 0.098125 0.13083333333333333
0 0.4134375 0.42833333333333334 0.080625 0.10666666666666667
0 0.3390625 0.14625 0.089375 0.11916666666666667
0 0.8146875 0.2529166666666667 0.085625 0.11416666666666667
1 0.5959375 0.4504166666666667 0.093125 0.12416666666666666
0 0.5134375 0.9354166666666667 0.083125 0.11083333333333334
0 0.3953125 0.5191666666666667 0.083125 0.11166666666666666
0 0.470625 0.44708333333333333 0.07125 0.09583333333333334
0 0.1596875 0.3770833333333333 0.088125 0.1175
0 0.86375 0.205 0.07375 0.09833333333333333
0 0.5025 0.18 0.0775 0.10333333333333333
0 0.5890625 0.59625 0.096875 0.12916666666666668
0 0.8596875 0.3645833333333333 0.081875 0.10916666666666666
0 0.450625 0.2175 0.1 0.13333333333333333
0 0.749375 0.64375 0.09875 0.13083333333333333
0 0.35125 0.27208333333333334 0.0925 0.1225
0 0.13625 0.8295833333333333 0.08375 0.11083333333333334
0 0.161875 0.5408333333333334 0.08125 0.10833333333333334
0 0.7615625 0.5716666666666667 0.075625 0.10166666666666667
0 0.2646875 0.27625 0.078125 0.10416666666666667
0 0.3003125 0.5858333333333333 0.079375 0.10666666666666667
0 0.578125 0.1 0.06875 0.09166666666666666
0 0.8325 0.6325 0.0975 0.13
0 0.3834375 0.6154166666666666 0.088125 0.1175
0 0.2384375 0.4170833333333333 0.083125 0.11083333333333334
0 0.6253125 0.23833333333333334 0.071875 0.09666666666666666
0 0.761875 0.20458333333333334 0.08 0.1075
0 0.593125 0.63 0.08875 0.11833333333333333
0 0.38125 0.8629166666666667 0.085 0.11416666666666667
0 0.468125 0.5166666666666667 0.08125 0.10833333333333334
0 0.26375 0.3625 0.09125 0.12166666666666667
0 0.50625 0.46 0.0875 0.11666666666666667
0 0.796875 0.6441666666666667 0.095 0.12666666666666668
0 0.2003125 0.3545833333333333 0.071875 0.09583333333333334
0 0.7103125 0.5429166666666667 0.085625 0.11416666666666667
1 0.3678125 0.78875 0.115625 0.15416666666666667
0 0.4271875 0.74 0.073125 0.09666666666666666
0 0.494375 0.8466666666666667 0.085 0.11333333333333333
0 0.0771875 0.46291666666666664 0.070625 0.09416666666666666
0 0.2275 0.73 0.07 0.09333333333333334
0 0.535 0.3879166666666667 0.0725 0.09583333333333334
0 0.491875 0.3883333333333333 0.07125 0.095
0 0.266875 0.44 0.0875 0.11666666666666667
0 0.3953125 0.8329166666666666 0.079375 0.10583333333333333
0 0.3484375 0.5679166666666666 0.068125 0.09083333333333334
0 0.440625 0.5833333333333334 0.08 0.10666666666666667
0 0.7175 0.34125 0.06625 0.08916666666666667