0 0.318125 0.20333333333333334 0.06125 0.08666666666666667
0 0.1234375 0.8725 0.066875 0.08666666666666667
0 0.1796875 0.5379166666666667 0.064375 0.0925
0 0.5209375 0.13375 0.061875 0.08416666666666667
0 0.1584375 0.15083333333333335 0.068125 0.09166666666666666
0 0.9196875 0.67625 0.059375 0.09083333333333334
0 0.7909375 0.175 0.073125 0.1
0 0.5425 0.23583333333333334 0.065 0.09
0 0.3740625 0.4425 0.070625 0.08333333333333333
0 0.443125 0.6745833333333333 0.07375 0.08916666666666667
0 0.28125 0.36666666666666664 0.0675 0.08333333333333333
0 0.2721875 0.6108333333333333 0.068125 0.085
0 0.36375 0.8091666666666667 0.055 0.07833333333333334
0 0.333125 0.92125 0.0625 0.08916666666666667
0 0.4109375 0.3229166666666667 0.058125 0.08416666666666667
0 0.624375 0.19541666666666666 0.06 0.0925
0 0.573125 0.8308333333333333 0.07125 0.085
0 0.8925 0.85125 0.0725 0.0825
0 0.1959375 0.7445833333333334 0.065625 0.09583333333333334
0 0.089375 0.42083333333333334 0.065 0.08333333333333333
0 0.535 0.45416666666666666 0.07 0.09
0 0.396875 0.7458333333333333 0.06875 0.085
0 0.8653125 0.5208333333333334 0.073125 0.09666666666666666
1 0.306875 0.48583333333333334 0.07625 0.11
0 0.8384375 0.4091666666666667 0.065625 0.09
0 0.731875 0.56375 0.07 0.08416666666666667
0 0.243125 0.26708333333333334 0.06375 0.09416666666666666
0 0.4375 0.17875 0.0675 0.08916666666666667
0 0.3953125 0.53875 0.059375 0.0925
0 0.1540625 0.3329166666666667 0.065625 0.0975
0 0.328125 0.29083333333333333 0.0675 0.09
0 0.248125 0.81375 0.07375 0.09583333333333334
0 0.9453125 0.9354166666666667 0.059375 0.0975
0 0.574375 0.5775 0.065 0.095
0 0.6134375 0.46291666666666664 0.064375 0.1175
0 0.8671875 0.36125 0.063125 0.10916666666666666
0 0.7503125 0.05 0.066875 0.085
0 0.0390625 0.5025 0.073125 0.08833333333333333
1 0.370625 0.17541666666666667 0.075 0.12083333333333333