0 0.703125 0.8216666666666667 0.075 0.105
0 0.523125 0.3933333333333333 0.085 0.10833333333333334
0 0.7571875 0.2579166666666667 0.074375 0.1025
0 0.4971875 0.8770833333333333 0.073125 0.0925
0 0.516875 0.53875 0.075 0.10916666666666666
0 0.268125 0.425 0.075 0.10333333333333333
0 0.669375 0.41458333333333336 0.06625 0.10583333333333333
0 0.3453125 0.3229166666666667 0.079375 0.09083333333333334
0 0.2734375 0.19333333333333333 0.073125 0.10333333333333333
0 0.5628125 0.3129166666666667 0.083125 0.0975
0 0.8134375 0.11833333333333333 0.069375 0.08166666666666667
0 0.3165625 0.525 0.085625 0.09833333333333333
0 0.6128125 0.7558333333333334 0.084375 0.10666666666666667
0 0.5503125 0.16333333333333333 0.070625 0.085
0 0.2659375 0.7216666666666667 0.076875 0.10833333333333334
0 0.485625 0.6729166666666667 0.06625 0.10583333333333333
0 0.81 0.60625 0.07375 0.09416666666666666
0 0.82875 0.5195833333333333 0.08 0.10416666666666667
0 0.346875 0.6233333333333333 0.065 0.1
0 0.280625 0.8108333333333333 0.065 0.10166666666666667
0 0.6915625 0.33125 0.068125 0.1025
0 0.7146875 0.21833333333333332 0.073125 0.09833333333333333
0 0.415625 0.6716666666666666 0.075 0.10833333333333334
0 0.271875 0.6220833333333333 0.07875 0.1025
0 0.3546875 0.9079166666666667 0.088125 0.0875
0 0.5715625 0.8679166666666667 0.076875 0.10083333333333333
0 0.3909375 0.9345833333333333 0.068125 0.10416666666666667
0 0.8259375 0.42875 0.086875 0.10416666666666667
0 0.2228125 0.13125 0.071875 0.09083333333333334
0 0.7321875 0.4295833333333333 0.075625 0.09583333333333334
0 0.65875 0.5341666666666667 0.07125 0.105
0 0.27375 0.9154166666666667 0.0675 0.09916666666666667
0 0.7540625 0.92375 0.071875 0.1025
0 0.6221875 0.19541666666666666 0.075625 0.0875
0 0.3246875 0.81125 0.073125 0.10083333333333333
0 0.2271875 0.56 0.075625 0.105
0 0.6371875 0.225 0.070625 0.105
0 0.3575 0.15625 0.0625 0.0975
0 0.4496875 0.12791666666666668 0.081875 0.08916666666666667
0 0.7478125 0.5954166666666667 0.061875 0.0925
0 0.305 0.7141666666666666 0.07625 0.09833333333333333
0 0.58625 0.56375 0.06125 0.08583333333333333
0 0.5053125 0.06291666666666666 0.066875 0.09916666666666667
0 0.801875 0.3675 0.0775 0.07166666666666667
0 0.4221875 0.19708333333333333 0.069375 0.08416666666666667
0 0.726875 0.5095833333333334 0.07875 0.09583333333333334
0 0.7440625 0.5541666666666667 0.078125 0.08666666666666667