0 0.1240625 0.6075 0.118125 0.15833333333333333
0 0.7434375 0.63625 0.111875 0.14916666666666667
0 0.7240625 0.36125 0.109375 0.14583333333333334
0 0.121875 0.4345833333333333 0.1125 0.15083333333333335
0 0.1921875 0.7679166666666667 0.111875 0.14916666666666667
0 0.5740625 0.6004166666666667 0.105625 0.14083333333333334
0 0.644375 0.7670833333333333 0.11625 0.15416666666666667
0 0.3078125 0.7020833333333333 0.109375 0.14583333333333334
0 0.1325 0.6925 0.1125 0.15
0 0.665 0.27375 0.11375 0.15083333333333335
0 0.5484375 0.15125 0.105625 0.14083333333333334
0 0.445625 0.6325 0.1025 0.13666666666666666
0 0.4571875 0.34375 0.113125 0.15083333333333335
0 0.868125 0.23625 0.11125 0.1475
0 0.373125 0.8125 0.115 0.15333333333333332
0 0.3609375 0.59125 0.116875 0.15583333333333332
0 0.3825 0.6825 0.10625 0.14166666666666666
1 0.4775 0.11708333333333333 0.13875 0.18583333333333332
0 0.345625 0.8779166666666667 0.11625 0.15416666666666667
0 0.593125 0.2125 0.1075 0.14333333333333334
0 0.32375 0.78 0.10375 0.13833333333333334
0 0.7903125 0.09625 0.116875 0.15583333333333332
0 0.7296875 0.18791666666666668 0.115625 0.15416666666666667
0 0.738125 0.1325 0.1075 0.14333333333333334