0 0.60375 0.43666666666666665 0.06625 0.09166666666666666
0 0.4490625 0.8629166666666667 0.069375 0.0925
0 0.359375 0.93125 0.06875 0.07916666666666666
0 0.6884375 0.73 0.078125 0.09
0 0.758125 0.9195833333333333 0.07375 0.0975
0 0.2615625 0.23375 0.081875 0.08416666666666667
0 0.778125 0.38458333333333333 0.07125 0.08916666666666667
0 0.7140625 0.14583333333333334 0.065625 0.1
0 0.21125 0.6079166666666667 0.06625 0.09083333333333334
0 0.66375 0.4791666666666667 0.0675 0.09
0 0.5859375 0.1275 0.064375 0.07666666666666666
0 0.3553125 0.6158333333333333 0.060625 0.09333333333333334
0 0.39125 0.11333333333333333 0.065 0.08166666666666667
0 0.6040625 0.91125 0.073125 0.0875
0 0.685625 0.24333333333333335 0.06625 0.1
0 0.5128125 0.7820833333333334 0.066875 0.0875
0 0.468125 0.345 0.065 0.08666666666666667
0 0.1653125 0.87875 0.061875 0.09583333333333334
0 0.611875 0.22041666666666668 0.0725 0.09083333333333334
0 0.5090625 0.6820833333333334 0.063125 0.08583333333333333
0 0.659375 0.6425 0.065 0.085
0 0.77875 0.18208333333333335 0.065 0.08583333333333333
0 0.6690625 0.9345833333333333 0.060625 0.08583333333333333
0 0.8259375 0.12375 0.056875 0.09083333333333334
0 0.7925 0.5983333333333334 0.06375 0.08
0 0.5659375 0.2225 0.060625 0.08666666666666667
0 0.8075 0.8495833333333334 0.06 0.06916666666666667
0 0.7584375 0.5354166666666667 0.068125 0.0875
0 0.2034375 0.4725 0.069375 0.08333333333333333
0 0.309375 0.5279166666666667 0.07 0.0875
0 0.2225 0.8504166666666667 0.0625 0.10416666666666667
0 0.28375 0.8833333333333333 0.065 0.07166666666666667
0 0.5884375 0.7895833333333333 0.065625 0.0875
0 0.63625 0.09333333333333334 0.0625 0.095
0 0.706875 0.8195833333333333 0.06625 0.08416666666666667
0 0.466875 0.4429166666666667 0.06375 0.08583333333333333
0 0.23 0.06916666666666667 0.07875 0.08666666666666667
0 0.3090625 0.6975 0.073125 0.08833333333333333
0 0.785625 0.7229166666666667 0.0675 0.0875
0 0.5890625 0.5454166666666667 0.065625 0.09083333333333334
0 0.38375 0.34791666666666665 0.06625 0.08416666666666667
0 0.19 0.3525 0.06875 0.08666666666666667
0 0.7203125 0.5633333333333334 0.076875 0.085
0 0.3534375 0.7691666666666667 0.060625 0.08166666666666667
0 0.73625 0.3754166666666667 0.06375 0.08083333333333333
0 0.480625 0.2475 0.0675 0.07833333333333334
0 0.795 0.27291666666666664 0.07125 0.07916666666666666
0 0.7025 0.042083333333333334 0.0625 0.0825
0 0.6553125 0.2991666666666667 0.065625 0.09666666666666666
0 0.3259375 0.43291666666666667 0.069375 0.0825
0 0.7434375 0.47125 0.068125 0.07583333333333334
0 0.5809375 0.6979166666666666 0.061875 0.0725
0 0.750625 0.6579166666666667 0.06625 0.0725
0 0.5575 0.345 0.0675 0.085
0 0.5253125 0.95 0.063125 0.08166666666666667
0 0.2675 0.36833333333333335 0.07 0.07833333333333334
0 0.28125 0.5570833333333334 0.06875 0.0975
0 0.269375 0.08875 0.07125 0.0825
0 0.3478125 0.84 0.063125 0.075
0 0.6640625 0.8270833333333333 0.071875 0.09583333333333334
0 0.393125 0.5304166666666666 0.0625 0.0775
0 0.2628125 0.7708333333333334 0.055625 0.08166666666666667
0 0.4453125 0.7525 0.068125 0.1
0 0.5371875 0.49 0.074375 0.11166666666666666
0 0.3746875 0.2633333333333333 0.055625 0.07833333333333334
0 0.46125 0.5929166666666666 0.06125 0.0775
0 0.3490625 0.6854166666666667 0.060625 0.08916666666666667
0 0.50875 0.56125 0.06 0.0875
0 0.6225 0.5675 0.07 0.06166666666666667
0 0.23625 0.14 0.06875 0.058333333333333334
0 0.46625 0.14166666666666666 0.06375 0.08
0 0.5075 0.11666666666666667 0.065 0.09
0 0.4334375 0.7075 0.060625 0.08666666666666667
0 0.5359375 0.8595833333333334 0.088125 0.059166666666666666
0 0.835625 0.6820833333333334 0.06125 0.08916666666666667
1 0.3309375 0.17458333333333334 0.081875 0.1075
0 0.2009375 0.72 0.054375 0.095
0 0.7828125 0.8270833333333333 0.061875 0.0625
0 0.7690625 0.6954166666666667 0.054375 0.08916666666666667
0 0.850625 0.6304166666666666 0.04625 0.08916666666666667
0 0.735625 0.03166666666666667 0.05875 0.06166666666666667
0 0.7559375 0.2725 0.066875 0.075
0 0.53625 0.37166666666666665 0.0575 0.075
0 0.3046875 0.4483333333333333 0.060625 0.06666666666666667
0 0.2459375 0.3954166666666667 0.074375 0.0675
0 0.16375 0.38166666666666665 0.05625 0.07833333333333334
0 0.29 0.78 0.06125 0.08666666666666667
0 0.2253125 0.4875 0.073125 0.08
0 0.15375 0.5754166666666667 0.0475 0.0875
0 0.44 0.46291666666666664 0.055 0.07416666666666667
0 0.4071875 0.5583333333333333 0.058125 0.08166666666666667
0 0.435625 0.6108333333333333 0.05 0.09166666666666666
0 0.514375 0.91 0.06125 0.08166666666666667
0 0.1534375 0.09541666666666666 0.053125 0.07583333333333334
0 0.3890625 0.29583333333333334 0.063125 0.09333333333333334
0 0.373125 0.7475 0.05875 0.08333333333333333
0 0.66125 0.13916666666666666 0.05375 0.09333333333333334
0 0.585 0.6620833333333334 0.0575 0.08083333333333333
0 0.498125 0.21708333333333332 0.05875 0.06916666666666667