0 0.474375 0.6404166666666666 0.09375 0.12583333333333332
0 0.1478125 0.455 0.098125 0.13
0 0.2290625 0.4370833333333333 0.103125 0.1375
0 0.3946875 0.5691666666666667 0.105625 0.14
0 0.6853125 0.74125 0.084375 0.1125
0 0.475 0.135 0.11 0.14666666666666667
0 0.6134375 0.34708333333333335 0.101875 0.13583333333333333
0 0.5646875 0.40708333333333335 0.088125 0.1175
0 0.31625 0.5958333333333333 0.1125 0.15
0 0.123125 0.20958333333333334 0.09375 0.12583333333333332
0 0.8825 0.44166666666666665 0.09375 0.125
0 0.549375 0.17041666666666666 0.10375 0.1375
0 0.378125 0.175 0.10875 0.145
0 0.3796875 0.44375 0.103125 0.1375
0 0.2509375 0.3408333333333333 0.100625 0.13333333333333333
0 0.7246875 0.8379166666666666 0.108125 0.14416666666666667
0 0.4125 0.7891666666666667 0.10125 0.135
0 0.80375 0.81 0.10875 0.145
0 0.921875 0.5904166666666667 0.1075 0.1425
0 0.4590625 0.46791666666666665 0.103125 0.1375
0 0.611875 0.09791666666666667 0.115 0.1525
0 0.5115625 0.7858333333333334 0.104375 0.13833333333333334
0 0.3196875 0.4970833333333333 0.094375 0.12583333333333332
0 0.2303125 0.17166666666666666 0.114375 0.15166666666666667
0 0.6046875 0.6995833333333333 0.120625 0.16083333333333333
0 0.5146875 0.5304166666666666 0.098125 0.13083333333333333
0 0.3328125 0.3433333333333333 0.099375 0.13333333333333333
0 0.6171875 0.22541666666666665 0.104375 0.13916666666666666
0 0.498125 0.92125 0.10625 0.1425
0 0.68375 0.3491666666666667 0.115 0.15333333333333332
0 0.7909375 0.47875 0.110625 0.1475
0 0.75625 0.5683333333333334 0.105 0.14
0 0.3475 0.28583333333333333 0.10875 0.145
0 0.8209375 0.6395833333333333 0.125625 0.1675
0 0.631875 0.485 0.1125 0.15
0 0.6965625 0.11958333333333333 0.094375 0.12583333333333332
0 0.394375 0.6820833333333334 0.1025 0.1375
0 0.5578125 0.87625 0.099375 0.1325
0 0.213125 0.23916666666666667 0.12 0.16
0 0.5946875 0.5695833333333333 0.119375 0.15916666666666668
0 0.6565625 0.8545833333333334 0.113125 0.15083333333333335
0 0.5878125 0.84625 0.105625 0.14083333333333334
0 0.3340625 0.7616666666666667 0.103125 0.13666666666666666
0 0.938125 0.79 0.1025 0.13666666666666666
0 0.68625 0.6358333333333334 0.095 0.12666666666666668