0 0.403125 0.6233333333333333 0.09625 0.12833333333333333
0 0.3378125 0.6775 0.106875 0.14333333333333334
0 0.251875 0.7416666666666667 0.10875 0.145
0 0.34875 0.8516666666666667 0.11625 0.155
0 0.1571875 0.7920833333333334 0.105625 0.14083333333333334
0 0.2146875 0.5041666666666667 0.095625 0.12833333333333333
0 0.3303125 0.46 0.113125 0.15
0 0.409375 0.4075 0.09625 0.12833333333333333
0 0.4209375 0.25916666666666666 0.098125 0.13166666666666665
0 0.3909375 0.13041666666666665 0.115625 0.15416666666666667
0 0.6334375 0.3358333333333333 0.121875 0.16166666666666665
0 0.6909375 0.25125 0.104375 0.13916666666666666
0 0.7746875 0.31708333333333333 0.111875 0.14916666666666667
0 0.7265625 0.4475 0.108125 0.14333333333333334
0 0.8465625 0.42 0.098125 0.13166666666666665
0 0.624375 0.5016666666666667 0.11 0.14666666666666667
0 0.5959375 0.6179166666666667 0.099375 0.1325
0 0.5796875 0.7166666666666667 0.108125 0.14333333333333334
0 0.584375 0.8591666666666666 0.1 0.13333333333333333
0 0.68375 0.6779166666666666 0.11 0.14583333333333334
0 0.2278125 0.37583333333333335 0.095625 0.12833333333333333
0 0.2625 0.205 0.105 0.14
0 0.47 0.15416666666666667 0.115 0.15333333333333332
0 0.7946875 0.18875 0.101875 0.13583333333333333
0 0.8690625 0.16625 0.105625 0.14083333333333334
0 0.70625 0.5870833333333333 0.095 0.1275
0 0.7828125 0.5595833333333333 0.113125 0.15083333333333335
0 0.85625 0.5491666666666667 0.1125 0.15
0 0.8040625 0.6795833333333333 0.101875 0.13583333333333333
0 0.7225 0.73875 0.1075 0.1425