0 0.505625 0.15583333333333332 0.1125 0.15
0 0.483125 0.5608333333333333 0.11375 0.15166666666666667
0 0.22625 0.905 0.11375 0.15166666666666667
0 0.805625 0.18833333333333332 0.11 0.14666666666666667
0 0.4634375 0.8995833333333333 0.113125 0.15083333333333335
0 0.528125 0.8704166666666666 0.10875 0.14416666666666667
1 0.594375 0.59375 0.11 0.1475
0 0.35125 0.25416666666666665 0.10625 0.14166666666666666
1 0.89375 0.2945833333333333 0.13875 0.18416666666666667
0 0.62 0.8391666666666666 0.09 0.12
0 0.75125 0.71 0.10125 0.135
0 0.67375 0.8008333333333333 0.09625 0.12833333333333333
0 0.3475 0.17083333333333334 0.1 0.13333333333333333
0 0.6453125 0.6941666666666667 0.084375 0.11166666666666666
0 0.3646875 0.7520833333333333 0.089375 0.11916666666666667
0 0.5921875 0.50375 0.090625 0.12083333333333333
0 0.6903125 0.46541666666666665 0.094375 0.12583333333333332
0 0.6953125 0.35833333333333334 0.091875 0.12333333333333334
0 0.48625 0.8075 0.09 0.12
0 0.44125 0.8495833333333334 0.09625 0.12916666666666668
0 0.4078125 0.7720833333333333 0.093125 0.12416666666666666
0 0.5615625 0.3770833333333333 0.088125 0.1175
0 0.635625 0.4395833333333333 0.1025 0.13583333333333333
0 0.69375 0.42583333333333334 0.09125 0.12166666666666667
0 0.6171875 0.36541666666666667 0.089375 0.11916666666666667
0 0.5971875 0.28875 0.095625 0.1275
0 0.706875 0.06958333333333333 0.09375 0.12416666666666666
0 0.6534375 0.18958333333333333 0.083125 0.11083333333333334
0 0.59875 0.22125 0.08375 0.11083333333333334
0 0.18875 0.34291666666666665 0.10125 0.13416666666666666
0 0.4771875 0.6920833333333334 0.091875 0.1225
0 0.195625 0.7575 0.09625 0.12833333333333333
0 0.090625 0.66 0.1075 0.14333333333333334
0 0.11625 0.4483333333333333 0.0875 0.11666666666666667
0 0.1403125 0.37375 0.089375 0.11916666666666667
0 0.1003125 0.41458333333333336 0.094375 0.12583333333333332
0 0.301875 0.9229166666666667 0.095 0.12583333333333332
0 0.321875 0.82 0.09375 0.125
0 0.316875 0.8733333333333333 0.0925 0.12333333333333334
0 0.5915625 0.8683333333333333 0.093125 0.125
0 0.67375 0.8983333333333333 0.0875 0.11666666666666667
0 0.6775 0.1175 0.095 0.12666666666666668
1 0.204375 0.415 0.12375 0.165
0 0.2778125 0.18333333333333332 0.093125 0.12333333333333334
0 0.0925 0.5395833333333333 0.0725 0.0975