0 0.411875 0.49291666666666667 0.0975 0.13083333333333333
0 0.441875 0.5766666666666667 0.08875 0.11833333333333333
0 0.4971875 0.7495833333333334 0.093125 0.12416666666666666
0 0.61125 0.8758333333333334 0.07625 0.10166666666666667
0 0.93 0.4583333333333333 0.08875 0.11833333333333333
0 0.6959375 0.7829166666666667 0.095625 0.1275
0 0.9315625 0.53875 0.091875 0.1225
0 0.499375 0.5120833333333333 0.10125 0.13416666666666666
0 0.4178125 0.74875 0.106875 0.1425
0 0.5384375 0.8670833333333333 0.093125 0.12416666666666666
0 0.4828125 0.6208333333333333 0.109375 0.145
1 0.561875 0.6625 0.12125 0.16166666666666665
0 0.60125 0.8 0.09 0.12
0 0.1403125 0.21 0.109375 0.145
0 0.76375 0.8 0.09125 0.12166666666666667
0 0.7959375 0.4579166666666667 0.099375 0.1325
0 0.326875 0.8491666666666666 0.11375 0.15166666666666667
0 0.3653125 0.7175 0.083125 0.11
0 0.27125 0.18125 0.0925 0.1225
0 0.9 0.7716666666666666 0.0975 0.13
0 0.565 0.7316666666666667 0.1025 0.13666666666666666
0 0.8725 0.40208333333333335 0.1025 0.13583333333333333
1 0.87625 0.6216666666666667 0.1175 0.15666666666666668
0 0.2421875 0.7529166666666667 0.089375 0.11916666666666667
0 0.54375 0.5195833333333333 0.1025 0.1375
0 0.854375 0.5758333333333333 0.10375 0.13833333333333334
0 0.7046875 0.4716666666666667 0.095625 0.12833333333333333
0 0.495625 0.6758333333333333 0.1 0.13333333333333333
0 0.3696875 0.43416666666666665 0.113125 0.15
1 0.2634375 0.46 0.120625 0.16166666666666665
1 0.7665625 0.68625 0.125625 0.1675
1 0.4246875 0.86875 0.154375 0.20583333333333334
1 0.6459375 0.53125 0.148125 0.1975
0 0.8625 0.4529166666666667 0.105 0.13916666666666666
0 0.91 0.68625 0.08875 0.11916666666666667
0 0.7915625 0.7254166666666667 0.095625 0.1275
0 0.6809375 0.30875 0.093125 0.12416666666666666
0 0.5665625 0.11375 0.091875 0.1225
0 0.6559375 0.11458333333333333 0.083125 0.11083333333333334
0 0.2003125 0.13333333333333333 0.100625 0.13333333333333333
0 0.386875 0.09625 0.0875 0.1175
0 0.6390625 0.21041666666666667 0.099375 0.1325
0 0.3290625 0.10333333333333333 0.076875 0.10333333333333333