0 0.7328125 0.22208333333333333 0.089375 0.11916666666666667
0 0.5521875 0.19 0.091875 0.12333333333333334
0 0.685 0.58875 0.09 0.12083333333333333
0 0.8609375 0.7416666666666667 0.103125 0.13666666666666666
0 0.3884375 0.67125 0.098125 0.13083333333333333
0 0.68125 0.90375 0.085 0.1125
1 0.338125 0.5958333333333333 0.1125 0.15
0 0.1828125 0.5554166666666667 0.085625 0.11416666666666667
0 0.8178125 0.4508333333333333 0.089375 0.11833333333333333
0 0.40125 0.15333333333333332 0.09375 0.125
0 0.808125 0.7908333333333334 0.08875 0.11833333333333333
0 0.0471875 0.2704166666666667 0.090625 0.12083333333333333
0 0.4971875 0.24541666666666667 0.109375 0.14583333333333334
0 0.1996875 0.3983333333333333 0.081875 0.11
0 0.1725 0.47833333333333333 0.1 0.13333333333333333
0 0.3959375 0.79125 0.103125 0.1375
0 0.6578125 0.4820833333333333 0.090625 0.12083333333333333
0 0.2275 0.09666666666666666 0.095 0.12666666666666668
0 0.3625 0.08416666666666667 0.10625 0.14166666666666666
0 0.589375 0.9041666666666667 0.09375 0.125
0 0.4509375 0.34958333333333336 0.091875 0.1225
0 0.6615625 0.3283333333333333 0.089375 0.11833333333333333
0 0.61125 0.6841666666666667 0.0875 0.11666666666666667
0 0.2965625 0.7570833333333333 0.088125 0.1175
0 0.3071875 0.31375 0.093125 0.12416666666666666
0 0.1796875 0.17958333333333334 0.089375 0.11916666666666667
0 0.5584375 0.7279166666666667 0.084375 0.1125
0 0.12625 0.44333333333333336 0.0875 0.11666666666666667
0 0.651875 0.77875 0.10375 0.13916666666666666
0 0.2496875 0.8033333333333333 0.103125 0.13666666666666666
0 0.4371875 0.9016666666666666 0.093125 0.12333333333333334
0 0.3453125 0.89375 0.083125 0.11083333333333334
0 0.275625 0.16541666666666666 0.0975 0.13083333333333333
0 0.615625 0.7458333333333333 0.08875 0.11833333333333333
0 0.2884375 0.08208333333333333 0.094375 0.12583333333333332
0 0.255625 0.2175 0.0775 0.10333333333333333
0 0.4478125 0.6491666666666667 0.098125 0.13166666666666665
1 0.59625 0.5108333333333334 0.11375 0.15166666666666667
0 0.69375 0.33625 0.08875 0.11916666666666667
0 0.3996875 0.9108333333333334 0.095625 0.12833333333333333