0 0.615 0.14166666666666666 0.105 0.14
0 0.68125 0.525 0.09875 0.13166666666666665
0 0.8059375 0.66375 0.094375 0.12583333333333332
0 0.1409375 0.17041666666666666 0.095625 0.1275
0 0.7178125 0.19916666666666666 0.099375 0.13166666666666665
0 0.564375 0.9308333333333333 0.09625 0.12833333333333333
0 0.604375 0.845 0.08875 0.11833333333333333
0 0.5559375 0.7466666666666667 0.101875 0.135
0 0.550625 0.4216666666666667 0.0975 0.13
0 0.21375 0.2 0.09125 0.12166666666666667
0 0.15625 0.5033333333333333 0.085 0.11333333333333333
0 0.261875 0.7675 0.095 0.12666666666666668
0 0.321875 0.19166666666666668 0.09625 0.12833333333333333
0 0.8203125 0.40291666666666665 0.088125 0.1175
0 0.4765625 0.7570833333333333 0.080625 0.1075
0 0.564375 0.6258333333333334 0.10375 0.13833333333333334
0 0.786875 0.5633333333333334 0.09125 0.12166666666666667
0 0.12375 0.25166666666666665 0.08875 0.11833333333333333
0 0.4115625 0.3745833333333333 0.083125 0.11083333333333334
0 0.5846875 0.23458333333333334 0.090625 0.12083333333333333
0 0.1965625 0.10833333333333334 0.095625 0.12833333333333333
0 0.3753125 0.5320833333333334 0.093125 0.12416666666666666
0 0.3828125 0.3070833333333333 0.093125 0.12416666666666666
0 0.5975 0.4891666666666667 0.085 0.11333333333333333
0 0.693125 0.7816666666666666 0.09375 0.125
0 0.3075 0.34625 0.08 0.10583333333333333
0 0.2990625 0.46458333333333335 0.095625 0.1275
0 0.4796875 0.9345833333333333 0.094375 0.12583333333333332
0 0.714375 0.44 0.09375 0.125
0 0.4875 0.24041666666666667 0.08625 0.11583333333333333
0 0.88625 0.60375 0.0875 0.11583333333333333
0 0.0765625 0.5591666666666667 0.083125 0.11166666666666666
0 0.8853125 0.43041666666666667 0.084375 0.1125
0 0.4103125 0.8295833333333333 0.094375 0.12583333333333332
0 0.29875 0.65875 0.10375 0.13916666666666666
0 0.54625 0.2991666666666667 0.08875 0.11833333333333333
0 0.090625 0.425 0.08 0.10666666666666667
0 0.76 0.8441666666666666 0.08875 0.11833333333333333
0 0.4165625 0.16875 0.101875 0.13583333333333333
0 0.6546875 0.335 0.091875 0.12333333333333334
0 0.3584375 0.7075 0.099375 0.13333333333333333
0 0.48125 0.46166666666666667 0.08875 0.11833333333333333
0 0.2975 0.5566666666666666 0.09625 0.12833333333333333
0 0.6690625 0.68125 0.094375 0.12583333333333332
0 0.7275 0.655 0.0925 0.12333333333333334
0 0.3409375 0.44958333333333333 0.089375 0.11916666666666667
0 0.7090625 0.3025 0.091875 0.12333333333333334
0 0.44375 0.5979166666666667 0.09125 0.1225
0 0.834375 0.78375 0.0925 0.12416666666666666
0 0.7828125 0.4970833333333333 0.100625 0.13416666666666666
0 0.180625 0.3908333333333333 0.08625 0.115
0 0.2275 0.4979166666666667 0.09125 0.12083333333333333
0 0.7609375 0.3225 0.094375 0.12666666666666668
0 0.1934375 0.7275 0.108125 0.145
0 0.2215625 0.3016666666666667 0.098125 0.13
0 0.651875 0.6266666666666667 0.11375 0.15166666666666667
0 0.8390625 0.8379166666666666 0.093125 0.12416666666666666
0 0.3471875 0.7829166666666667 0.104375 0.13916666666666666
0 0.8946875 0.7266666666666667 0.100625 0.135
0 0.7171875 0.9116666666666666 0.091875 0.12333333333333334
0 0.495625 0.38083333333333336 0.10375 0.13833333333333334
0 0.499375 0.8466666666666667 0.115 0.15333333333333332
0 0.3253125 0.82625 0.099375 0.1325
0 0.2753125 0.35541666666666666 0.094375 0.12583333333333332
0 0.32625 0.06583333333333333 0.08375 0.11166666666666666
0 0.245625 0.17916666666666667 0.095 0.12666666666666668
0 0.504375 0.185 0.105 0.14
0 0.3778125 0.17041666666666666 0.088125 0.1175
0 0.441875 0.7016666666666667 0.09375 0.125
0 0.2165625 0.58875 0.081875 0.10916666666666666
0 0.555625 0.5175 0.08 0.10666666666666667
0 0.428125 0.7504166666666666 0.09875 0.13083333333333333
0 0.915625 0.5270833333333333 0.095 0.12583333333333332
0 0.5703125 0.575 0.101875 0.13666666666666666
0 0.750625 0.9295833333333333 0.09 0.12083333333333333
0 0.54125 0.16208333333333333 0.0925 0.12416666666666666
0 0.5346875 0.81375 0.096875 0.12916666666666668
1 0.5953125 0.3279166666666667 0.084375 0.1125
1 0.273125 0.1225 0.09 0.12
0 0.294375 0.08083333333333333 0.08 0.10666666666666667
0 0.1159375 0.28708333333333336 0.079375 0.10583333333333333
0 0.1 0.4533333333333333 0.0875 0.11666666666666667
0 0.2103125 0.36125 0.081875 0.10916666666666666
0 0.25125 0.4508333333333333 0.085 0.11333333333333333
0 0.7846875 0.31333333333333335 0.091875 0.12166666666666667
0 0.4165625 0.40708333333333335 0.086875 0.11583333333333333
0 0.7321875 0.6120833333333333 0.083125 0.11083333333333334
0 0.7590625 0.8104166666666667 0.089375 0.11916666666666667
0 0.899375 0.39458333333333334 0.08 0.10583333333333333
0 0.4828125 0.34791666666666665 0.073125 0.0975
0 0.0975 0.5525 0.07875 0.105
0 0.273125 0.6716666666666666 0.095 0.12666666666666668
0 0.225625 0.6395833333333333 0.09375 0.12583333333333332
0 0.2715625 0.54875 0.088125 0.1175
0 0.376875 0.56875 0.08375 0.1125
0 0.450625 0.56 0.0875 0.11666666666666667
0 0.301875 0.8641666666666666 0.08875 0.11833333333333333
0 0.854375 0.86125 0.08375 0.11083333333333334