0 0.5534375 0.8666666666666667 0.071875 0.1
0 0.74625 0.88125 0.0675 0.09083333333333334
0 0.71 0.7570833333333333 0.06625 0.09583333333333334
0 0.695625 0.9325 0.06 0.08833333333333333
0 0.4365625 0.7195833333333334 0.066875 0.0875
0 0.6171875 0.8329166666666666 0.060625 0.08416666666666667
0 0.264375 0.05291666666666667 0.06625 0.09583333333333334
0 0.7884375 0.6566666666666666 0.068125 0.095
0 0.6790625 0.5833333333333334 0.079375 0.1
0 0.74375 0.3616666666666667 0.06 0.07333333333333333
0 0.6890625 0.8370833333333333 0.063125 0.0825
0 0.4025 0.3458333333333333 0.07625 0.09833333333333333
0 0.8375 0.39916666666666667 0.06375 0.09166666666666666
0 0.3628125 0.79625 0.059375 0.0775
0 0.7790625 0.28375 0.074375 0.09583333333333334
0 0.476875 0.8054166666666667 0.0775 0.10916666666666666
0 0.236875 0.5175 0.05875 0.06833333333333333
0 0.220625 0.5925 0.06375 0.085
0 0.4365625 0.8416666666666667 0.070625 0.09666666666666666
0 0.8428125 0.6029166666666667 0.059375 0.08583333333333333
0 0.309375 0.4404166666666667 0.05875 0.0725
0 0.3671875 0.42041666666666666 0.055625 0.07416666666666667
0 0.7928125 0.17583333333333334 0.066875 0.09666666666666666
0 0.251875 0.18708333333333332 0.055 0.0825
0 0.2034375 0.20166666666666666 0.079375 0.08833333333333333
0 0.2203125 0.26875 0.070625 0.10583333333333333
0 0.72875 0.22541666666666665 0.07 0.09916666666666667
0 0.7246875 0.48833333333333334 0.078125 0.10166666666666667
0 0.73875 0.07458333333333333 0.06125 0.07583333333333334
0 0.750625 0.54625 0.065 0.0875
0 0.345 0.8754166666666666 0.07125 0.10416666666666667
0 0.31625 0.36041666666666666 0.0775 0.09916666666666667
0 0.60375 0.6233333333333333 0.0625 0.09333333333333334
0 0.3409375 0.6308333333333334 0.066875 0.09166666666666666
0 0.3309375 0.72375 0.064375 0.08583333333333333
0 0.2790625 0.58125 0.068125 0.09416666666666666
0 0.8128125 0.49166666666666664 0.068125 0.105
0 0.606875 0.2733333333333333 0.0675 0.09666666666666666
0 0.7359375 0.6991666666666667 0.071875 0.09666666666666666
0 0.3975 0.255 0.06125 0.085
0 0.165 0.5591666666666667 0.05625 0.10833333333333334
0 0.454375 0.28291666666666665 0.065 0.08416666666666667
0 0.67 0.30625 0.07375 0.08083333333333333
1 0.6496875 0.43125 0.084375 0.1725
1 0.4728125 0.13166666666666665 0.056875 0.08833333333333333
0 0.4996875 0.1525 0.056875 0.07833333333333334
1 0.6821875 0.64375 0.078125 0.1125
0 0.6959375 0.2791666666666667 0.068125 0.09833333333333333
0 0.29 0.6629166666666667 0.06625 0.0725
0 0.6775 0.4891666666666667 0.0625 0.08666666666666667
1 0.80125 0.5216666666666666 0.08375 0.11166666666666666
0 0.4146875 0.8470833333333333 0.071875 0.08583333333333333