0 0.9265625 0.81625 0.070625 0.1025
0 0.8140625 0.7966666666666666 0.079375 0.09166666666666666
0 0.7221875 0.7083333333333334 0.078125 0.09833333333333333
0 0.8809375 0.7354166666666667 0.070625 0.09416666666666666
0 0.9540625 0.7283333333333334 0.075625 0.10333333333333333
0 0.918125 0.6420833333333333 0.07125 0.09916666666666667
0 0.9634375 0.5470833333333334 0.071875 0.09916666666666667
0 0.966875 0.44458333333333333 0.065 0.0925
0 0.9021875 0.44125 0.076875 0.09583333333333334
0 0.750625 0.5833333333333334 0.075 0.10166666666666667
0 0.79375 0.50125 0.0725 0.10083333333333333
0 0.825 0.40958333333333335 0.0675 0.09583333333333334
0 0.8959375 0.3541666666666667 0.081875 0.08166666666666667
0 0.8234375 0.28583333333333333 0.070625 0.09333333333333334
0 0.9646875 0.20166666666666666 0.066875 0.09166666666666666
0 0.8990625 0.2970833333333333 0.080625 0.0925
0 0.8959375 0.25708333333333333 0.081875 0.09583333333333334
0 0.8665625 0.21708333333333332 0.078125 0.1025
0 0.8628125 0.11291666666666667 0.078125 0.1025
0 0.9253125 0.04958333333333333 0.079375 0.0975
0 0.7546875 0.08333333333333333 0.080625 0.10166666666666667
0 0.7184375 0.10166666666666667 0.078125 0.1
0 0.66375 0.08541666666666667 0.065 0.10583333333333333
0 0.65875 0.0425 0.0725 0.08333333333333333
0 0.6178125 0.7820833333333334 0.073125 0.1075
0 0.7134375 0.41125 0.074375 0.10583333333333333
0 0.644375 0.47291666666666665 0.08 0.10416666666666667
0 0.615625 0.3925 0.0675 0.09833333333333333
0 0.5678125 0.36791666666666667 0.073125 0.10916666666666666
0 0.575 0.30541666666666667 0.07375 0.11583333333333333
0 0.6065625 0.22375 0.049375 0.09916666666666667
0 0.5440625 0.15166666666666667 0.075625 0.08666666666666667
0 0.58 0.14875 0.07125 0.10083333333333333
0 0.4975 0.22041666666666668 0.0625 0.08916666666666667
0 0.46625 0.07791666666666666 0.0675 0.09916666666666667
0 0.358125 0.20291666666666666 0.06 0.09916666666666667
0 0.251875 0.07041666666666667 0.07125 0.11083333333333334
0 0.0559375 0.1625 0.068125 0.08
0 0.1128125 0.059166666666666666 0.069375 0.09833333333333333
0 0.1821875 0.165 0.073125 0.10666666666666667
0 0.1425 0.20833333333333334 0.08125 0.07833333333333334
0 0.4790625 0.32625 0.070625 0.10583333333333333
0 0.3703125 0.2975 0.069375 0.08333333333333333
0 0.305625 0.27458333333333335 0.07 0.10583333333333333
0 0.27 0.34125 0.0675 0.0975
0 0.2028125 0.38875 0.078125 0.0925
0 0.546875 0.9454166666666667 0.07375 0.09083333333333334
0 0.456875 0.9254166666666667 0.06375 0.09916666666666667
0 0.35 0.9220833333333334 0.06375 0.09916666666666667
0 0.3790625 0.8629166666666667 0.076875 0.09916666666666667
0 0.36 0.8170833333333334 0.07 0.0975
0 0.495 0.8020833333333334 0.05875 0.09916666666666667
0 0.4665625 0.75 0.075625 0.09833333333333333
0 0.4825 0.6858333333333333 0.075 0.10666666666666667
0 0.55375 0.6408333333333334 0.07625 0.11666666666666667
0 0.5146875 0.5895833333333333 0.075625 0.0975
0 0.4534375 0.5720833333333334 0.075625 0.0975
0 0.469375 0.46625 0.0825 0.10416666666666667
0 0.4025 0.49541666666666667 0.0725 0.10083333333333333
0 0.4103125 0.3804166666666667 0.075625 0.09583333333333334
0 0.369375 0.39416666666666667 0.06875 0.085
0 0.3778125 0.6779166666666666 0.084375 0.0975
0 0.31625 0.65375 0.06625 0.0975
0 0.33125 0.49041666666666667 0.075 0.0975
0 0.295625 0.46208333333333335 0.0825 0.10583333333333333
0 0.2359375 0.5416666666666666 0.076875 0.11
0 0.19625 0.5158333333333334 0.065 0.07833333333333334
0 0.3078125 0.7529166666666667 0.075625 0.10416666666666667
0 0.2896875 0.94 0.075625 0.09
0 0.2759375 0.8820833333333333 0.071875 0.09916666666666667
0 0.2484375 0.8525 0.076875 0.09166666666666666
0 0.26625 0.79 0.08375 0.095
0 0.2396875 0.7120833333333333 0.074375 0.09583333333333334
0 0.1959375 0.71625 0.088125 0.10083333333333333
0 0.0965625 0.8679166666666667 0.076875 0.09583333333333334
0 0.1178125 0.8358333333333333 0.070625 0.09
0 0.1634375 0.8158333333333333 0.075625 0.12
0 0.049375 0.7979166666666667 0.06875 0.1075
0 0.1328125 0.7725 0.103125 0.07833333333333334
0 0.1634375 0.6129166666666667 0.078125 0.09916666666666667
0 0.1165625 0.5270833333333333 0.085625 0.1075
0 0.0515625 0.46291666666666664 0.073125 0.10416666666666667
0 0.0878125 0.43333333333333335 0.070625 0.09333333333333334
0 0.0990625 0.3904166666666667 0.076875 0.09583333333333334
1 0.55125 0.8020833333333334 0.09875 0.11916666666666667
1 0.0740625 0.7345833333333334 0.091875 0.1025