0 0.1809375 0.21625 0.080625 0.10083333333333333
0 0.7521875 0.2658333333333333 0.079375 0.11
0 0.6203125 0.08916666666666667 0.079375 0.095
0 0.3015625 0.7275 0.081875 0.10166666666666667
0 0.09125 0.9475 0.07625 0.10333333333333333
0 0.246875 0.35083333333333333 0.0775 0.10666666666666667
0 0.756875 0.8945833333333333 0.0775 0.11916666666666667
0 0.0428125 0.5195833333333333 0.084375 0.10583333333333333
0 0.4028125 0.8366666666666667 0.068125 0.14
0 0.659375 0.28791666666666665 0.07125 0.0975
0 0.6128125 0.7170833333333333 0.081875 0.11083333333333334
0 0.1625 0.8095833333333333 0.0825 0.10916666666666666
0 0.3225 0.5575 0.08 0.12166666666666667
0 0.77875 0.11791666666666667 0.0725 0.1025
0 0.6053125 0.17708333333333334 0.083125 0.1075
0 0.148125 0.5745833333333333 0.06625 0.10583333333333333
0 0.455 0.15916666666666668 0.07875 0.09666666666666666
0 0.464375 0.6854166666666667 0.08 0.11416666666666667
0 0.3025 0.2875 0.08125 0.10666666666666667
0 0.7653125 0.06125 0.071875 0.1025
0 0.934375 0.49166666666666664 0.0725 0.08166666666666667
0 0.94125 0.56125 0.08 0.0975
0 0.3290625 0.8129166666666666 0.069375 0.08416666666666667
1 0.4396875 0.5495833333333333 0.066875 0.13916666666666666
0 0.32 0.8545833333333334 0.06375 0.11416666666666667