0 0.61625 0.32625 0.0975 0.13083333333333333
0 0.539375 0.4375 0.09625 0.12833333333333333
0 0.385 0.20583333333333334 0.10625 0.14166666666666666
0 0.1834375 0.77375 0.094375 0.12583333333333332
0 0.17375 0.5075 0.1 0.13333333333333333
0 0.5671875 0.51625 0.103125 0.1375
0 0.4840625 0.42541666666666667 0.100625 0.13416666666666666
0 0.3784375 0.13125 0.103125 0.1375
0 0.85 0.11916666666666667 0.1025 0.13666666666666666
0 0.6825 0.18291666666666667 0.09375 0.12583333333333332
0 0.8534375 0.5375 0.105625 0.14
0 0.8915625 0.4795833333333333 0.103125 0.1375
0 0.1190625 0.4429166666666667 0.099375 0.1325
0 0.2303125 0.5620833333333334 0.110625 0.1475
0 0.5946875 0.25875 0.115625 0.15416666666666667
0 0.6615625 0.07958333333333334 0.105625 0.14083333333333334
0 0.733125 0.49916666666666665 0.09875 0.13166666666666665
0 0.4046875 0.47541666666666665 0.109375 0.14583333333333334
0 0.5815625 0.4 0.099375 0.13333333333333333
0 0.281875 0.57 0.105 0.14
0 0.3115625 0.11791666666666667 0.103125 0.1375
0 0.7353125 0.7283333333333334 0.101875 0.135
0 0.44 0.1175 0.11 0.14666666666666667
0 0.1940625 0.6583333333333333 0.111875 0.15
0 0.5459375 0.7491666666666666 0.091875 0.12333333333333334
0 0.2946875 0.6708333333333333 0.116875 0.15666666666666668
0 0.6284375 0.145 0.109375 0.14666666666666667
0 0.665 0.9175 0.0925 0.12333333333333334
0 0.6890625 0.8295833333333333 0.083125 0.11083333333333334
0 0.2978125 0.2733333333333333 0.108125 0.14333333333333334
0 0.4209375 0.675 0.104375 0.13833333333333334
0 0.4146875 0.5841666666666666 0.116875 0.15666666666666668
0 0.24125 0.6683333333333333 0.11375 0.15166666666666667
0 0.556875 0.9154166666666667 0.0825 0.11083333333333334
0 0.296875 0.19666666666666666 0.1075 0.14333333333333334
0 0.679375 0.77 0.0925 0.12333333333333334
0 0.759375 0.13125 0.1125 0.15083333333333335
0 0.241875 0.4675 0.115 0.15333333333333332
0 0.6134375 0.71625 0.096875 0.12916666666666668
0 0.4578125 0.5616666666666666 0.096875 0.12833333333333333
0 0.535625 0.16833333333333333 0.105 0.14