0 0.5075 0.6066666666666667 0.08 0.10833333333333334
0 0.1903125 0.38208333333333333 0.078125 0.0875
0 0.181875 0.46166666666666667 0.07875 0.095
0 0.7725 0.18291666666666667 0.075 0.10583333333333333
0 0.4978125 0.81 0.063125 0.08833333333333333
0 0.1940625 0.14416666666666667 0.068125 0.09833333333333333
0 0.5075 0.32625 0.06375 0.0875
0 0.2575 0.4395833333333333 0.065 0.0775
0 0.5153125 0.405 0.076875 0.095
0 0.37875 0.30125 0.0825 0.09583333333333334
0 0.6175 0.4345833333333333 0.08125 0.08916666666666667
0 0.396875 0.38458333333333333 0.06875 0.08083333333333333
0 0.696875 0.3725 0.08 0.1
0 0.6215625 0.36791666666666667 0.083125 0.0925
0 0.4484375 0.37375 0.070625 0.10916666666666666
0 0.784375 0.09208333333333334 0.08875 0.1475
0 0.3609375 0.42583333333333334 0.085625 0.1