0 0.7378125 0.28458333333333335 0.104375 0.13916666666666666
0 0.4021875 0.48041666666666666 0.098125 0.13083333333333333
0 0.324375 0.245 0.09625 0.12833333333333333
0 0.5815625 0.10333333333333333 0.109375 0.14666666666666667
0 0.340625 0.4175 0.09125 0.12166666666666667
0 0.2321875 0.7170833333333333 0.103125 0.1375
0 0.2078125 0.3575 0.100625 0.13333333333333333
0 0.55125 0.8958333333333334 0.10625 0.14166666666666666
0 0.5159375 0.5858333333333333 0.115625 0.155
0 0.281875 0.8866666666666667 0.09 0.12
0 0.38625 0.12666666666666668 0.10375 0.13833333333333334
0 0.3921875 0.5791666666666667 0.104375 0.14
0 0.1809375 0.8629166666666667 0.109375 0.14583333333333334
0 0.4809375 0.33375 0.096875 0.12916666666666668
0 0.7725 0.4354166666666667 0.08875 0.11916666666666667
0 0.8584375 0.5229166666666667 0.086875 0.11583333333333333
0 0.4896875 0.775 0.111875 0.15
0 0.3071875 0.74625 0.101875 0.13583333333333333
0 0.1675 0.53625 0.10125 0.13416666666666666
0 0.4375 0.21166666666666667 0.0975 0.13
0 0.568125 0.455 0.08 0.10666666666666667
0 0.328125 0.6570833333333334 0.115 0.1525
0 0.091875 0.7766666666666666 0.08875 0.11833333333333333
0 0.3990625 0.36125 0.093125 0.12416666666666666
0 0.71625 0.38166666666666665 0.09875 0.13166666666666665
0 0.2878125 0.35375 0.081875 0.10916666666666666
0 0.8325 0.6625 0.115 0.15333333333333332
0 0.2328125 0.5004166666666666 0.090625 0.12083333333333333
0 0.926875 0.4816666666666667 0.09125 0.12166666666666667
0 0.5490625 0.20958333333333334 0.089375 0.11916666666666667
0 0.6709375 0.33208333333333334 0.080625 0.1075
0 0.92125 0.4 0.0875 0.11666666666666667
0 0.833125 0.3675 0.1 0.13333333333333333
0 0.813125 0.6041666666666666 0.07125 0.095
0 0.590625 0.535 0.1 0.13333333333333333
0 0.730625 0.8191666666666667 0.10875 0.145
0 0.6475 0.23833333333333334 0.125 0.16666666666666666
0 0.1690625 0.7570833333333333 0.073125 0.0975
0 0.8625 0.3275 0.1025 0.13666666666666666
0 0.864375 0.43583333333333335 0.08125 0.10833333333333334
1 0.626875 0.435 0.1175 0.15666666666666668
0 0.2646875 0.31916666666666665 0.075625 0.1