0 0.46875 0.44375 0.07125 0.1025
0 0.0634375 0.22791666666666666 0.076875 0.09916666666666667
0 0.6021875 0.6616666666666666 0.083125 0.09666666666666666
0 0.8553125 0.5879166666666666 0.065625 0.10083333333333333
0 0.566875 0.41625 0.06875 0.0925
0 0.6309375 0.30916666666666665 0.078125 0.11333333333333333
0 0.6890625 0.4241666666666667 0.075625 0.10833333333333334
0 0.8959375 0.7525 0.076875 0.10333333333333333
0 0.379375 0.8208333333333333 0.08125 0.10166666666666667
0 0.8078125 0.14166666666666666 0.073125 0.1
0 0.451875 0.2504166666666667 0.07875 0.1175
0 0.596875 0.9204166666666667 0.06625 0.08916666666666667
0 0.2771875 0.5633333333333334 0.068125 0.10333333333333333
0 0.8271875 0.34958333333333336 0.070625 0.1025
0 0.0390625 0.11708333333333333 0.078125 0.08916666666666667
0 0.341875 0.8808333333333334 0.06625 0.08333333333333333
0 0.779375 0.04958333333333333 0.0725 0.09083333333333334
0 0.2771875 0.10083333333333333 0.064375 0.08833333333333333
0 0.154375 0.8225 0.07375 0.09
0 0.9003125 0.23583333333333334 0.065625 0.08833333333333333
0 0.721875 0.7054166666666667 0.065 0.09083333333333334
0 0.7003125 0.5925 0.071875 0.1
0 0.5059375 0.3125 0.066875 0.08166666666666667
0 0.9446875 0.36583333333333334 0.075625 0.10666666666666667
0 0.711875 0.065 0.07125 0.095
0 0.4559375 0.09041666666666667 0.076875 0.10583333333333333
0 0.5896875 0.18041666666666667 0.079375 0.09583333333333334
0 0.125625 0.865 0.0675 0.10166666666666667
0 0.7525 0.19041666666666668 0.0675 0.09583333333333334
0 0.2734375 0.36625 0.081875 0.1025
0 0.2453125 0.32416666666666666 0.074375 0.09166666666666666
0 0.06 0.8858333333333334 0.06625 0.10166666666666667
0 0.2271875 0.07375 0.071875 0.10083333333333333
0 0.5115625 0.5266666666666666 0.086875 0.07666666666666666
0 0.5734375 0.5683333333333334 0.080625 0.09333333333333334
0 0.06625 0.5033333333333333 0.07625 0.10166666666666667
0 0.7771875 0.5475 0.079375 0.09666666666666666
0 0.450625 0.9179166666666667 0.0875 0.09416666666666666
0 0.800625 0.6458333333333334 0.06875 0.1
0 0.165 0.23041666666666666 0.07375 0.0975
0 0.8984375 0.3541666666666667 0.071875 0.105
0 0.38875 0.09791666666666667 0.07125 0.11416666666666667
0 0.6065625 0.09291666666666666 0.065625 0.0925
0 0.4378125 0.59125 0.074375 0.1125
0 0.74375 0.7620833333333333 0.08375 0.10916666666666666
0 0.39375 0.32708333333333334 0.085 0.10583333333333333
0 0.0309375 0.6316666666666667 0.061875 0.09166666666666666
0 0.315625 0.6704166666666667 0.075 0.09083333333333334
0 0.5015625 0.36125 0.074375 0.1025
0 0.075 0.40166666666666667 0.08 0.10166666666666667
0 0.93625 0.62875 0.0725 0.11416666666666667
0 0.923125 0.54625 0.07125 0.0975
0 0.336875 0.14125 0.0675 0.08916666666666667
0 0.131875 0.20541666666666666 0.0675 0.0975
0 0.9546875 0.6570833333333334 0.068125 0.1125
0 0.2296875 0.7054166666666667 0.066875 0.0925
0 0.0871875 0.6375 0.071875 0.11333333333333333
0 0.318125 0.6391666666666667 0.0675 0.09333333333333334
0 0.0378125 0.3125 0.068125 0.09666666666666666
0 0.7178125 0.14833333333333334 0.071875 0.09833333333333333
0 0.6721875 0.16125 0.078125 0.10083333333333333
0 0.6365625 0.4429166666666667 0.073125 0.08916666666666667
0 0.7465625 0.9045833333333333 0.056875 0.09916666666666667
0 0.25375 0.065 0.06875 0.08833333333333333
0 0.658125 0.12 0.06875 0.1
0 0.615 0.4266666666666667 0.07375 0.105