0 0.745625 0.3045833333333333 0.06625 0.08583333333333333
0 0.62375 0.415 0.0775 0.10166666666666667
0 0.29875 0.6941666666666667 0.0725 0.09833333333333333
0 0.23625 0.21708333333333332 0.07125 0.09583333333333334
0 0.3825 0.7220833333333333 0.08125 0.1075
0 0.5953125 0.17708333333333334 0.064375 0.0875
0 0.1996875 0.5233333333333333 0.070625 0.09666666666666666
0 0.6996875 0.22666666666666666 0.069375 0.08666666666666667
0 0.18625 0.30541666666666667 0.07375 0.10083333333333333
0 0.39625 0.8754166666666666 0.07125 0.0925
0 0.474375 0.69625 0.07375 0.09916666666666667
0 0.5353125 0.08125 0.071875 0.10083333333333333
0 0.6915625 0.7266666666666667 0.080625 0.095
0 0.5178125 0.2679166666666667 0.076875 0.09583333333333334
0 0.6409375 0.55375 0.070625 0.09916666666666667
0 0.5 0.48375 0.06875 0.08583333333333333
0 0.775625 0.16416666666666666 0.07875 0.09
0 0.83375 0.25916666666666666 0.075 0.1
0 0.1834375 0.7195833333333334 0.061875 0.08083333333333333
0 0.2934375 0.5275 0.068125 0.105
0 0.538125 0.36 0.07625 0.11
0 0.3390625 0.07833333333333334 0.064375 0.09
0 0.3209375 0.8233333333333334 0.066875 0.08666666666666667
0 0.6484375 0.08458333333333333 0.069375 0.0875
0 0.3696875 0.4141666666666667 0.076875 0.105
0 0.7875 0.5816666666666667 0.07625 0.09666666666666666
0 0.15875 0.045 0.0625 0.07833333333333334
0 0.5553125 0.6916666666666667 0.070625 0.105
0 0.2175 0.7558333333333334 0.07125 0.1
0 0.6590625 0.30875 0.059375 0.0825
0 0.2928125 0.15083333333333335 0.068125 0.07666666666666666
0 0.3615625 0.5295833333333333 0.063125 0.09416666666666666
0 0.545625 0.58125 0.075 0.10083333333333333
0 0.6971875 0.49541666666666667 0.056875 0.10416666666666667
0 0.7634375 0.5183333333333333 0.074375 0.10333333333333333
0 0.278125 0.07666666666666666 0.06375 0.085
0 0.475 0.25625 0.07 0.0925
0 0.4059375 0.5683333333333334 0.065625 0.095
0 0.4334375 0.6058333333333333 0.071875 0.09666666666666666
0 0.79875 0.85375 0.07625 0.09916666666666667
0 0.7259375 0.87 0.055625 0.12166666666666667
0 0.268125 0.9004166666666666 0.0625 0.07416666666666667
0 0.586875 0.8441666666666666 0.0725 0.09666666666666666
0 0.6459375 0.8270833333333333 0.068125 0.10583333333333333
0 0.6175 0.7829166666666667 0.05 0.0775
0 0.743125 0.1025 0.09125 0.09333333333333334
0 0.8415625 0.8745833333333334 0.065625 0.1125
0 0.2965625 0.8183333333333334 0.066875 0.095