0 0.1396875 0.7104166666666667 0.113125 0.15083333333333335
0 0.2571875 0.8366666666666667 0.108125 0.14333333333333334
0 0.3271875 0.6666666666666666 0.106875 0.14333333333333334
0 0.3984375 0.7704166666666666 0.110625 0.1475
0 0.65875 0.8220833333333334 0.1175 0.1575
0 0.516875 0.5891666666666666 0.11125 0.14833333333333334
0 0.101875 0.4579166666666667 0.10875 0.14416666666666667
0 0.1971875 0.49583333333333335 0.110625 0.14833333333333334
0 0.744375 0.6625 0.09875 0.13166666666666665
0 0.7075 0.29083333333333333 0.1 0.13333333333333333
0 0.319375 0.2225 0.11375 0.15166666666666667
0 0.546875 0.09958333333333333 0.115 0.1525
0 0.939375 0.22916666666666666 0.09875 0.13166666666666665
0 0.1871875 0.40541666666666665 0.119375 0.15916666666666668
1 0.910625 0.5233333333333333 0.13125 0.175