0 0.8084375 0.6566666666666666 0.069375 0.11
0 0.7590625 0.4795833333333333 0.069375 0.10416666666666667
0 0.6278125 0.24208333333333334 0.071875 0.09916666666666667
0 0.765 0.2791666666666667 0.0775 0.1
0 0.383125 0.4425 0.0675 0.09666666666666666
0 0.405625 0.76375 0.0825 0.1125
0 0.42875 0.37041666666666667 0.07875 0.10583333333333333
0 0.413125 0.27541666666666664 0.0875 0.0925
0 0.3396875 0.0925 0.078125 0.10666666666666667
0 0.81625 0.9070833333333334 0.075 0.1025
0 0.5521875 0.5654166666666667 0.075625 0.09916666666666667
0 0.2684375 0.7583333333333333 0.065625 0.085
0 0.5871875 0.13416666666666666 0.076875 0.10166666666666667
0 0.210625 0.30125 0.0775 0.08916666666666667
0 0.646875 0.5241666666666667 0.08375 0.09666666666666666
0 0.5075 0.30125 0.0775 0.09916666666666667
0 0.6071875 0.84625 0.063125 0.08416666666666667
0 0.599375 0.62625 0.07 0.09416666666666666
0 0.333125 0.49583333333333335 0.075 0.1
0 0.7153125 0.83625 0.078125 0.0975
0 0.73875 0.085 0.0675 0.10166666666666667
0 0.4959375 0.6479166666666667 0.066875 0.10916666666666666
0 0.7390625 0.57875 0.063125 0.10083333333333333
0 0.55625 0.88625 0.0775 0.10583333333333333
0 0.725 0.39791666666666664 0.07125 0.09583333333333334
0 0.6009375 0.4295833333333333 0.083125 0.09916666666666667
0 0.751875 0.17708333333333334 0.0775 0.10083333333333333
0 0.785625 0.14833333333333334 0.0725 0.105
0 0.559375 0.38916666666666666 0.06875 0.1
0 0.6878125 0.15416666666666667 0.085625 0.09666666666666666
1 0.50125 0.8308333333333333 0.11875 0.12666666666666668
0 0.3346875 0.19375 0.091875 0.10083333333333333
0 0.4484375 0.46958333333333335 0.080625 0.1125