0 0.269375 0.25333333333333335 0.10125 0.135
0 0.771875 0.4825 0.08875 0.11833333333333333
0 0.7178125 0.17375 0.104375 0.13916666666666666
0 0.5078125 0.7925 0.114375 0.15333333333333332
0 0.2096875 0.4008333333333333 0.110625 0.14666666666666667
0 0.30625 0.75625 0.1075 0.1425
0 0.49625 0.6733333333333333 0.095 0.12666666666666668
0 0.7878125 0.15666666666666668 0.101875 0.135
0 0.0703125 0.7808333333333334 0.104375 0.13833333333333334
0 0.3015625 0.43041666666666667 0.099375 0.1325
0 0.33625 0.2375 0.095 0.12666666666666668
0 0.31 0.11958333333333333 0.10875 0.14416666666666667
0 0.6525 0.8941666666666667 0.1025 0.13666666666666666
0 0.5971875 0.7741666666666667 0.100625 0.13333333333333333
0 0.495 0.4191666666666667 0.11 0.14666666666666667
0 0.5971875 0.38458333333333333 0.096875 0.12916666666666668
0 0.264375 0.505 0.09875 0.13166666666666665
0 0.94375 0.4075 0.10375 0.13833333333333334
0 0.9009375 0.4979166666666667 0.108125 0.14416666666666667
0 0.835 0.63 0.11 0.14666666666666667
0 0.246875 0.8725 0.1075 0.14333333333333334
0 0.3365625 0.5729166666666666 0.101875 0.13583333333333333
0 0.68625 0.48333333333333334 0.10125 0.135
0 0.41875 0.6495833333333333 0.1025 0.13583333333333333
0 0.2215625 0.65375 0.109375 0.14583333333333334
0 0.110625 0.5016666666666667 0.1175 0.15666666666666668
0 0.7153125 0.6420833333333333 0.096875 0.12916666666666668
0 0.803125 0.2833333333333333 0.115 0.15333333333333332
0 0.753125 0.5675 0.085 0.11333333333333333
0 0.86375 0.19583333333333333 0.1125 0.15
0 0.9025 0.57125 0.09875 0.13083333333333333
0 0.6421875 0.6216666666666667 0.100625 0.135
0 0.9265625 0.33208333333333334 0.091875 0.1225
0 0.674375 0.5941666666666666 0.10125 0.135
0 0.625625 0.6820833333333334 0.09625 0.1275
0 0.0971875 0.61875 0.096875 0.12916666666666668
0 0.31625 0.5770833333333333 0.09375 0.12583333333333332
0 0.0584375 0.4683333333333333 0.093125 0.12333333333333334
0 0.7359375 0.28291666666666665 0.084375 0.1125
0 0.7603125 0.2504166666666667 0.104375 0.13916666666666666
0 0.0778125 0.6783333333333333 0.079375 0.10666666666666667
1 0.0640625 0.55375 0.110625 0.1475