0 0.593125 0.2658333333333333 0.11 0.14666666666666667
0 0.8371875 0.6304166666666666 0.091875 0.1225
0 0.940625 0.5254166666666666 0.1025 0.13583333333333333
0 0.6725 0.705 0.1125 0.15
0 0.1296875 0.7658333333333334 0.096875 0.12833333333333333
0 0.8053125 0.16958333333333334 0.086875 0.11583333333333333
0 0.40125 0.13625 0.1 0.1325
0 0.540625 0.7683333333333333 0.09125 0.12166666666666667
0 0.8634375 0.44958333333333333 0.080625 0.1075
0 0.484375 0.8833333333333333 0.1 0.13333333333333333
0 0.44 0.8783333333333333 0.0875 0.11666666666666667
0 0.3578125 0.5183333333333333 0.113125 0.15
0 0.3440625 0.1575 0.089375 0.11833333333333333
0 0.4084375 0.74375 0.109375 0.14583333333333334
0 0.2921875 0.8279166666666666 0.096875 0.12916666666666668
0 0.4371875 0.21791666666666668 0.108125 0.14416666666666667
0 0.4840625 0.14708333333333334 0.113125 0.15083333333333335
0 0.63375 0.09083333333333334 0.1025 0.13666666666666666
0 0.6225 0.8483333333333334 0.09625 0.12833333333333333
0 0.4684375 0.7920833333333334 0.088125 0.1175
0 0.9175 0.2916666666666667 0.10625 0.14166666666666666
0 0.2496875 0.47541666666666665 0.105625 0.14083333333333334
0 0.1896875 0.47333333333333333 0.108125 0.14333333333333334
0 0.6225 0.46291666666666664 0.10875 0.14416666666666667
0 0.625 0.18 0.09375 0.125
0 0.2990625 0.21666666666666667 0.109375 0.145
0 0.540625 0.44458333333333333 0.1025 0.1375
0 0.756875 0.5395833333333333 0.105 0.13916666666666666
0 0.5609375 0.14125 0.099375 0.1325
0 0.8815625 0.5395833333333333 0.096875 0.12916666666666668
0 0.434375 0.66 0.0925 0.12333333333333334
0 0.7209375 0.46125 0.088125 0.1175
0 0.940625 0.3829166666666667 0.11125 0.14916666666666667
0 0.64875 0.7783333333333333 0.10375 0.13833333333333334
1 0.8903125 0.18833333333333332 0.121875 0.16166666666666665
0 0.7971875 0.51375 0.111875 0.14916666666666667
0 0.559375 0.18458333333333332 0.0975 0.12916666666666668
0 0.4828125 0.3883333333333333 0.100625 0.135
0 0.8371875 0.5654166666666667 0.105625 0.14083333333333334
0 0.6034375 0.50375 0.095625 0.1275
1 0.6828125 0.30041666666666667 0.124375 0.16583333333333333
1 0.4871875 0.6908333333333333 0.119375 0.16
0 0.075625 0.43666666666666665 0.11125 0.14833333333333334
0 0.111875 0.8383333333333334 0.0725 0.09666666666666666
0 0.1959375 0.8929166666666667 0.101875 0.13583333333333333
0 0.270625 0.89 0.1025 0.13666666666666666
0 0.6665625 0.25833333333333336 0.089375 0.12
0 0.765 0.3383333333333333 0.095 0.12666666666666668
0 0.43125 0.64875 0.08625 0.11583333333333333
0 0.7828125 0.34291666666666665 0.091875 0.1225
1 0.674375 0.505 0.11875 0.15833333333333333
1 0.16625 0.8591666666666666 0.12875 0.17166666666666666
0 0.435 0.41041666666666665 0.1 0.13416666666666666
0 0.7071875 0.5491666666666667 0.085625 0.11333333333333333