0 0.9121875 0.18916666666666668 0.075625 0.10666666666666667
0 0.5109375 0.7554166666666666 0.089375 0.09083333333333334
0 0.574375 0.46875 0.07875 0.1125
0 0.509375 0.8429166666666666 0.0825 0.0975
0 0.70125 0.5179166666666667 0.0875 0.09416666666666666
0 0.664375 0.15416666666666667 0.07375 0.10166666666666667
0 0.5521875 0.59 0.084375 0.09666666666666666
0 0.589375 0.14916666666666667 0.06125 0.09
0 0.7921875 0.4091666666666667 0.084375 0.10333333333333333
0 0.74125 0.05708333333333333 0.06875 0.08916666666666667
0 0.96 0.24791666666666667 0.07875 0.10583333333333333
0 0.6515625 0.33541666666666664 0.083125 0.1125
0 0.2959375 0.15458333333333332 0.078125 0.1025
0 0.365625 0.10416666666666667 0.07625 0.10833333333333334
0 0.38 0.35541666666666666 0.0825 0.10416666666666667
0 0.5271875 0.40541666666666665 0.085625 0.1075
0 0.87625 0.7991666666666667 0.08375 0.11
0 0.9621875 0.8966666666666666 0.074375 0.09833333333333333
0 0.481875 0.23291666666666666 0.07375 0.10583333333333333
0 0.1509375 0.23625 0.074375 0.10583333333333333
0 0.3421875 0.43625 0.080625 0.11416666666666667
0 0.8490625 0.6729166666666667 0.068125 0.09416666666666666
0 0.7590625 0.65125 0.074375 0.11083333333333334
0 0.4509375 0.8766666666666667 0.081875 0.11
0 0.1528125 0.3983333333333333 0.093125 0.10666666666666667
0 0.4534375 0.15458333333333332 0.078125 0.10583333333333333
0 0.834375 0.9270833333333334 0.08 0.11083333333333334
0 0.703125 0.7054166666666667 0.08875 0.10083333333333333
0 0.945 0.695 0.08 0.11333333333333333
0 0.040625 0.10458333333333333 0.07125 0.09916666666666667
0 0.6865625 0.775 0.075625 0.115
0 0.148125 0.6570833333333334 0.0775 0.11583333333333333
0 0.21375 0.65875 0.0775 0.1075
0 0.1934375 0.5675 0.099375 0.09333333333333334
1 0.24375 0.24916666666666668 0.10125 0.12
0 0.326875 0.6408333333333334 0.08375 0.10333333333333333
0 0.824375 0.49 0.07875 0.09
0 0.3128125 0.24791666666666667 0.049375 0.1025
0 0.915 0.5429166666666667 0.075 0.09416666666666666
0 0.04375 0.41791666666666666 0.08625 0.0875