0 0.218125 0.6158333333333333 0.08625 0.115
0 0.199375 0.3383333333333333 0.0825 0.11
0 0.8778125 0.3720833333333333 0.106875 0.1425
0 0.22 0.2675 0.0925 0.12333333333333334
0 0.431875 0.4395833333333333 0.1 0.1325
1 0.778125 0.6579166666666667 0.1075 0.1425
0 0.1646875 0.5420833333333334 0.094375 0.12583333333333332
0 0.7415625 0.13458333333333333 0.090625 0.12083333333333333
0 0.349375 0.22583333333333333 0.0825 0.11
0 0.6965625 0.71125 0.101875 0.13583333333333333
0 0.7334375 0.4475 0.091875 0.12333333333333334
0 0.2834375 0.5295833333333333 0.110625 0.1475
0 0.738125 0.33791666666666664 0.11125 0.1475
0 0.4609375 0.78375 0.099375 0.1325
0 0.664375 0.15083333333333335 0.11375 0.15166666666666667
0 0.6775 0.24041666666666667 0.0925 0.12416666666666666
0 0.5409375 0.34458333333333335 0.104375 0.13916666666666666
0 0.35 0.80375 0.08625 0.11416666666666667
0 0.814375 0.24208333333333334 0.085 0.11416666666666667
0 0.6771875 0.7820833333333334 0.084375 0.1125
0 0.896875 0.5908333333333333 0.08375 0.11166666666666666
0 0.3471875 0.08625 0.099375 0.1325
0 0.254375 0.7291666666666666 0.0875 0.11666666666666667
0 0.92875 0.3754166666666667 0.09375 0.12416666666666666
0 0.4790625 0.4845833333333333 0.089375 0.11916666666666667
0 0.665 0.4575 0.085 0.11333333333333333
0 0.5775 0.6108333333333333 0.08375 0.11166666666666666
0 0.390625 0.1575 0.095 0.12666666666666668
0 0.488125 0.3641666666666667 0.09 0.12
0 0.5609375 0.8641666666666666 0.079375 0.105
0 0.5328125 0.755 0.094375 0.12666666666666668
0 0.5659375 0.255 0.106875 0.14166666666666666
0 0.7025 0.6008333333333333 0.085 0.11333333333333333
0 0.154375 0.42583333333333334 0.07875 0.105
0 0.6940625 0.53125 0.076875 0.1025
0 0.3325 0.6220833333333333 0.0975 0.13083333333333333
0 0.4265625 0.22625 0.080625 0.1075
0 0.58625 0.20666666666666667 0.09625 0.12833333333333333
0 0.1315625 0.8179166666666666 0.081875 0.10916666666666666
0 0.5565625 0.06208333333333333 0.093125 0.12416666666666666
0 0.5890625 0.12083333333333333 0.090625 0.12166666666666667
1 0.7815625 0.5770833333333333 0.121875 0.1625
0 0.5084375 0.5654166666666667 0.075625 0.10083333333333333
0 0.0909375 0.6704166666666667 0.098125 0.13083333333333333
0 0.34875 0.49416666666666664 0.075 0.1
0 0.449375 0.29583333333333334 0.08375 0.11166666666666666
1 0.6015625 0.5541666666666667 0.114375 0.15166666666666667
0 0.273125 0.65 0.07875 0.105
0 0.759375 0.26708333333333334 0.0875 0.11583333333333333
0 0.5525 0.7116666666666667 0.0725 0.09666666666666666
0 0.6203125 0.8079166666666666 0.083125 0.11083333333333334
0 0.78875 0.37916666666666665 0.07125 0.095
0 0.5965625 0.7879166666666667 0.081875 0.10916666666666666
1 0.3690625 0.5616666666666666 0.095625 0.12666666666666668
0 0.3403125 0.8804166666666666 0.075625 0.10083333333333333
0 0.5096875 0.08833333333333333 0.076875 0.10166666666666667
0 0.668125 0.8658333333333333 0.0725 0.09666666666666666
0 0.8065625 0.7154166666666667 0.081875 0.10916666666666666
0 0.110625 0.375 0.09125 0.12166666666666667
0 0.598125 0.7133333333333334 0.075 0.1
0 0.2578125 0.8704166666666666 0.078125 0.10416666666666667
0 0.5575 0.48583333333333334 0.0925 0.12333333333333334
0 0.23125 0.8891666666666667 0.07 0.09333333333333334
0 0.413125 0.6416666666666667 0.08 0.10666666666666667
0 0.37 0.4245833333333333 0.07125 0.09416666666666666
0 0.4521875 0.5454166666666667 0.074375 0.09916666666666667
0 0.3075 0.37083333333333335 0.06375 0.085
0 0.3859375 0.285 0.066875 0.08833333333333333
0 0.383125 0.36 0.07125 0.095
0 0.2790625 0.415 0.068125 0.09
0 0.186875 0.4608333333333333 0.08 0.10666666666666667
0 0.2275 0.5416666666666666 0.08625 0.115
0 0.425 0.5883333333333334 0.07875 0.105
0 0.5371875 0.42083333333333334 0.068125 0.09
0 0.059375 0.6904166666666667 0.07875 0.10416666666666667