0 0.1940625 0.18791666666666668 0.078125 0.0975
0 0.5728125 0.7129166666666666 0.064375 0.0875
0 0.2878125 0.42041666666666666 0.069375 0.10083333333333333
0 0.15125 0.12125 0.0725 0.08416666666666667
0 0.1653125 0.7104166666666667 0.066875 0.08416666666666667
0 0.68125 0.7516666666666667 0.07125 0.08333333333333333
0 0.6621875 0.8583333333333333 0.058125 0.07833333333333334
0 0.3415625 0.5091666666666667 0.066875 0.09
0 0.279375 0.51875 0.07125 0.0975
0 0.68875 0.6066666666666667 0.06125 0.095
0 0.8484375 0.9391666666666667 0.085625 0.10333333333333333
0 0.3171875 0.90875 0.068125 0.08583333333333333
0 0.20375 0.6279166666666667 0.0675 0.08416666666666667
0 0.26875 0.665 0.07875 0.08666666666666667
0 0.9321875 0.2816666666666667 0.076875 0.1
0 0.5984375 0.59875 0.068125 0.09583333333333334
0 0.87 0.8479166666666667 0.0625 0.08916666666666667
0 0.22375 0.9370833333333334 0.06875 0.10583333333333333
0 0.209375 0.5325 0.07875 0.11166666666666666
0 0.2325 0.3775 0.06125 0.08166666666666667
0 0.7165625 0.83875 0.063125 0.0875
0 0.6265625 0.5375 0.076875 0.09666666666666666
0 0.125 0.34041666666666665 0.0675 0.0825
0 0.398125 0.9404166666666667 0.065 0.08416666666666667
0 0.2390625 0.0875 0.070625 0.08333333333333333
0 0.60625 0.82125 0.0675 0.08083333333333333
0 0.0503125 0.77 0.071875 0.09666666666666666
0 0.12125 0.19666666666666666 0.07875 0.09166666666666666
0 0.45375 0.3825 0.0725 0.08833333333333333
0 0.4509375 0.9383333333333334 0.059375 0.08833333333333333
0 0.204375 0.8079166666666666 0.0675 0.0975
0 0.781875 0.4995833333333333 0.075 0.09916666666666667
0 0.339375 0.30916666666666665 0.06875 0.10666666666666667
0 0.5559375 0.4166666666666667 0.064375 0.09
0 0.5540625 0.36 0.068125 0.09
0 0.31875 0.2275 0.065 0.09333333333333334
0 0.16125 0.9104166666666667 0.0675 0.09083333333333334
0 0.104375 0.455 0.06375 0.08833333333333333
0 0.5084375 0.4675 0.075625 0.09
0 0.39875 0.29833333333333334 0.07 0.09666666666666666
0 0.04875 0.4525 0.07 0.09666666666666666
0 0.5575 0.8704166666666666 0.0675 0.07583333333333334
0 0.0321875 0.31416666666666665 0.060625 0.08166666666666667
0 0.56625 0.06 0.07125 0.09666666666666666
0 0.765625 0.3954166666666667 0.06375 0.08583333333333333
0 0.4559375 0.14875 0.071875 0.1025
0 0.2953125 0.049166666666666664 0.071875 0.095
0 0.17375 0.3925 0.06875 0.06333333333333334
0 0.3996875 0.4708333333333333 0.064375 0.10166666666666667
0 0.6353125 0.92625 0.056875 0.09416666666666666
0 0.27125 0.31833333333333336 0.06125 0.07
1 0.1796875 0.4608333333333333 0.090625 0.10166666666666667
0 0.521875 0.82625 0.0775 0.08583333333333333
0 0.93125 0.8095833333333333 0.08125 0.09916666666666667
0 0.4928125 0.25083333333333335 0.058125 0.07166666666666667
0 0.3803125 0.17666666666666667 0.070625 0.09833333333333333
1 0.2621875 0.25666666666666665 0.083125 0.09666666666666666
0 0.38 0.40791666666666665 0.06125 0.0825
1 0.7709375 0.8741666666666666 0.081875 0.12166666666666667
0 0.6140625 0.4375 0.059375 0.08666666666666667
0 0.83 0.25083333333333335 0.07875 0.1
0 0.0825 0.27666666666666667 0.065 0.07833333333333334
0 0.3621875 0.14291666666666666 0.064375 0.08416666666666667
1 0.655625 0.3904166666666667 0.0975 0.10416666666666667
1 0.521875 0.19708333333333333 0.07625 0.13583333333333333
1 0.5909375 0.175 0.066875 0.14833333333333334
1 0.893125 0.3620833333333333 0.105 0.14416666666666667
0 0.709375 0.9270833333333334 0.07 0.0875
0 0.566875 0.95 0.04375 0.08
0 0.8878125 0.11 0.059375 0.075
0 0.9209375 0.18375 0.065625 0.08416666666666667
0 0.806875 0.3879166666666667 0.05875 0.1075
0 0.4621875 0.18541666666666667 0.049375 0.08416666666666667
0 0.310625 0.19083333333333333 0.07 0.07666666666666666
0 0.351875 0.09 0.05375 0.075