0 0.27875 0.6508333333333334 0.1 0.13333333333333333
0 0.5884375 0.67375 0.098125 0.13083333333333333
0 0.3359375 0.09875 0.088125 0.1175
0 0.6575 0.2225 0.1 0.13333333333333333
0 0.88375 0.73875 0.09125 0.1225
0 0.7225 0.17333333333333334 0.09875 0.13166666666666665
0 0.640625 0.09166666666666666 0.1025 0.13666666666666666
0 0.2778125 0.32375 0.091875 0.1225
0 0.816875 0.5466666666666666 0.09625 0.12833333333333333
0 0.221875 0.25833333333333336 0.095 0.12666666666666668
0 0.781875 0.5516666666666666 0.10375 0.13833333333333334
0 0.3909375 0.15083333333333335 0.104375 0.14
0 0.6446875 0.42041666666666666 0.098125 0.13083333333333333
0 0.498125 0.20833333333333334 0.095 0.12666666666666668
0 0.8759375 0.6495833333333333 0.096875 0.12916666666666668
0 0.8803125 0.5970833333333333 0.090625 0.12083333333333333
0 0.33 0.38916666666666666 0.1 0.13333333333333333
0 0.72375 0.6208333333333333 0.0975 0.13
0 0.3921875 0.40791666666666665 0.095625 0.1275
0 0.124375 0.39958333333333335 0.09375 0.12416666666666666
0 0.625625 0.7816666666666666 0.09 0.12
0 0.1646875 0.49541666666666667 0.089375 0.11916666666666667
0 0.51875 0.125 0.09625 0.12833333333333333
0 0.1490625 0.5758333333333333 0.098125 0.13166666666666665
0 0.86625 0.49416666666666664 0.095 0.12666666666666668
0 0.6803125 0.70875 0.095625 0.1275
0 0.5221875 0.59375 0.091875 0.1225
0 0.1284375 0.2675 0.100625 0.135
0 0.7996875 0.8579166666666667 0.099375 0.1325
0 0.72125 0.5533333333333333 0.10125 0.135
0 0.66125 0.49333333333333335 0.105 0.14
0 0.32875 0.4666666666666667 0.1 0.13333333333333333
0 0.1825 0.6416666666666667 0.10625 0.14166666666666666
0 0.4715625 0.6220833333333333 0.103125 0.1375
0 0.1628125 0.32625 0.104375 0.13916666666666666
0 0.643125 0.8583333333333333 0.1 0.13333333333333333
0 0.760625 0.86875 0.09875 0.1325
0 0.70625 0.4116666666666667 0.09875 0.13166666666666665
0 0.2025 0.4633333333333333 0.1075 0.14333333333333334
0 0.71625 0.8316666666666667 0.0825 0.11
0 0.6853125 0.8854166666666666 0.110625 0.1475
0 0.09125 0.225 0.105 0.14
0 0.2459375 0.4579166666666667 0.104375 0.13916666666666666
0 0.8028125 0.7641666666666667 0.088125 0.11833333333333333
0 0.555625 0.4241666666666667 0.0925 0.12333333333333334
0 0.2065625 0.3829166666666667 0.106875 0.1425
0 0.9096875 0.42125 0.099375 0.1325
0 0.27 0.3925 0.1 0.13333333333333333