0 0.6965625 0.54125 0.105625 0.14083333333333334
0 0.223125 0.44708333333333333 0.10375 0.13916666666666666
0 0.540625 0.83875 0.1025 0.1375
0 0.814375 0.43833333333333335 0.11125 0.14833333333333334
0 0.68375 0.4508333333333333 0.11375 0.15166666666666667
0 0.5515625 0.16666666666666666 0.109375 0.145
0 0.371875 0.345 0.09875 0.13166666666666665
0 0.475625 0.3770833333333333 0.10375 0.1375
0 0.3859375 0.46708333333333335 0.113125 0.15083333333333335
0 0.32125 0.6825 0.1125 0.15
0 0.6128125 0.8304166666666667 0.119375 0.15916666666666668
0 0.1225 0.2633333333333333 0.1175 0.15666666666666668
0 0.9 0.5883333333333334 0.10875 0.145
0 0.445625 0.62875 0.10875 0.14416666666666667
0 0.495 0.74 0.12 0.16
0 0.2228125 0.7491666666666666 0.104375 0.14
0 0.32875 0.5475 0.1125 0.15
0 0.7715625 0.77375 0.101875 0.13583333333333333
0 0.59625 0.3883333333333333 0.105 0.14
0 0.2 0.3025 0.10625 0.14166666666666666
0 0.7809375 0.3325 0.109375 0.14666666666666667
0 0.52 0.07541666666666667 0.09875 0.1325
0 0.4428125 0.8391666666666666 0.108125 0.14333333333333334
0 0.4996875 0.49375 0.105625 0.14083333333333334
0 0.2596875 0.5895833333333333 0.100625 0.13416666666666666
0 0.4475 0.46 0.1 0.13333333333333333
0 0.5090625 0.5941666666666666 0.109375 0.14666666666666667
0 0.44125 0.07458333333333333 0.1025 0.13583333333333333
0 0.1271875 0.3858333333333333 0.109375 0.145
0 0.7525 0.4525 0.10875 0.145
0 0.5575 0.6770833333333334 0.11125 0.14916666666666667
0 0.343125 0.9070833333333334 0.10875 0.14583333333333334
0 0.18625 0.16666666666666666 0.10875 0.145
0 0.7146875 0.86625 0.114375 0.1525
0 0.51375 0.26875 0.1025 0.1375
0 0.635 0.33416666666666667 0.0925 0.12333333333333334
0 0.530625 0.38333333333333336 0.10875 0.145
0 0.2915625 0.4825 0.100625 0.13333333333333333
0 0.6921875 0.8320833333333333 0.113125 0.15083333333333335
0 0.3521875 0.23208333333333334 0.105625 0.14083333333333334
0 0.3809375 0.23583333333333334 0.096875 0.13
0 0.943125 0.44625 0.10125 0.13416666666666666