0 0.6759375 0.6491666666666667 0.068125 0.09166666666666666
0 0.7528125 0.2808333333333333 0.061875 0.08333333333333333
0 0.48875 0.2970833333333333 0.07 0.08416666666666667
0 0.50375 0.6341666666666667 0.07375 0.09833333333333333
0 0.8840625 0.6070833333333333 0.074375 0.08916666666666667
0 0.200625 0.89125 0.07 0.09416666666666666
0 0.355 0.6795833333333333 0.0825 0.0875
0 0.7696875 0.44416666666666665 0.073125 0.08833333333333333
0 0.2559375 0.12333333333333334 0.080625 0.10833333333333334
0 0.6075 0.5591666666666667 0.07125 0.07333333333333333
0 0.59625 0.66375 0.07 0.10583333333333333
0 0.5034375 0.7729166666666667 0.070625 0.0975
0 0.8325 0.7304166666666667 0.07875 0.09583333333333334
0 0.0559375 0.23125 0.076875 0.10083333333333333
0 0.1725 0.3883333333333333 0.07625 0.09666666666666666
0 0.1390625 0.05541666666666667 0.075625 0.10916666666666666
0 0.17875 0.3329166666666667 0.07 0.09083333333333334
1 0.34625 0.12291666666666666 0.09 0.11916666666666667
0 0.68875 0.5191666666666667 0.08 0.09