0 0.3696875 0.62 0.074375 0.11
0 0.6809375 0.5670833333333334 0.074375 0.09916666666666667
0 0.5478125 0.4075 0.070625 0.105
0 0.4371875 0.56875 0.079375 0.10583333333333333
0 0.381875 0.35791666666666666 0.0725 0.0875
0 0.3309375 0.8779166666666667 0.083125 0.10916666666666666
0 0.716875 0.1025 0.0675 0.10833333333333334
0 0.7790625 0.06208333333333333 0.073125 0.1075
0 0.4990625 0.09916666666666667 0.085625 0.115
0 0.35875 0.25708333333333333 0.07125 0.10416666666666667
0 0.411875 0.08458333333333333 0.06875 0.12416666666666666
0 0.3853125 0.9316666666666666 0.085625 0.10333333333333333
0 0.7278125 0.43083333333333335 0.085625 0.11
0 0.7146875 0.7204166666666667 0.071875 0.11416666666666667
0 0.541875 0.5816666666666667 0.0675 0.12666666666666668
0 0.57 0.07166666666666667 0.06625 0.10666666666666667
0 0.2 0.24958333333333332 0.08 0.11583333333333333
0 0.7334375 0.2679166666666667 0.078125 0.1375
0 0.1890625 0.09791666666666667 0.076875 0.11583333333333333
0 0.5996875 0.8541666666666666 0.078125 0.105
0 0.515 0.21333333333333335 0.09125 0.10666666666666667
0 0.5346875 0.9020833333333333 0.069375 0.08083333333333333
0 0.5403125 0.8504166666666667 0.051875 0.08916666666666667