0 0.0425 0.3229166666666667 0.08375 0.1125
0 0.3078125 0.46125 0.085625 0.11416666666666667
0 0.186875 0.31625 0.10125 0.13416666666666666
0 0.120625 0.5041666666666667 0.1 0.13333333333333333
0 0.40375 0.66875 0.09 0.11916666666666667
0 0.8684375 0.4775 0.093125 0.12333333333333334
0 0.495625 0.54625 0.085 0.1125
0 0.724375 0.39416666666666667 0.09125 0.12166666666666667
0 0.7190625 0.24708333333333332 0.088125 0.1175
0 0.6053125 0.8495833333333334 0.094375 0.12583333333333332
0 0.46125 0.68 0.08375 0.11166666666666666
0 0.5709375 0.48041666666666666 0.088125 0.1175
0 0.6465625 0.75625 0.084375 0.1125
0 0.3859375 0.13791666666666666 0.091875 0.1225
0 0.18625 0.18125 0.09125 0.1225
0 0.2378125 0.07958333333333334 0.090625 0.12083333333333333
0 0.550625 0.7679166666666667 0.095 0.12583333333333332
1 0.1640625 0.4041666666666667 0.103125 0.13833333333333334
0 0.3065625 0.3775 0.089375 0.12
0 0.4359375 0.5425 0.078125 0.105
0 0.8359375 0.39625 0.086875 0.11583333333333333
0 0.7684375 0.9104166666666667 0.085625 0.11416666666666667
0 0.805 0.6345833333333334 0.0875 0.1175
0 0.355 0.08541666666666667 0.085 0.1125
0 0.8840625 0.8179166666666666 0.101875 0.13583333333333333
0 0.8509375 0.5820833333333333 0.098125 0.13083333333333333
0 0.75375 0.18333333333333332 0.0775 0.10333333333333333
0 0.925625 0.5754166666666667 0.08125 0.10916666666666666
0 0.4690625 0.8583333333333333 0.101875 0.13666666666666666
0 0.4896875 0.3875 0.090625 0.12
0 0.620625 0.4170833333333333 0.0875 0.11583333333333333
0 0.273125 0.1475 0.0975 0.13
0 0.3246875 0.6395833333333333 0.080625 0.1075
0 0.490625 0.2825 0.07875 0.105
0 0.4175 0.3541666666666667 0.10125 0.135
0 0.7196875 0.7075 0.081875 0.10833333333333334
0 0.4225 0.4166666666666667 0.08875 0.11833333333333333
0 0.3325 0.16416666666666666 0.0875 0.11666666666666667
0 0.655 0.39416666666666667 0.08375 0.11166666666666666
0 0.4540625 0.18041666666666667 0.085625 0.11416666666666667
0 0.470625 0.46416666666666667 0.0875 0.11666666666666667
1 0.6565625 0.18625 0.110625 0.1475
0 0.22625 0.24791666666666667 0.0775 0.1025
0 0.745625 0.7845833333333333 0.07625 0.1025
0 0.5921875 0.7195833333333334 0.099375 0.1325
0 0.6171875 0.54875 0.078125 0.10416666666666667
0 0.8009375 0.27375 0.074375 0.09916666666666667
0 0.651875 0.11666666666666667 0.07375 0.09833333333333333
0 0.6225 0.6108333333333333 0.10625 0.14166666666666666
0 0.7903125 0.6970833333333334 0.079375 0.10583333333333333
0 0.555 0.19333333333333333 0.085 0.11333333333333333
0 0.316875 0.25333333333333335 0.0675 0.09
0 0.204375 0.41291666666666665 0.0725 0.0975
0 0.118125 0.18541666666666667 0.07 0.09416666666666666
0 0.755625 0.8525 0.075 0.1
0 0.6353125 0.4970833333333333 0.083125 0.11083333333333334
0 0.630625 0.6770833333333334 0.08875 0.11916666666666667
0 0.281875 0.27666666666666667 0.075 0.1
0 0.4375 0.23875 0.0775 0.10416666666666667
0 0.5278125 0.23291666666666666 0.071875 0.09583333333333334
0 0.5803125 0.6133333333333333 0.075625 0.10166666666666667
0 0.51375 0.6204166666666666 0.09 0.11916666666666667
0 0.5378125 0.5929166666666666 0.084375 0.1125
0 0.4871875 0.35041666666666665 0.083125 0.11083333333333334