0 0.7459375 0.6875 0.065625 0.08333333333333333
0 0.051875 0.9366666666666666 0.06 0.08666666666666667
0 0.73375 0.9454166666666667 0.0675 0.07916666666666666
0 0.3621875 0.7679166666666667 0.065625 0.0975
0 0.3690625 0.15 0.061875 0.09
0 0.25125 0.6779166666666666 0.07125 0.09916666666666667
0 0.1428125 0.46291666666666664 0.074375 0.0775
0 0.1134375 0.8929166666666667 0.068125 0.08416666666666667
0 0.3125 0.5195833333333333 0.065 0.09416666666666666
0 0.3040625 0.09166666666666666 0.064375 0.08166666666666667
0 0.1265625 0.5420833333333334 0.071875 0.08416666666666667
0 0.4540625 0.7808333333333334 0.068125 0.08833333333333333
0 0.949375 0.8329166666666666 0.07 0.09416666666666666
0 0.4146875 0.7025 0.071875 0.09
0 0.25125 0.48 0.07 0.09166666666666666
0 0.679375 0.6170833333333333 0.05875 0.09083333333333334
0 0.3334375 0.6808333333333333 0.066875 0.08833333333333333
0 0.52375 0.9229166666666667 0.06375 0.07916666666666666
0 0.0446875 0.11166666666666666 0.064375 0.08166666666666667
0 0.17125 0.7983333333333333 0.06 0.07833333333333334
0 0.769375 0.11833333333333333 0.06 0.08166666666666667
0 0.9303125 0.9125 0.066875 0.07666666666666666
0 0.8575 0.15958333333333333 0.065 0.10083333333333333
0 0.148125 0.15291666666666667 0.06875 0.08416666666666667
0 0.429375 0.27208333333333334 0.07375 0.0775
0 0.3534375 0.58375 0.064375 0.0825
0 0.5021875 0.22666666666666666 0.065625 0.09666666666666666
0 0.4115625 0.35375 0.069375 0.0875
0 0.6525 0.42625 0.065 0.08083333333333333
0 0.300625 0.17291666666666666 0.0675 0.08083333333333333
0 0.0546875 0.19791666666666666 0.069375 0.09083333333333334
0 0.3115625 0.42833333333333334 0.081875 0.08166666666666667
0 0.7621875 0.8691666666666666 0.065625 0.08333333333333333
0 0.7175 0.1775 0.06625 0.085
0 0.2409375 0.11125 0.055625 0.08583333333333333
0 0.8565625 0.6816666666666666 0.071875 0.09833333333333333
0 0.9240625 0.185 0.066875 0.095
0 0.089375 0.7970833333333334 0.065 0.08083333333333333
0 0.7940625 0.5279166666666667 0.060625 0.07583333333333334
0 0.21875 0.3779166666666667 0.0625 0.09583333333333334
0 0.9503125 0.7058333333333333 0.060625 0.09833333333333333
0 0.68375 0.07083333333333333 0.06625 0.08833333333333333
0 0.2003125 0.6120833333333333 0.071875 0.09416666666666666
0 0.10125 0.325 0.0775 0.085
0 0.8690625 0.355 0.074375 0.09666666666666666
0 0.059375 0.7233333333333334 0.0625 0.07833333333333334
0 0.1878125 0.08041666666666666 0.056875 0.07583333333333334
0 0.433125 0.5154166666666666 0.06375 0.08083333333333333
0 0.546875 0.45208333333333334 0.06375 0.10416666666666667
0 0.489375 0.3933333333333333 0.0575 0.08333333333333333
0 0.899375 0.73875 0.06125 0.0875
0 0.415625 0.19375 0.06625 0.08083333333333333
0 0.281875 0.29333333333333333 0.07375 0.09666666666666666
0 0.0765625 0.26166666666666666 0.068125 0.07
0 0.619375 0.5829166666666666 0.06875 0.09583333333333334
0 0.5596875 0.7120833333333333 0.059375 0.08083333333333333
0 0.1309375 0.39208333333333334 0.075625 0.07083333333333333
0 0.5875 0.9441666666666667 0.06125 0.08166666666666667
0 0.0484375 0.5333333333333333 0.056875 0.07666666666666666
0 0.7203125 0.8129166666666666 0.071875 0.08916666666666667
0 0.73125 0.5920833333333333 0.07125 0.1025
0 0.6534375 0.7416666666666667 0.061875 0.08
0 0.67625 0.35125 0.06375 0.08083333333333333
0 0.4325 0.62875 0.05875 0.08083333333333333
0 0.5053125 0.10625 0.069375 0.09416666666666666
0 0.61875 0.22166666666666668 0.06875 0.095
0 0.72625 0.5129166666666667 0.06625 0.06416666666666666
0 0.0396875 0.64 0.074375 0.09166666666666666
0 0.164375 0.87 0.07375 0.08833333333333333
0 0.7578125 0.4058333333333333 0.063125 0.08833333333333333
1 0.8021875 0.6320833333333333 0.099375 0.1225