0 0.27125 0.8245833333333333 0.10375 0.1375
0 0.0728125 0.6208333333333333 0.105625 0.14166666666666666
0 0.45625 0.5979166666666667 0.1025 0.13583333333333333
0 0.2234375 0.77875 0.104375 0.13916666666666666
1 0.1221875 0.5279166666666667 0.091875 0.1225
0 0.6453125 0.5095833333333334 0.109375 0.14583333333333334
0 0.4353125 0.7329166666666667 0.113125 0.15083333333333335
0 0.2678125 0.4891666666666667 0.091875 0.12333333333333334
0 0.210625 0.6641666666666667 0.1 0.13333333333333333
0 0.8475 0.4225 0.1125 0.15
0 0.174375 0.3025 0.105 0.14
0 0.386875 0.6120833333333333 0.10875 0.14583333333333334
0 0.5246875 0.13041666666666665 0.114375 0.1525
0 0.0703125 0.42625 0.101875 0.13583333333333333
0 0.366875 0.4225 0.11 0.14666666666666667
0 0.6165625 0.4375 0.110625 0.14833333333333334
0 0.7803125 0.5470833333333334 0.115625 0.15416666666666667
0 0.511875 0.8275 0.12 0.16