0 0.47125 0.7070833333333333 0.11125 0.1475
0 0.663125 0.37583333333333335 0.105 0.14
0 0.2196875 0.14416666666666667 0.110625 0.14833333333333334
0 0.4846875 0.38875 0.105625 0.14083333333333334
0 0.491875 0.6070833333333333 0.1125 0.14916666666666667
0 0.3409375 0.51 0.098125 0.13
0 0.2865625 0.21666666666666667 0.121875 0.16166666666666665
0 0.2709375 0.46041666666666664 0.105625 0.14083333333333334
0 0.2171875 0.28875 0.114375 0.1525
0 0.6478125 0.9125 0.115625 0.15333333333333332
0 0.880625 0.8470833333333333 0.115 0.15416666666666667
0 0.624375 0.23541666666666666 0.11875 0.15916666666666668
0 0.76875 0.4525 0.11125 0.14833333333333334
0 0.7828125 0.9216666666666666 0.093125 0.12333333333333334
0 0.5725 0.5175 0.115 0.15333333333333332
0 0.3221875 0.13041666666666665 0.103125 0.1375
0 0.1546875 0.605 0.118125 0.15666666666666668
0 0.5415625 0.11458333333333333 0.128125 0.17083333333333334
0 0.839375 0.77 0.1125 0.15
0 0.0665625 0.5079166666666667 0.115625 0.15416666666666667
0 0.758125 0.6554166666666666 0.11125 0.1475
0 0.3584375 0.2825 0.120625 0.16166666666666665
0 0.1590625 0.21291666666666667 0.094375 0.12583333333333332
0 0.125 0.17083333333333334 0.10375 0.13833333333333334
0 0.7378125 0.7504166666666666 0.091875 0.1225
0 0.7140625 0.7091666666666666 0.084375 0.11166666666666666