0 0.39 0.3641666666666667 0.11125 0.14833333333333334
0 0.5459375 0.44625 0.088125 0.1175
0 0.8328125 0.43166666666666664 0.096875 0.12833333333333333
0 0.688125 0.6025 0.10125 0.135
0 0.6415625 0.24708333333333332 0.100625 0.13416666666666666
0 0.599375 0.8483333333333334 0.0875 0.11666666666666667
0 0.3853125 0.7179166666666666 0.110625 0.1475
0 0.653125 0.4216666666666667 0.105 0.14
0 0.2990625 0.41125 0.093125 0.12416666666666666
0 0.2925 0.6983333333333334 0.11625 0.155
0 0.513125 0.725 0.10625 0.14166666666666666
0 0.3284375 0.8133333333333334 0.108125 0.14333333333333334
0 0.7753125 0.5829166666666666 0.105625 0.14083333333333334
0 0.8509375 0.5308333333333334 0.104375 0.13833333333333334
0 0.0528125 0.5958333333333333 0.104375 0.13833333333333334
0 0.7678125 0.47458333333333336 0.101875 0.13583333333333333
0 0.2271875 0.8483333333333334 0.093125 0.125
0 0.4384375 0.15625 0.099375 0.1325
0 0.3515625 0.26 0.106875 0.14166666666666666
0 0.6671875 0.7079166666666666 0.103125 0.1375
0 0.7184375 0.54375 0.085625 0.11416666666666667
0 0.6309375 0.06791666666666667 0.096875 0.12916666666666668
0 0.5609375 0.28 0.113125 0.15
0 0.195 0.5254166666666666 0.09375 0.12583333333333332
0 0.5090625 0.08125 0.090625 0.12083333333333333
0 0.3825 0.5758333333333333 0.0875 0.11666666666666667
0 0.0625 0.7091666666666666 0.09375 0.125
0 0.655625 0.91875 0.10625 0.14083333333333334
0 0.901875 0.33375 0.09875 0.13083333333333333
0 0.4859375 0.8341666666666666 0.104375 0.13833333333333334
0 0.456875 0.8025 0.08625 0.115
0 0.9403125 0.3883333333333333 0.100625 0.135
0 0.629375 0.7470833333333333 0.0975 0.12916666666666668
0 0.2946875 0.195 0.095625 0.12833333333333333
1 0.4628125 0.4579166666666667 0.129375 0.1725