0 0.3828125 0.465 0.061875 0.08833333333333333
0 0.616875 0.485 0.075 0.09
0 0.35 0.23375 0.0625 0.08583333333333333
0 0.7678125 0.6779166666666666 0.060625 0.08916666666666667
0 0.2884375 0.7358333333333333 0.074375 0.09833333333333333
0 0.4325 0.26125 0.06 0.0825
0 0.7725 0.09541666666666666 0.075 0.10083333333333333
0 0.3296875 0.155 0.065625 0.08
0 0.6503125 0.78125 0.064375 0.07583333333333334
0 0.3271875 0.38 0.071875 0.09
0 0.6403125 0.06916666666666667 0.069375 0.1
0 0.5215625 0.365 0.059375 0.07666666666666666
0 0.19625 0.4125 0.0725 0.08833333333333333
0 0.7428125 0.54125 0.061875 0.0925
0 0.2884375 0.8958333333333334 0.056875 0.07833333333333334
0 0.1978125 0.7370833333333333 0.063125 0.11583333333333333
0 0.7909375 0.33708333333333335 0.056875 0.0725
0 0.5128125 0.08708333333333333 0.069375 0.09416666666666666
0 0.6115625 0.29583333333333334 0.063125 0.085
1 0.8 0.195 0.06125 0.10833333333333334
0 0.8059375 0.40958333333333335 0.078125 0.09083333333333334
0 0.82625 0.04583333333333333 0.0625 0.07333333333333333
0 0.3484375 0.8525 0.065625 0.07333333333333333
0 0.57125 0.8416666666666667 0.065 0.09833333333333333
0 0.7690625 0.21166666666666667 0.066875 0.09
0 0.47875 0.46041666666666664 0.0575 0.1175
0 0.59625 0.8041666666666667 0.0525 0.08666666666666667