0 0.6034375 0.31625 0.075625 0.11083333333333334
0 0.7296875 0.6758333333333333 0.079375 0.10333333333333333
0 0.4871875 0.15458333333333332 0.073125 0.10083333333333333
0 0.16875 0.6008333333333333 0.08 0.10166666666666667
0 0.813125 0.7404166666666666 0.07125 0.11083333333333334
0 0.4978125 0.06875 0.074375 0.0825
0 0.214375 0.25708333333333333 0.07375 0.10416666666666667
0 0.81875 0.08833333333333333 0.08 0.1
0 0.336875 0.93375 0.075 0.09583333333333334
0 0.316875 0.45708333333333334 0.075 0.10083333333333333
0 0.3003125 0.14083333333333334 0.069375 0.10333333333333333
0 0.4915625 0.3645833333333333 0.081875 0.11083333333333334
0 0.1875 0.8770833333333333 0.07625 0.1025
0 0.7265625 0.09916666666666667 0.069375 0.095
0 0.4046875 0.23625 0.073125 0.10416666666666667
0 0.261875 0.63125 0.085 0.1125
0 0.30375 0.25 0.08125 0.10166666666666667
0 0.4340625 0.4354166666666667 0.088125 0.10083333333333333
0 0.7328125 0.1975 0.075625 0.10333333333333333
0 0.2028125 0.72875 0.079375 0.10083333333333333
0 0.6071875 0.5066666666666667 0.080625 0.11
0 0.68 0.6141666666666666 0.08125 0.105
0 0.243125 0.07458333333333333 0.07125 0.09083333333333334
0 0.6765625 0.94625 0.078125 0.09083333333333334
0 0.375 0.1575 0.07875 0.11
0 0.648125 0.15166666666666667 0.08875 0.09666666666666666
1 0.7678125 0.95125 0.059375 0.07916666666666666
0 0.6096875 0.6916666666666667 0.080625 0.11333333333333333
0 0.6596875 0.058333333333333334 0.071875 0.09
0 0.2209375 0.1425 0.080625 0.09
0 0.6746875 0.30291666666666667 0.061875 0.10083333333333333