0 0.7403125 0.36583333333333334 0.080625 0.12
0 0.246875 0.3825 0.08375 0.09833333333333333
0 0.2059375 0.2916666666666667 0.079375 0.125
0 0.6584375 0.8729166666666667 0.083125 0.1125
0 0.93125 0.30416666666666664 0.07875 0.105
0 0.77875 0.1225 0.085 0.11666666666666667
0 0.8109375 0.84625 0.084375 0.10416666666666667
0 0.3421875 0.8845833333333334 0.080625 0.11083333333333334
0 0.821875 0.37625 0.08375 0.1025
0 0.2909375 0.7291666666666666 0.086875 0.11333333333333333
0 0.2109375 0.6658333333333334 0.084375 0.12333333333333334
0 0.4353125 0.6783333333333333 0.084375 0.11833333333333333
0 0.6359375 0.73625 0.100625 0.11083333333333334
0 0.8196875 0.2529166666666667 0.090625 0.10583333333333333
0 0.28625 0.28375 0.08375 0.11416666666666667
0 0.27375 0.56625 0.08 0.11416666666666667