0 0.449375 0.19208333333333333 0.06875 0.0875
0 0.264375 0.32625 0.06875 0.08583333333333333
0 0.58875 0.5545833333333333 0.07125 0.09583333333333334
0 0.65375 0.62375 0.0675 0.0925
0 0.6834375 0.35625 0.066875 0.09083333333333334
0 0.554375 0.16208333333333333 0.07 0.08916666666666667
0 0.3346875 0.6341666666666667 0.076875 0.08666666666666667
0 0.756875 0.4816666666666667 0.0675 0.08833333333333333
0 0.341875 0.7516666666666667 0.06625 0.08666666666666667
0 0.2734375 0.5558333333333333 0.073125 0.095
0 0.346875 0.11333333333333333 0.05375 0.07
0 0.240625 0.6595833333333333 0.07125 0.0925
0 0.1775 0.17708333333333334 0.06125 0.0775
0 0.6359375 0.9091666666666667 0.078125 0.095
0 0.3096875 0.415 0.076875 0.09833333333333333
0 0.4540625 0.9275 0.069375 0.09
0 0.609375 0.28541666666666665 0.0625 0.08083333333333333
0 0.2978125 0.22875 0.069375 0.0925
0 0.560625 0.8833333333333333 0.075 0.09833333333333333
0 0.7459375 0.8966666666666666 0.074375 0.09833333333333333
0 0.483125 0.10833333333333334 0.0675 0.09166666666666666
0 0.594375 0.7766666666666666 0.07375 0.095
0 0.34 0.9095833333333333 0.06 0.0825
0 0.675 0.51125 0.055 0.06583333333333333
0 0.5425 0.049166666666666664 0.07 0.09166666666666666
0 0.73625 0.3020833333333333 0.06 0.07583333333333334
0 0.60875 0.40541666666666665 0.05625 0.1175
0 0.42 0.35541666666666666 0.07875 0.08583333333333333
0 0.26875 0.17375 0.075 0.11083333333333334
0 0.269375 0.04666666666666667 0.06375 0.08833333333333333
0 0.8078125 0.2866666666666667 0.078125 0.1
0 0.4609375 0.4370833333333333 0.054375 0.08583333333333333
0 0.815 0.18541666666666667 0.06375 0.10083333333333333
0 0.1784375 0.07083333333333333 0.045625 0.08333333333333333
0 0.4328125 0.73875 0.073125 0.1075
0 0.524375 0.4725 0.06125 0.055
1 0.5175 0.4175 0.0725 0.11166666666666666