0 0.3221875 0.34708333333333335 0.063125 0.08083333333333333
0 0.1934375 0.5404166666666667 0.060625 0.08583333333333333
0 0.60625 0.8204166666666667 0.05875 0.07416666666666667
0 0.5340625 0.24416666666666667 0.065625 0.08666666666666667
0 0.433125 0.47541666666666665 0.07125 0.0925
0 0.6603125 0.5220833333333333 0.068125 0.09083333333333334
0 0.6740625 0.8020833333333334 0.068125 0.08416666666666667
0 0.5740625 0.8675 0.050625 0.07166666666666667
0 0.50875 0.8508333333333333 0.05125 0.095
0 0.28875 0.6716666666666666 0.06875 0.1
0 0.34375 0.61625 0.055 0.07583333333333334
0 0.348125 0.8195833333333333 0.0625 0.07416666666666667
0 0.7621875 0.77125 0.070625 0.0825
0 0.374375 0.5258333333333334 0.06 0.095
0 0.201875 0.2554166666666667 0.05875 0.09083333333333334
0 0.559375 0.70625 0.07875 0.08583333333333333
0 0.3584375 0.19791666666666666 0.069375 0.10416666666666667
0 0.76375 0.14916666666666667 0.08125 0.10833333333333334
0 0.421875 0.13666666666666666 0.0675 0.10166666666666667
0 0.258125 0.4633333333333333 0.065 0.08666666666666667
0 0.788125 0.5083333333333333 0.07 0.095
0 0.3446875 0.93875 0.068125 0.08416666666666667
0 0.4475 0.32916666666666666 0.065 0.08833333333333333
0 0.711875 0.5454166666666667 0.075 0.0875
0 0.4325 0.8683333333333333 0.06625 0.09666666666666666
0 0.495 0.05583333333333333 0.05875 0.085
0 0.175 0.8504166666666667 0.06 0.08583333333333333
0 0.3059375 0.5041666666666667 0.065625 0.115
0 0.4740625 0.3975 0.066875 0.08
0 0.410625 0.84625 0.07375 0.09916666666666667
0 0.405 0.9545833333333333 0.06 0.08083333333333333
0 0.6046875 0.70875 0.069375 0.08583333333333333
1 0.1809375 0.7845833333333333 0.080625 0.12083333333333333
0 0.56875 0.595 0.065 0.095
0 0.8390625 0.8566666666666667 0.066875 0.08833333333333333
0 0.5534375 0.6504166666666666 0.070625 0.09083333333333334
1 0.5878125 0.4945833333333333 0.085625 0.14916666666666667
0 0.4703125 0.15833333333333333 0.066875 0.10333333333333333
0 0.23875 0.057916666666666665 0.06 0.059166666666666666
0 0.50875 0.105 0.06875 0.08666666666666667