0 0.7103125 0.12041666666666667 0.088125 0.1175
0 0.804375 0.16 0.09 0.12
0 0.435 0.7958333333333333 0.1025 0.13666666666666666
0 0.6125 0.5383333333333333 0.09375 0.125
0 0.616875 0.3516666666666667 0.10125 0.135
0 0.6815625 0.23583333333333334 0.109375 0.14666666666666667
0 0.1309375 0.38333333333333336 0.101875 0.13666666666666666
0 0.156875 0.5575 0.10125 0.135
0 0.4015625 0.9154166666666667 0.101875 0.13583333333333333
0 0.32375 0.7204166666666667 0.09375 0.12416666666666666
0 0.3621875 0.17666666666666667 0.089375 0.12
0 0.1121875 0.5020833333333333 0.100625 0.13416666666666666
0 0.198125 0.29875 0.09375 0.12583333333333332
0 0.8071875 0.5679166666666666 0.098125 0.13083333333333333
0 0.2809375 0.23166666666666666 0.094375 0.12666666666666668
0 0.695625 0.7345833333333334 0.08875 0.11916666666666667
1 0.8103125 0.4170833333333333 0.111875 0.14916666666666667
0 0.1715625 0.45 0.101875 0.13666666666666666
0 0.2534375 0.8920833333333333 0.085625 0.11416666666666667
0 0.4759375 0.4058333333333333 0.084375 0.11166666666666666
0 0.40125 0.5275 0.08875 0.11833333333333333
0 0.4240625 0.11791666666666667 0.081875 0.10916666666666666
0 0.359375 0.135 0.09625 0.12833333333333333
0 0.654375 0.63375 0.09375 0.12583333333333332
1 0.358125 0.40375 0.1175 0.1575
0 0.5878125 0.92875 0.075625 0.10083333333333333
0 0.47125 0.5925 0.09 0.12
0 0.795 0.6516666666666666 0.07875 0.105
0 0.6678125 0.8425 0.088125 0.11666666666666667
0 0.835625 0.08916666666666667 0.08625 0.115
0 0.5721875 0.19291666666666665 0.095625 0.1275
0 0.5034375 0.08416666666666667 0.094375 0.125
1 0.4884375 0.47291666666666665 0.121875 0.1625
0 0.425 0.6529166666666667 0.0875 0.11583333333333333
0 0.5371875 0.4125 0.085625 0.115
0 0.5696875 0.28208333333333335 0.088125 0.1175
0 0.488125 0.23041666666666666 0.0725 0.0975
0 0.9325 0.39125 0.08 0.10583333333333333
0 0.859375 0.36083333333333334 0.08375 0.11166666666666666
0 0.51 0.33416666666666667 0.0825 0.11
0 0.468125 0.68 0.08125 0.10833333333333334
0 0.094375 0.73 0.0875 0.11666666666666667
0 0.4321875 0.2604166666666667 0.078125 0.10416666666666667
0 0.4565625 0.06125 0.083125 0.11083333333333334
0 0.24 0.9333333333333333 0.07875 0.105
0 0.5040625 0.2841666666666667 0.086875 0.115
0 0.820625 0.35833333333333334 0.095 0.12666666666666668
1 0.7321875 0.6354166666666666 0.120625 0.16083333333333333
0 0.3465625 0.78625 0.071875 0.09583333333333334
0 0.289375 0.4816666666666667 0.08625 0.115
0 0.1078125 0.79375 0.108125 0.14416666666666667
0 0.1415625 0.7454166666666666 0.071875 0.09583333333333334
0 0.3240625 0.5158333333333334 0.068125 0.09166666666666666