0 0.2721875 0.41625 0.104375 0.13916666666666666
0 0.148125 0.3433333333333333 0.095 0.12666666666666668
0 0.4859375 0.9154166666666667 0.076875 0.1025
0 0.6065625 0.93375 0.095625 0.1275
0 0.3940625 0.8916666666666667 0.103125 0.13833333333333334
0 0.6321875 0.28208333333333335 0.115625 0.15416666666666667
0 0.1190625 0.51125 0.091875 0.1225
0 0.9346875 0.3279166666666667 0.103125 0.1375
0 0.206875 0.4370833333333333 0.10625 0.1425
0 0.7403125 0.77375 0.111875 0.14916666666666667
0 0.47125 0.7716666666666666 0.07625 0.10166666666666667
0 0.6146875 0.18041666666666667 0.111875 0.14916666666666667
0 0.5303125 0.8404166666666667 0.118125 0.1575
0 0.466875 0.44208333333333333 0.0875 0.1175
0 0.4596875 0.24875 0.114375 0.1525
0 0.2575 0.3104166666666667 0.10375 0.1375
0 0.7878125 0.6845833333333333 0.109375 0.14583333333333334
0 0.1784375 0.5445833333333333 0.088125 0.1175
0 0.8971875 0.5379166666666667 0.101875 0.13583333333333333
0 0.2125 0.6783333333333333 0.1075 0.14333333333333334
0 0.3946875 0.29291666666666666 0.086875 0.11583333333333333
0 0.3153125 0.71375 0.108125 0.14416666666666667
0 0.4228125 0.6275 0.084375 0.11166666666666666
0 0.528125 0.24916666666666668 0.1075 0.14333333333333334
0 0.1815625 0.84375 0.103125 0.1375
0 0.400625 0.7008333333333333 0.07625 0.10166666666666667
0 0.389375 0.08166666666666667 0.10625 0.14166666666666666
0 0.5159375 0.16291666666666665 0.098125 0.13083333333333333
0 0.5678125 0.8741666666666666 0.086875 0.11666666666666667
0 0.3075 0.26416666666666666 0.1025 0.13666666666666666
0 0.2571875 0.84375 0.105625 0.14083333333333334
0 0.204375 0.35375 0.0875 0.1175
0 0.8703125 0.3125 0.095625 0.12833333333333333
0 0.3396875 0.805 0.106875 0.14333333333333334
0 0.370625 0.38625 0.0825 0.11083333333333334
1 0.6759375 0.16166666666666665 0.146875 0.19666666666666666
1 0.2625 0.7104166666666667 0.10125 0.13416666666666666
0 0.081875 0.42 0.09625 0.12833333333333333
0 0.4115625 0.8370833333333333 0.098125 0.13083333333333333
0 0.3725 0.77125 0.09125 0.1225
0 0.31625 0.8258333333333333 0.1025 0.13666666666666666
0 0.5225 0.09041666666666667 0.09 0.11916666666666667
0 0.7640625 0.10791666666666666 0.099375 0.1325
0 0.83375 0.18791666666666668 0.09 0.11916666666666667
0 0.78375 0.36333333333333334 0.0875 0.11666666666666667
0 0.6728125 0.89625 0.093125 0.12416666666666666
0 0.3171875 0.5020833333333333 0.084375 0.1125
0 0.268125 0.5641666666666667 0.085 0.11333333333333333
0 0.3340625 0.19541666666666666 0.083125 0.11083333333333334
0 0.4040625 0.5229166666666667 0.098125 0.13083333333333333
0 0.370625 0.5441666666666667 0.09625 0.12833333333333333
0 0.363125 0.4575 0.08625 0.115
0 0.334375 0.55375 0.09125 0.1225
0 0.4359375 0.16416666666666666 0.086875 0.11666666666666667
0 0.31875 0.34833333333333333 0.0925 0.12333333333333334
0 0.441875 0.36125 0.08875 0.11916666666666667
0 0.4165625 0.7220833333333333 0.091875 0.1225
0 0.4903125 0.36541666666666667 0.095625 0.1275
1 0.39625 0.20541666666666666 0.1025 0.1375