0 0.52625 0.08 0.10875 0.145
0 0.42625 0.5525 0.1175 0.15666666666666668
0 0.1890625 0.4270833333333333 0.106875 0.1425
0 0.7015625 0.23458333333333334 0.100625 0.13416666666666666
0 0.508125 0.4554166666666667 0.11125 0.1475
0 0.6234375 0.7704166666666666 0.108125 0.14416666666666667
0 0.334375 0.39958333333333335 0.1025 0.1375
0 0.5146875 0.7695833333333333 0.104375 0.13916666666666666
0 0.3559375 0.5716666666666667 0.110625 0.14666666666666667
0 0.0753125 0.47291666666666665 0.091875 0.1225
0 0.77875 0.20916666666666667 0.1075 0.14333333333333334
0 0.6425 0.65375 0.1125 0.15083333333333335
0 0.555 0.21166666666666667 0.11625 0.155
0 0.285 0.6891666666666667 0.095 0.12666666666666668
0 0.1040625 0.6920833333333334 0.110625 0.1475
0 0.7821875 0.5625 0.111875 0.14833333333333334
0 0.60125 0.38958333333333334 0.1025 0.1375
0 0.3365625 0.13125 0.101875 0.13583333333333333
0 0.2771875 0.17458333333333334 0.111875 0.14916666666666667
0 0.1978125 0.8679166666666667 0.104375 0.13916666666666666
0 0.673125 0.5558333333333333 0.09875 0.13166666666666665
0 0.819375 0.48583333333333334 0.1 0.13333333333333333
0 0.274375 0.4375 0.1025 0.13666666666666666
0 0.198125 0.495 0.10375 0.13833333333333334
0 0.6503125 0.45666666666666667 0.110625 0.14666666666666667
0 0.725625 0.6275 0.11 0.14666666666666667
0 0.81875 0.3475 0.10875 0.145
0 0.64375 0.17083333333333334 0.1075 0.14333333333333334
0 0.815 0.155 0.1075 0.14333333333333334
0 0.806875 0.2941666666666667 0.10375 0.13833333333333334
0 0.860625 0.33625 0.1075 0.1425
0 0.2309375 0.24166666666666667 0.116875 0.155
0 0.2978125 0.32958333333333334 0.104375 0.13916666666666666
0 0.4053125 0.325 0.105625 0.14166666666666666
0 0.8796875 0.41833333333333333 0.100625 0.13333333333333333
0 0.25125 0.59875 0.1 0.1325
0 0.7884375 0.44375 0.105625 0.14083333333333334
0 0.7240625 0.7133333333333334 0.109375 0.145
0 0.2565625 0.56375 0.105625 0.14083333333333334
0 0.4178125 0.8758333333333334 0.095625 0.12833333333333333
0 0.3375 0.8091666666666667 0.105 0.14
0 0.3746875 0.1975 0.093125 0.12333333333333334
0 0.750625 0.5308333333333334 0.10625 0.14166666666666666
0 0.4721875 0.3725 0.089375 0.11833333333333333
0 0.26375 0.8025 0.1 0.13333333333333333
0 0.215625 0.3075 0.0925 0.12333333333333334
0 0.39375 0.7858333333333334 0.09375 0.125
0 0.2690625 0.8333333333333334 0.101875 0.135
0 0.3440625 0.27791666666666665 0.106875 0.1425
0 0.355625 0.23 0.10125 0.135