0 0.3240625 0.23083333333333333 0.081875 0.10166666666666667
0 0.5684375 0.86125 0.063125 0.0875
0 0.3909375 0.52375 0.069375 0.09916666666666667
0 0.515 0.43083333333333335 0.0825 0.09166666666666666
0 0.2803125 0.3770833333333333 0.061875 0.09083333333333334
0 0.5909375 0.05291666666666667 0.073125 0.09916666666666667
0 0.459375 0.9395833333333333 0.05625 0.0775
0 0.389375 0.7841666666666667 0.06375 0.095
0 0.4221875 0.24916666666666668 0.068125 0.10666666666666667
0 0.3203125 0.68375 0.061875 0.0975
0 0.5515625 0.36916666666666664 0.068125 0.09166666666666666
0 0.67 0.31708333333333333 0.065 0.10416666666666667
0 0.3734375 0.16708333333333333 0.070625 0.0975
0 0.305 0.88375 0.06625 0.09416666666666666
0 0.6603125 0.6570833333333334 0.075625 0.09583333333333334
0 0.6421875 0.5083333333333333 0.084375 0.10333333333333333
0 0.205625 0.08125 0.07625 0.0925
0 0.63375 0.1525 0.0725 0.09
0 0.6640625 0.85375 0.068125 0.0925
0 0.629375 0.88 0.06 0.09833333333333333
0 0.5296875 0.09083333333333334 0.066875 0.09
0 0.204375 0.8504166666666667 0.07375 0.0875
0 0.7965625 0.7191666666666666 0.066875 0.08666666666666667
0 0.169375 0.21875 0.055 0.14416666666666667
0 0.4871875 0.051666666666666666 0.064375 0.09333333333333334
0 0.5153125 0.505 0.074375 0.08833333333333333
0 0.7009375 0.72 0.058125 0.07833333333333334
1 0.7615625 0.5175 0.080625 0.11
0 0.84 0.5079166666666667 0.06125 0.1075
0 0.4703125 0.12375 0.066875 0.10083333333333333