0 0.788125 0.4683333333333333 0.0875 0.11666666666666667
0 0.2240625 0.6204166666666666 0.088125 0.1175
0 0.2471875 0.7020833333333333 0.083125 0.11083333333333334
0 0.5409375 0.55375 0.093125 0.12416666666666666
0 0.709375 0.3254166666666667 0.085 0.1125
0 0.4146875 0.6658333333333334 0.103125 0.13833333333333334
0 0.4284375 0.10625 0.099375 0.1325
0 0.6478125 0.0875 0.086875 0.11666666666666667
0 0.0634375 0.46875 0.105625 0.14083333333333334
0 0.9021875 0.4979166666666667 0.089375 0.11916666666666667
0 0.6053125 0.5858333333333333 0.091875 0.12166666666666667
0 0.4659375 0.6 0.095625 0.12666666666666668
0 0.5703125 0.34125 0.090625 0.12083333333333333
0 0.5275 0.8641666666666666 0.09375 0.125
0 0.32375 0.42083333333333334 0.08625 0.115
0 0.8640625 0.59875 0.096875 0.12916666666666668
0 0.3946875 0.8654166666666666 0.088125 0.1175
0 0.6275 0.9125 0.0875 0.11666666666666667
0 0.471875 0.27791666666666665 0.09625 0.1275
0 0.489375 0.73 0.09375 0.125
1 0.7040625 0.19541666666666666 0.109375 0.14583333333333334
0 0.65 0.31 0.08875 0.11833333333333333
0 0.7990625 0.6066666666666667 0.103125 0.13666666666666666
0 0.3121875 0.33416666666666667 0.104375 0.13833333333333334
0 0.7384375 0.7720833333333333 0.096875 0.12916666666666668
0 0.2659375 0.13791666666666666 0.096875 0.12916666666666668
0 0.67875 0.515 0.09125 0.12166666666666667
0 0.059375 0.25333333333333335 0.09375 0.125
0 0.2696875 0.23208333333333334 0.093125 0.12416666666666666
0 0.79625 0.7958333333333333 0.09 0.12
0 0.9275 0.43083333333333335 0.09125 0.12166666666666667
0 0.20875 0.2608333333333333 0.09375 0.125
0 0.283125 0.6366666666666667 0.08 0.10666666666666667
0 0.38375 0.7633333333333333 0.095 0.12666666666666668
0 0.0846875 0.57375 0.104375 0.13916666666666666
0 0.4090625 0.20666666666666667 0.081875 0.10833333333333334
0 0.84 0.6904166666666667 0.0925 0.1225
0 0.809375 0.9279166666666666 0.09 0.11916666666666667
0 0.220625 0.35833333333333334 0.1 0.13333333333333333
0 0.64875 0.17833333333333334 0.08625 0.115
0 0.156875 0.2991666666666667 0.10125 0.135
0 0.4915625 0.31625 0.094375 0.12583333333333332
0 0.6903125 0.895 0.093125 0.12333333333333334
0 0.359375 0.7066666666666667 0.0925 0.12333333333333334
0 0.1553125 0.09041666666666667 0.098125 0.13083333333333333
0 0.7765625 0.87375 0.085625 0.11416666666666667
0 0.3203125 0.6904166666666667 0.091875 0.1225
0 0.27 0.7379166666666667 0.09875 0.1325