0 0.1359375 0.12208333333333334 0.096875 0.12916666666666668
0 0.6025 0.2925 0.09625 0.12833333333333333
0 0.6359375 0.7091666666666666 0.093125 0.125
0 0.2896875 0.12708333333333333 0.104375 0.13916666666666666
0 0.57625 0.40166666666666667 0.09625 0.12833333333333333
0 0.1740625 0.54875 0.098125 0.13083333333333333
0 0.1396875 0.22166666666666668 0.090625 0.12166666666666667
0 0.3909375 0.9308333333333333 0.093125 0.125
0 0.2825 0.3625 0.1025 0.13666666666666666
0 0.7121875 0.8625 0.091875 0.12166666666666667
0 0.193125 0.6933333333333334 0.1 0.13333333333333333
0 0.07875 0.3358333333333333 0.09125 0.12166666666666667
0 0.1546875 0.31958333333333333 0.096875 0.12916666666666668
0 0.643125 0.43083333333333335 0.0925 0.12333333333333334
0 0.6446875 0.91 0.085625 0.11333333333333333
0 0.76625 0.32208333333333333 0.0925 0.1225
0 0.2990625 0.2654166666666667 0.098125 0.13083333333333333
0 0.20875 0.13041666666666665 0.0875 0.1175
0 0.61625 0.8183333333333334 0.09625 0.12833333333333333
0 0.3746875 0.24666666666666667 0.095625 0.12833333333333333
0 0.4046875 0.40875 0.101875 0.13583333333333333
0 0.4721875 0.8883333333333333 0.098125 0.13
0 0.465 0.7541666666666667 0.09375 0.125
0 0.3475 0.8225 0.09375 0.125
0 0.606875 0.6175 0.09375 0.125
0 0.6775 0.7858333333333334 0.0925 0.12333333333333334
0 0.545 0.54875 0.07875 0.10583333333333333
0 0.7034375 0.28375 0.090625 0.12083333333333333
0 0.64375 0.08541666666666667 0.09375 0.12583333333333332
0 0.094375 0.48 0.09625 0.12833333333333333
0 0.6953125 0.5595833333333333 0.088125 0.1175
0 0.7046875 0.6575 0.101875 0.13666666666666666
0 0.66375 0.21 0.0975 0.13
0 0.9053125 0.6829166666666666 0.098125 0.13083333333333333
0 0.5359375 0.6541666666666667 0.089375 0.11833333333333333
0 0.7753125 0.8345833333333333 0.086875 0.11583333333333333
0 0.9065625 0.5854166666666667 0.085625 0.11416666666666667
0 0.811875 0.47541666666666665 0.09125 0.1225
0 0.4828125 0.52875 0.096875 0.12916666666666668
0 0.276875 0.56125 0.0925 0.1225
0 0.225625 0.2991666666666667 0.07375 0.09833333333333333
0 0.5025 0.24 0.0975 0.13
0 0.6165625 0.5579166666666666 0.089375 0.11916666666666667
0 0.7740625 0.5570833333333334 0.100625 0.13416666666666666
0 0.90375 0.39875 0.0825 0.11083333333333334
0 0.52125 0.8133333333333334 0.09375 0.125
0 0.216875 0.215 0.10125 0.135
0 0.7675 0.6420833333333333 0.0825 0.11083333333333334
0 0.3246875 0.7020833333333333 0.106875 0.1425
0 0.6815625 0.1625 0.086875 0.11666666666666667
0 0.93 0.79 0.1075 0.14333333333333334
0 0.575625 0.84125 0.08875 0.11916666666666667
0 0.7403125 0.78875 0.089375 0.11916666666666667
0 0.3590625 0.7320833333333333 0.098125 0.13083333333333333
0 0.5015625 0.39166666666666666 0.090625 0.12
0 0.3128125 0.4479166666666667 0.084375 0.1125
0 0.07 0.43333333333333335 0.08375 0.11166666666666666
0 0.75375 0.20041666666666666 0.09625 0.12916666666666668
0 0.77125 0.7158333333333333 0.09 0.12
1 0.8021875 0.755 0.088125 0.11833333333333333
0 0.468125 0.3829166666666667 0.07875 0.10583333333333333
0 0.3384375 0.42541666666666667 0.080625 0.1075
0 0.29125 0.5204166666666666 0.08375 0.1125
0 0.9178125 0.5495833333333333 0.085625 0.11416666666666667