0 0.6490625 0.565 0.084375 0.09166666666666666
0 0.1728125 0.3825 0.080625 0.1
0 0.810625 0.42083333333333334 0.07625 0.10166666666666667
0 0.3778125 0.5920833333333333 0.079375 0.10416666666666667
0 0.89 0.34208333333333335 0.07625 0.09916666666666667
0 0.7165625 0.805 0.066875 0.09666666666666666
0 0.32125 0.2608333333333333 0.0775 0.1
0 0.203125 0.16875 0.07 0.0975
0 0.9215625 0.7875 0.066875 0.10166666666666667
0 0.4959375 0.07041666666666667 0.075625 0.10083333333333333
0 0.6778125 0.6670833333333334 0.080625 0.1075
0 0.520625 0.5441666666666667 0.075 0.09833333333333333
0 0.9534375 0.5508333333333333 0.076875 0.08166666666666667
0 0.8109375 0.5383333333333333 0.055625 0.10666666666666667
0 0.5415625 0.23583333333333334 0.071875 0.10333333333333333
0 0.4396875 0.4845833333333333 0.078125 0.09916666666666667
0 0.8540625 0.7404166666666666 0.076875 0.0925
0 0.7765625 0.16208333333333333 0.063125 0.11083333333333334
0 0.051875 0.22625 0.0825 0.1025
0 0.1203125 0.1125 0.083125 0.09833333333333333
0 0.7096875 0.18541666666666667 0.073125 0.10083333333333333
0 0.275625 0.8666666666666667 0.0725 0.10333333333333333
0 0.5815625 0.9466666666666667 0.073125 0.09333333333333334
0 0.344375 0.465 0.075 0.10666666666666667
0 0.1178125 0.945 0.075625 0.10333333333333333
0 0.27 0.23916666666666667 0.08375 0.12333333333333334
0 0.128125 0.40125 0.07875 0.09916666666666667
0 0.4878125 0.4041666666666667 0.068125 0.10333333333333333
0 0.835 0.8295833333333333 0.07875 0.08916666666666667
0 0.0453125 0.38916666666666666 0.068125 0.09833333333333333
0 0.2009375 0.7254166666666667 0.091875 0.1075
0 0.72625 0.07583333333333334 0.07875 0.1
0 0.350625 0.35291666666666666 0.07 0.09583333333333334
0 0.045625 0.9358333333333333 0.05625 0.085
0 0.6378125 0.8466666666666667 0.070625 0.11333333333333333
0 0.7625 0.5604166666666667 0.06875 0.09416666666666666
0 0.4034375 0.22083333333333333 0.061875 0.08333333333333333
0 0.1621875 0.050833333333333335 0.069375 0.08833333333333333
0 0.74375 0.29583333333333334 0.0675 0.1
0 0.07 0.58875 0.07125 0.10083333333333333
0 0.269375 0.5745833333333333 0.07125 0.10083333333333333
0 0.551875 0.4270833333333333 0.07125 0.09416666666666666
0 0.1615625 0.28958333333333336 0.060625 0.08583333333333333
0 0.900625 0.9104166666666667 0.05625 0.0825
1 0.69875 0.3641666666666667 0.075 0.16166666666666665
0 0.320625 0.3720833333333333 0.06375 0.0875