0 0.90375 0.7858333333333334 0.0675 0.08
0 0.6634375 0.7725 0.071875 0.09333333333333334
0 0.2234375 0.42583333333333334 0.066875 0.09666666666666666
0 0.5728125 0.4775 0.076875 0.09666666666666666
0 0.4709375 0.14666666666666667 0.069375 0.07833333333333334
0 0.738125 0.43875 0.0725 0.09916666666666667
0 0.4278125 0.945 0.074375 0.09166666666666666
0 0.546875 0.21916666666666668 0.0675 0.08833333333333333
0 0.8725 0.47458333333333336 0.07625 0.0925
0 0.515 0.7695833333333333 0.06 0.09583333333333334
0 0.6096875 0.57 0.070625 0.09666666666666666
0 0.760625 0.64375 0.07125 0.09916666666666667
0 0.3853125 0.3545833333333333 0.063125 0.07916666666666666
0 0.8109375 0.7320833333333333 0.065625 0.07583333333333334
0 0.2565625 0.1375 0.079375 0.10166666666666667
0 0.5659375 0.13583333333333333 0.074375 0.085
0 0.1396875 0.22833333333333333 0.070625 0.105
0 0.080625 0.42791666666666667 0.08125 0.09416666666666666
0 0.929375 0.5408333333333334 0.07 0.09666666666666666
0 0.36 0.48875 0.07125 0.08416666666666667
0 0.8321875 0.6575 0.065625 0.075
0 0.5403125 0.8791666666666667 0.065625 0.08166666666666667
0 0.92125 0.215 0.065 0.09666666666666666
0 0.299375 0.49416666666666664 0.06375 0.08666666666666667
0 0.92125 0.69125 0.07 0.09916666666666667
0 0.5584375 0.06541666666666666 0.079375 0.0825
0 0.4646875 0.6445833333333333 0.058125 0.11416666666666667
0 0.1665625 0.10541666666666667 0.073125 0.0925
0 0.078125 0.22666666666666666 0.07375 0.08166666666666667
0 0.9659375 0.5725 0.058125 0.09
0 0.2821875 0.42583333333333334 0.061875 0.095
0 0.1 0.0625 0.07375 0.10166666666666667
0 0.536875 0.37833333333333335 0.06 0.08
0 0.30875 0.76125 0.07125 0.11083333333333334
0 0.3146875 0.20333333333333334 0.079375 0.095
0 0.72125 0.20958333333333334 0.06375 0.0825
0 0.704375 0.11375 0.07125 0.10916666666666666
0 0.32125 0.4345833333333333 0.06125 0.10416666666666667
0 0.809375 0.10833333333333334 0.07125 0.095
0 0.3596875 0.9445833333333333 0.066875 0.08916666666666667
0 0.15 0.9316666666666666 0.0575 0.095
0 0.2734375 0.2991666666666667 0.064375 0.11333333333333333
0 0.6340625 0.40541666666666665 0.056875 0.1125
0 0.923125 0.09541666666666666 0.07125 0.0975
0 0.6653125 0.09041666666666667 0.081875 0.0925
0 0.0378125 0.5983333333333334 0.073125 0.12
0 0.956875 0.26 0.075 0.105
0 0.4921875 0.5608333333333333 0.063125 0.1
0 0.274375 0.051666666666666666 0.07375 0.10333333333333333
0 0.7215625 0.7220833333333333 0.070625 0.10083333333333333
0 0.851875 0.09041666666666667 0.0675 0.1025
0 0.7153125 0.37333333333333335 0.080625 0.10333333333333333
0 0.873125 0.13583333333333333 0.06375 0.10333333333333333
0 0.890625 0.6145833333333334 0.0725 0.1075
0 0.6628125 0.44958333333333333 0.069375 0.1025
0 0.3875 0.22833333333333333 0.06625 0.08166666666666667
0 0.24125 0.6125 0.06125 0.13666666666666666
0 0.870625 0.69625 0.0525 0.09583333333333334
0 0.4534375 0.2425 0.055625 0.09
0 0.855 0.94375 0.0625 0.11083333333333334
0 0.25625 0.7783333333333333 0.06875 0.11
0 0.2025 0.2995833333333333 0.0675 0.10416666666666667
0 0.49875 0.36083333333333334 0.075 0.08833333333333333
0 0.9375 0.9166666666666666 0.04625 0.13166666666666665
0 0.5040625 0.6504166666666666 0.053125 0.1175
0 0.5446875 0.6091666666666666 0.074375 0.09333333333333334
0 0.5059375 0.28041666666666665 0.065625 0.08916666666666667
0 0.235625 0.85875 0.0675 0.0775
0 0.1165625 0.27958333333333335 0.071875 0.09916666666666667
0 0.196875 0.9208333333333333 0.09625 0.07
0 0.548125 0.5466666666666666 0.0575 0.07166666666666667
0 0.2696875 0.8704166666666666 0.059375 0.0775
0 0.8040625 0.23875 0.070625 0.10583333333333333
0 0.5734375 0.79125 0.074375 0.0975
0 0.41125 0.28 0.07375 0.09
0 0.57875 0.7495833333333334 0.08125 0.0725
0 0.0325 0.47791666666666666 0.065 0.09916666666666667
0 0.4821875 0.25833333333333336 0.063125 0.095
0 0.2209375 0.6570833333333334 0.051875 0.1125
0 0.3603125 0.2679166666666667 0.063125 0.09583333333333334
0 0.2575 0.2625 0.06875 0.09333333333333334
0 0.323125 0.25375 0.06375 0.1125
0 0.551875 0.6504166666666666 0.06125 0.1025
0 0.5690625 0.6883333333333334 0.085625 0.09166666666666666
0 0.7678125 0.21583333333333332 0.068125 0.10666666666666667