0 0.833125 0.7275 0.085 0.11333333333333333
0 0.505 0.41375 0.08875 0.1175
0 0.3553125 0.06791666666666667 0.084375 0.1125
0 0.4659375 0.7870833333333334 0.091875 0.1225
0 0.610625 0.2529166666666667 0.09 0.12083333333333333
0 0.1215625 0.13375 0.090625 0.12083333333333333
0 0.55875 0.5404166666666667 0.0925 0.12416666666666666
1 0.3946875 0.1575 0.096875 0.13
0 0.493125 0.12791666666666668 0.0975 0.12916666666666668
0 0.5415625 0.20125 0.083125 0.11083333333333334
0 0.34 0.16333333333333333 0.08125 0.10833333333333334
1 0.1040625 0.565 0.110625 0.14666666666666667
0 0.6646875 0.29541666666666666 0.093125 0.12416666666666666
0 0.28125 0.2075 0.09375 0.125
0 0.1378125 0.2529166666666667 0.101875 0.13583333333333333
0 0.7303125 0.28041666666666665 0.096875 0.12916666666666668
0 0.8884375 0.41458333333333336 0.085625 0.11416666666666667
0 0.4884375 0.5775 0.095625 0.12666666666666668
0 0.931875 0.48291666666666666 0.10375 0.13916666666666666
0 0.39125 0.3908333333333333 0.1 0.13333333333333333
0 0.371875 0.6220833333333333 0.09 0.12083333333333333
0 0.381875 0.7795833333333333 0.0825 0.10916666666666666
1 0.5821875 0.6745833333333333 0.110625 0.1475
0 0.248125 0.6516666666666666 0.09375 0.125
0 0.3315625 0.55375 0.101875 0.13583333333333333
0 0.18 0.1625 0.09625 0.12833333333333333
0 0.551875 0.7470833333333333 0.0925 0.12416666666666666
0 0.29 0.135 0.11125 0.14833333333333334
0 0.740625 0.8141666666666667 0.0975 0.13
0 0.7728125 0.9033333333333333 0.100625 0.135
0 0.3596875 0.5033333333333333 0.096875 0.13
0 0.4640625 0.4979166666666667 0.090625 0.12083333333333333
0 0.1859375 0.6395833333333333 0.100625 0.13416666666666666
0 0.4246875 0.6670833333333334 0.098125 0.13083333333333333
0 0.841875 0.3120833333333333 0.095 0.1275