1 0.268125 0.57 0.11125 0.14833333333333334
0 0.56125 0.38083333333333336 0.11 0.14666666666666667
0 0.84625 0.6645833333333333 0.1075 0.14416666666666667
0 0.52375 0.62125 0.09875 0.1325
0 0.75875 0.6154166666666666 0.10625 0.1425
0 0.13625 0.5425 0.115 0.15333333333333332
0 0.4315625 0.18125 0.115625 0.15416666666666667
0 0.7209375 0.28708333333333336 0.108125 0.14416666666666667
0 0.3490625 0.45208333333333334 0.105625 0.14083333333333334
0 0.2521875 0.20458333333333334 0.104375 0.13916666666666666
0 0.2103125 0.8875 0.109375 0.14666666666666667
0 0.3415625 0.5195833333333333 0.101875 0.13583333333333333
0 0.36 0.7933333333333333 0.1025 0.13666666666666666
0 0.135625 0.7716666666666666 0.10125 0.135
0 0.631875 0.385 0.11375 0.15166666666666667
0 0.6 0.6545833333333333 0.1075 0.14416666666666667
0 0.4809375 0.3129166666666667 0.096875 0.12916666666666668
0 0.6565625 0.4925 0.100625 0.13333333333333333
0 0.426875 0.4725 0.1125 0.15
0 0.6171875 0.11375 0.111875 0.14916666666666667
0 0.7115625 0.8254166666666667 0.109375 0.14583333333333334
0 0.195 0.5254166666666666 0.09625 0.1275
0 0.665 0.8279166666666666 0.11125 0.14916666666666667
0 0.2946875 0.36541666666666667 0.105625 0.14083333333333334
0 0.6796875 0.08083333333333333 0.105625 0.14
0 0.6321875 0.27458333333333335 0.104375 0.13916666666666666
0 0.851875 0.10916666666666666 0.10125 0.135
0 0.561875 0.91625 0.115 0.1525
0 0.7996875 0.17541666666666667 0.089375 0.11916666666666667
0 0.220625 0.4075 0.09875 0.13166666666666665
0 0.5640625 0.21625 0.109375 0.14583333333333334
0 0.7109375 0.5416666666666666 0.109375 0.14666666666666667
0 0.3584375 0.6583333333333333 0.110625 0.14666666666666667
0 0.83625 0.18208333333333335 0.1 0.1325