0 0.7134375 0.82 0.079375 0.105
0 0.6278125 0.83625 0.095625 0.1275
0 0.7503125 0.59875 0.094375 0.12583333333333332
0 0.8440625 0.5683333333333334 0.096875 0.12833333333333333
0 0.911875 0.5595833333333333 0.1 0.13416666666666666
0 0.601875 0.6016666666666667 0.09875 0.13166666666666665
0 0.324375 0.5391666666666667 0.0825 0.11
0 0.7021875 0.6654166666666667 0.090625 0.12083333333333333
0 0.215625 0.8225 0.105 0.14
0 0.5809375 0.92875 0.089375 0.11916666666666667
0 0.541875 0.3754166666666667 0.1025 0.1375
0 0.3459375 0.3854166666666667 0.105625 0.14083333333333334
0 0.2896875 0.9020833333333333 0.089375 0.11916666666666667
0 0.418125 0.10833333333333334 0.115 0.15333333333333332
0 0.495625 0.29291666666666666 0.10875 0.14416666666666667
0 0.91625 0.43 0.10125 0.135
0 0.1525 0.8470833333333333 0.08625 0.11416666666666667
0 0.6171875 0.46708333333333335 0.106875 0.1425
0 0.6340625 0.2504166666666667 0.094375 0.12583333333333332
0 0.12875 0.755 0.07875 0.105
0 0.296875 0.32 0.095 0.12666666666666668
0 0.2175 0.5195833333333333 0.09625 0.1275
0 0.6534375 0.3329166666666667 0.093125 0.12416666666666666
0 0.18625 0.73125 0.105 0.14083333333333334
1 0.23375 0.3925 0.11375 0.15166666666666667
0 0.716875 0.4033333333333333 0.1025 0.13666666666666666
0 0.3475 0.47541666666666665 0.09875 0.13083333333333333
0 0.623125 0.09375 0.0975 0.13083333333333333
0 0.825625 0.4683333333333333 0.1 0.13333333333333333
0 0.1625 0.5891666666666666 0.1 0.13333333333333333
1 0.564375 0.4508333333333333 0.11625 0.155
0 0.178125 0.67 0.08375 0.11166666666666666
0 0.77625 0.7770833333333333 0.09625 0.1275
0 0.94125 0.2758333333333333 0.08 0.10666666666666667
0 0.104375 0.5558333333333333 0.1025 0.13666666666666666
0 0.3609375 0.59125 0.100625 0.13416666666666666
0 0.90125 0.4683333333333333 0.1 0.13333333333333333
0 0.2709375 0.4875 0.084375 0.11333333333333333
0 0.9046875 0.2995833333333333 0.093125 0.12416666666666666
0 0.8359375 0.3145833333333333 0.089375 0.11916666666666667
0 0.8759375 0.3720833333333333 0.088125 0.1175
0 0.7759375 0.33208333333333334 0.098125 0.13083333333333333
1 0.7103125 0.09875 0.140625 0.1875
1 0.480625 0.8579166666666667 0.1125 0.14916666666666667
1 0.095625 0.45708333333333334 0.135 0.17916666666666667
1 0.7928125 0.41208333333333336 0.114375 0.1525
0 0.71625 0.3416666666666667 0.09875 0.13166666666666665
0 0.1940625 0.44 0.095625 0.12833333333333333
0 0.4890625 0.9170833333333334 0.098125 0.13083333333333333