0 0.6128125 0.765 0.064375 0.085
0 0.701875 0.785 0.075 0.105
0 0.76125 0.83875 0.075 0.0975
0 0.253125 0.8508333333333333 0.0675 0.09833333333333333
0 0.6553125 0.5095833333333334 0.065625 0.0975
0 0.20375 0.86375 0.07 0.1025
0 0.671875 0.9033333333333333 0.09125 0.09666666666666666
0 0.2840625 0.37166666666666665 0.063125 0.09
0 0.35625 0.15416666666666667 0.07875 0.08833333333333333
0 0.7453125 0.705 0.076875 0.09833333333333333
0 0.591875 0.17416666666666666 0.075 0.09666666666666666
0 0.2415625 0.6708333333333333 0.080625 0.1
0 0.3178125 0.8083333333333333 0.074375 0.09666666666666666
0 0.589375 0.8891666666666667 0.0725 0.08333333333333333
0 0.7165625 0.9241666666666667 0.065625 0.09333333333333334
0 0.78375 0.9270833333333334 0.0775 0.10916666666666666
0 0.6075 0.3954166666666667 0.07875 0.09916666666666667
0 0.5878125 0.37666666666666665 0.069375 0.09166666666666666
0 0.8025 0.7195833333333334 0.05625 0.08416666666666667
0 0.411875 0.21208333333333335 0.07875 0.09916666666666667
0 0.7890625 0.21708333333333332 0.078125 0.08583333333333333
0 0.5571875 0.29625 0.059375 0.0825
1 0.4015625 0.3225 0.090625 0.15166666666666667
1 0.2390625 0.58875 0.071875 0.10583333333333333
0 0.5703125 0.8995833333333333 0.069375 0.0925
0 0.2853125 0.7379166666666667 0.070625 0.0875
0 0.3621875 0.615 0.069375 0.08666666666666667
0 0.2971875 0.6566666666666666 0.066875 0.08666666666666667
0 0.2971875 0.92125 0.055625 0.1025
0 0.333125 0.9183333333333333 0.065 0.08833333333333333
0 0.5775 0.2675 0.06125 0.08666666666666667