0 0.4975 0.16 0.06 0.09
0 0.7459375 0.20666666666666667 0.063125 0.09833333333333333
0 0.2503125 0.05583333333333333 0.063125 0.08
0 0.8203125 0.5579166666666666 0.061875 0.08916666666666667
0 0.4065625 0.59375 0.061875 0.08083333333333333
0 0.588125 0.5808333333333333 0.05875 0.07833333333333334
0 0.3759375 0.24708333333333332 0.053125 0.0825
0 0.17875 0.7533333333333333 0.06875 0.09833333333333333
0 0.291875 0.44458333333333333 0.0625 0.0725
0 0.4753125 0.45 0.079375 0.09
0 0.6053125 0.30125 0.068125 0.10416666666666667
0 0.2290625 0.56875 0.064375 0.0925
0 0.5171875 0.5679166666666666 0.078125 0.0975
0 0.4334375 0.9066666666666666 0.073125 0.09333333333333334
0 0.75 0.7204166666666667 0.065 0.10083333333333333
0 0.2828125 0.6295833333333334 0.054375 0.1475
0 0.2309375 0.5 0.084375 0.09166666666666666
0 0.650625 0.3829166666666667 0.085 0.09083333333333334
0 0.30125 0.52625 0.07625 0.08916666666666667
0 0.2740625 0.1525 0.070625 0.10166666666666667
0 0.6984375 0.9383333333333334 0.074375 0.10333333333333333