0 0.1659375 0.5145833333333333 0.080625 0.0875
0 0.13375 0.18333333333333332 0.07375 0.10166666666666667
0 0.8703125 0.08375 0.084375 0.1025
0 0.416875 0.52875 0.07125 0.0975
0 0.15625 0.4375 0.08 0.09
1 0.2178125 0.16458333333333333 0.061875 0.09083333333333334
0 0.5975 0.6445833333333333 0.085 0.0925
0 0.9021875 0.9183333333333333 0.085625 0.10666666666666667
0 0.07375 0.0625 0.08625 0.09
0 0.3303125 0.6045833333333334 0.085625 0.09916666666666667
0 0.158125 0.6708333333333333 0.08625 0.10333333333333333
0 0.34125 0.27416666666666667 0.0625 0.09
0 0.208125 0.3441666666666667 0.06875 0.09666666666666666
0 0.7865625 0.77375 0.078125 0.1075
0 0.3740625 0.05416666666666667 0.076875 0.095
0 0.3603125 0.47333333333333333 0.081875 0.09666666666666666
0 0.12375 0.6079166666666667 0.08 0.09416666666666666
0 0.713125 0.2625 0.09125 0.09333333333333334
0 0.235 0.04375 0.08 0.08583333333333333
0 0.4465625 0.3204166666666667 0.063125 0.1225
0 0.6153125 0.5666666666666667 0.094375 0.08333333333333333
0 0.0425 0.73875 0.05875 0.0825
0 0.253125 0.8504166666666667 0.085 0.08916666666666667
0 0.6728125 0.7983333333333333 0.113125 0.06666666666666667
0 0.334375 0.7433333333333333 0.08125 0.11833333333333333