0 0.22375 0.23958333333333334 0.0675 0.0825
0 0.2696875 0.1125 0.060625 0.11166666666666666
0 0.40875 0.19916666666666666 0.0725 0.09666666666666666
0 0.535 0.135 0.07625 0.09166666666666666
0 0.5984375 0.0925 0.071875 0.075
0 0.915 0.8983333333333333 0.06375 0.1
0 0.8978125 0.46416666666666667 0.079375 0.095
0 0.3928125 0.9375 0.079375 0.09666666666666666
0 0.060625 0.04958333333333333 0.0625 0.0975
0 0.08375 0.94125 0.05125 0.0925
0 0.5153125 0.3720833333333333 0.060625 0.0925
0 0.43375 0.46 0.0675 0.08
0 0.53875 0.9133333333333333 0.07625 0.09333333333333334
0 0.1325 0.25583333333333336 0.08 0.10166666666666667
0 0.4571875 0.8229166666666666 0.069375 0.0925
0 0.6459375 0.8670833333333333 0.061875 0.0925
0 0.6071875 0.25833333333333336 0.059375 0.12
0 0.5296875 0.31583333333333335 0.075625 0.09666666666666666
0 0.1440625 0.9379166666666666 0.070625 0.0875
0 0.690625 0.3104166666666667 0.0825 0.09083333333333334
0 0.04625 0.24166666666666667 0.0675 0.1
0 0.275625 0.7904166666666667 0.06375 0.0975
0 0.5340625 0.225 0.064375 0.09166666666666666
0 0.59125 0.85125 0.0775 0.09916666666666667
0 0.8428125 0.51875 0.066875 0.1025
0 0.2828125 0.86 0.061875 0.08833333333333333
0 0.3278125 0.07333333333333333 0.069375 0.105
0 0.2375 0.7029166666666666 0.0725 0.09416666666666666
0 0.325 0.74125 0.065 0.1125
0 0.238125 0.5758333333333333 0.07375 0.09833333333333333
0 0.943125 0.19583333333333333 0.075 0.09833333333333333
0 0.408125 0.36375 0.075 0.0925
0 0.3253125 0.5029166666666667 0.064375 0.10583333333333333
0 0.4878125 0.20916666666666667 0.071875 0.095
0 0.181875 0.8620833333333333 0.07875 0.10416666666666667
0 0.1284375 0.42041666666666666 0.070625 0.1025
0 0.3765625 0.5570833333333334 0.061875 0.09083333333333334
0 0.780625 0.425 0.06625 0.12166666666666667
0 0.3990625 0.48125 0.063125 0.10083333333333333
0 0.6909375 0.36 0.058125 0.08
0 0.3415625 0.5575 0.069375 0.11
0 0.7428125 0.37625 0.059375 0.0775
0 0.035625 0.41833333333333333 0.06375 0.11666666666666667
0 0.745625 0.80375 0.09 0.09583333333333334
0 0.0534375 0.8525 0.074375 0.08666666666666667
0 0.2978125 0.6308333333333334 0.074375 0.08
0 0.4903125 0.5879166666666666 0.069375 0.11083333333333334
0 0.0940625 0.5083333333333333 0.054375 0.11333333333333333
0 0.344375 0.24125 0.0675 0.0775
0 0.0375 0.4820833333333333 0.075 0.1075
0 0.2715625 0.9470833333333334 0.071875 0.1025
0 0.365 0.42 0.0775 0.08
0 0.8696875 0.75125 0.044375 0.14583333333333334