0 0.6946875 0.09666666666666666 0.071875 0.09166666666666666
0 0.815 0.5658333333333333 0.05875 0.08333333333333333
0 0.70875 0.5704166666666667 0.06625 0.0825
0 0.774375 0.87125 0.06375 0.07916666666666666
0 0.384375 0.45416666666666666 0.065 0.1
0 0.1940625 0.8466666666666667 0.061875 0.085
0 0.3284375 0.28375 0.064375 0.07916666666666666
0 0.735625 0.8041666666666667 0.0675 0.08833333333333333
0 0.7753125 0.45916666666666667 0.060625 0.09166666666666666
0 0.3834375 0.3308333333333333 0.069375 0.09666666666666666
0 0.353125 0.10375 0.06875 0.09583333333333334
0 0.518125 0.16875 0.0625 0.08583333333333333
0 0.2246875 0.39375 0.065625 0.10083333333333333
0 0.5190625 0.665 0.061875 0.09333333333333334
0 0.8375 0.3566666666666667 0.0575 0.08833333333333333
0 0.4140625 0.13125 0.063125 0.0875
0 0.569375 0.61625 0.06875 0.1075
0 0.230625 0.5954166666666667 0.06875 0.08583333333333333
0 0.26375 0.5145833333333333 0.0725 0.09583333333333334
1 0.4896875 0.82125 0.074375 0.0975
0 0.3215625 0.19416666666666665 0.061875 0.075
0 0.5765625 0.41041666666666665 0.064375 0.07416666666666667
0 0.333125 0.39958333333333335 0.05625 0.08916666666666667
0 0.64 0.6825 0.06375 0.07666666666666666
0 0.580625 0.8229166666666666 0.0625 0.08416666666666667
0 0.7059375 0.4270833333333333 0.059375 0.0875
0 0.2953125 0.8283333333333334 0.056875 0.08666666666666667
0 0.5021875 0.58375 0.053125 0.07916666666666666
0 0.1646875 0.54 0.071875 0.095
0 0.19875 0.09125 0.0575 0.07416666666666667
0 0.6453125 0.57125 0.063125 0.08416666666666667
0 0.6696875 0.17458333333333334 0.053125 0.0875
0 0.458125 0.53625 0.06 0.07916666666666666
0 0.6459375 0.8429166666666666 0.068125 0.09583333333333334
0 0.311875 0.7416666666666667 0.065 0.095
0 0.5478125 0.3541666666666667 0.051875 0.07333333333333333
0 0.6575 0.35791666666666666 0.05375 0.06916666666666667
0 0.2675 0.28208333333333335 0.06 0.07916666666666666
0 0.3728125 0.8625 0.056875 0.07666666666666666
0 0.5584375 0.455 0.074375 0.10166666666666667
0 0.72625 0.6095833333333334 0.06875 0.10416666666666667
0 0.65375 0.5029166666666667 0.065 0.0875
0 0.3278125 0.5016666666666667 0.063125 0.09
0 0.2503125 0.8320833333333333 0.048125 0.06916666666666667
0 0.3953125 0.6408333333333334 0.071875 0.09166666666666666
0 0.751875 0.7104166666666667 0.04875 0.0675
0 0.2153125 0.2 0.050625 0.07166666666666667
0 0.6821875 0.95 0.066875 0.09
0 0.5471875 0.8958333333333334 0.064375 0.09166666666666666
0 0.530625 0.9008333333333334 0.06125 0.08666666666666667
0 0.618125 0.16333333333333333 0.055 0.075
0 0.7196875 0.49041666666666667 0.060625 0.0775
0 0.158125 0.76375 0.06375 0.07583333333333334
0 0.46 0.63125 0.05875 0.07416666666666667
0 0.4259375 0.83625 0.053125 0.0875
0 0.238125 0.88 0.05625 0.06666666666666667
0 0.1675 0.36583333333333334 0.05625 0.095
0 0.346875 0.6883333333333334 0.04875 0.06833333333333333
0 0.58625 0.058333333333333334 0.055 0.08
0 0.4375 0.7129166666666666 0.0575 0.07416666666666667
0 0.3965625 0.69625 0.061875 0.07416666666666667
0 0.5915625 0.21083333333333334 0.044375 0.06333333333333334
0 0.6496875 0.4475 0.058125 0.09833333333333333
0 0.6359375 0.8866666666666667 0.059375 0.085