0 0.465 0.7483333333333333 0.0725 0.09
0 0.6190625 0.4116666666666667 0.063125 0.08166666666666667
0 0.875 0.7716666666666666 0.05875 0.08166666666666667
0 0.0965625 0.4666666666666667 0.063125 0.08166666666666667
0 0.599375 0.7933333333333333 0.06 0.085
0 0.6871875 0.30833333333333335 0.059375 0.08666666666666667
0 0.12 0.9429166666666666 0.06 0.08083333333333333
0 0.8559375 0.14708333333333334 0.071875 0.0975
0 0.2640625 0.5845833333333333 0.059375 0.08916666666666667
0 0.843125 0.66125 0.07125 0.08583333333333333
0 0.190625 0.9145833333333333 0.07125 0.09083333333333334
1 0.2478125 0.08708333333333333 0.083125 0.10583333333333333
0 0.658125 0.47041666666666665 0.0575 0.0775
0 0.611875 0.18458333333333332 0.06 0.07916666666666666
0 0.645625 0.72875 0.06625 0.0925
0 0.1903125 0.44208333333333333 0.056875 0.09583333333333334
0 0.7984375 0.37125 0.064375 0.07583333333333334
0 0.666875 0.8079166666666666 0.06375 0.08083333333333333
0 0.874375 0.2525 0.06625 0.10333333333333333
0 0.4903125 0.31375 0.065625 0.07916666666666666
0 0.034375 0.86375 0.0625 0.09583333333333334
0 0.25125 0.7254166666666667 0.0675 0.0925
0 0.1034375 0.15833333333333333 0.059375 0.09333333333333334
0 0.361875 0.34208333333333335 0.065 0.07916666666666666
0 0.244375 0.41333333333333333 0.06 0.08
0 0.255625 0.8079166666666666 0.0625 0.08083333333333333
0 0.6340625 0.08458333333333333 0.085625 0.11583333333333333
0 0.7375 0.84625 0.06 0.0925
0 0.340625 0.50125 0.0525 0.07916666666666666
0 0.0540625 0.4008333333333333 0.071875 0.11
0 0.4421875 0.12541666666666668 0.060625 0.09416666666666666
0 0.95125 0.53 0.0725 0.09666666666666666
1 0.795 0.8858333333333334 0.07125 0.13666666666666666
0 0.7053125 0.8858333333333334 0.061875 0.08166666666666667
0 0.090625 0.2841666666666667 0.0525 0.085
0 0.7421875 0.3329166666666667 0.058125 0.08416666666666667
0 0.148125 0.28 0.06125 0.08666666666666667
0 0.3234375 0.8725 0.054375 0.09333333333333334
0 0.733125 0.46166666666666667 0.06625 0.08
0 0.3140625 0.11166666666666666 0.058125 0.10833333333333334
0 0.5821875 0.2525 0.058125 0.08833333333333333
0 0.8075 0.4658333333333333 0.055 0.09166666666666666
0 0.5228125 0.225 0.094375 0.14
0 0.123125 0.3595833333333333 0.07125 0.0925
0 0.7021875 0.4041666666666667 0.055625 0.07666666666666666
1 0.8525 0.91 0.0675 0.12333333333333334
0 0.705625 0.7558333333333334 0.05375 0.09
0 0.3553125 0.5720833333333334 0.058125 0.08416666666666667
0 0.04 0.90625 0.07125 0.08916666666666667
0 0.16375 0.12875 0.0575 0.0775
0 0.355 0.7183333333333334 0.0525 0.08833333333333333
0 0.3734375 0.8991666666666667 0.059375 0.07666666666666666
0 0.3834375 0.07375 0.065625 0.07916666666666666
0 0.041875 0.13291666666666666 0.06625 0.10416666666666667
1 0.9475 0.7529166666666667 0.07375 0.1375
1 0.29375 0.7225 0.05625 0.11666666666666667
0 0.3134375 0.5975 0.041875 0.115