0 0.70375 0.305 0.1025 0.13666666666666666
0 0.1865625 0.59 0.103125 0.13833333333333334
0 0.6184375 0.11375 0.111875 0.14916666666666667
0 0.51375 0.4775 0.11125 0.14833333333333334
0 0.5084375 0.18541666666666667 0.111875 0.14916666666666667
0 0.9440625 0.68375 0.108125 0.14416666666666667
0 0.24375 0.7375 0.105 0.14
0 0.33125 0.5641666666666667 0.1075 0.14333333333333334
0 0.8646875 0.4775 0.119375 0.16
0 0.49625 0.3275 0.1025 0.13666666666666666
0 0.650625 0.7433333333333333 0.1125 0.15
0 0.269375 0.5395833333333333 0.09625 0.12916666666666668
0 0.5359375 0.6220833333333333 0.114375 0.1525
0 0.3815625 0.705 0.113125 0.15166666666666667
0 0.7821875 0.7704166666666666 0.113125 0.15083333333333335
0 0.1984375 0.13791666666666666 0.111875 0.14916666666666667
0 0.3684375 0.11125 0.106875 0.1425
0 0.575625 0.3179166666666667 0.1175 0.1575
0 0.310625 0.42041666666666666 0.11875 0.15916666666666668
0 0.144375 0.18458333333333332 0.1125 0.14916666666666667
0 0.164375 0.44083333333333335 0.11 0.14666666666666667
0 0.29 0.30041666666666667 0.12 0.15916666666666668
0 0.2571875 0.19041666666666668 0.104375 0.13916666666666666
0 0.653125 0.37666666666666665 0.11375 0.15166666666666667
0 0.579375 0.8491666666666666 0.11375 0.15166666666666667
0 0.850625 0.7925 0.10375 0.13833333333333334
0 0.0821875 0.3754166666666667 0.093125 0.12416666666666666
0 0.220625 0.6595833333333333 0.1125 0.14916666666666667