0 0.3809375 0.5229166666666667 0.105625 0.14083333333333334
0 0.150625 0.565 0.10125 0.135
0 0.685625 0.7575 0.10625 0.14166666666666666
0 0.810625 0.20666666666666667 0.1 0.13333333333333333
0 0.4625 0.5583333333333333 0.09625 0.12833333333333333
0 0.5021875 0.6520833333333333 0.089375 0.11916666666666667
0 0.8909375 0.5304166666666666 0.105625 0.14083333333333334
0 0.4865625 0.91625 0.099375 0.1325
0 0.2925 0.69375 0.095 0.1275
0 0.4196875 0.7729166666666667 0.093125 0.12416666666666666
0 0.548125 0.6841666666666667 0.08625 0.115
0 0.238125 0.6341666666666667 0.07875 0.105
0 0.2996875 0.8179166666666666 0.090625 0.12083333333333333
0 0.64125 0.08916666666666667 0.10125 0.135
0 0.6921875 0.59375 0.104375 0.13916666666666666
0 0.78875 0.5925 0.10625 0.14166666666666666
0 0.603125 0.6458333333333334 0.1025 0.13666666666666666
0 0.9059375 0.28125 0.093125 0.12416666666666666
0 0.5359375 0.39958333333333335 0.093125 0.12416666666666666
0 0.2046875 0.9254166666666667 0.098125 0.13083333333333333
0 0.1584375 0.7975 0.106875 0.14333333333333334
0 0.376875 0.18833333333333332 0.1 0.13333333333333333
0 0.735625 0.15666666666666668 0.09 0.12
0 0.821875 0.11 0.1025 0.13666666666666666
0 0.5559375 0.54625 0.090625 0.12083333333333333
0 0.2965625 0.14291666666666666 0.104375 0.13916666666666666
0 0.1809375 0.7120833333333333 0.089375 0.11916666666666667
0 0.476875 0.24916666666666668 0.08875 0.11833333333333333
0 0.6190625 0.9275 0.094375 0.12666666666666668
0 0.429375 0.2866666666666667 0.09375 0.125
0 0.2584375 0.86375 0.100625 0.13416666666666666
0 0.681875 0.20083333333333334 0.09625 0.12833333333333333
0 0.345 0.3175 0.1 0.13333333333333333
0 0.4809375 0.43041666666666667 0.084375 0.1125
0 0.441875 0.4125 0.10125 0.135
0 0.07 0.6733333333333333 0.0975 0.13
0 0.500625 0.8016666666666666 0.1 0.13333333333333333
0 0.72625 0.44666666666666666 0.105 0.14
0 0.5125 0.29083333333333333 0.09625 0.12833333333333333
0 0.5890625 0.5120833333333333 0.096875 0.12916666666666668
0 0.695625 0.3858333333333333 0.1025 0.13666666666666666
0 0.45875 0.11625 0.10375 0.13916666666666666
0 0.228125 0.7208333333333333 0.10125 0.135
0 0.653125 0.38458333333333333 0.1125 0.15083333333333335
0 0.6078125 0.36625 0.098125 0.13083333333333333
0 0.9284375 0.41875 0.113125 0.15083333333333335
0 0.81625 0.47625 0.10125 0.13416666666666666
0 0.059375 0.7125 0.08875 0.11833333333333333
0 0.3778125 0.8583333333333333 0.105625 0.14
0 0.764375 0.29833333333333334 0.1075 0.14333333333333334
0 0.4625 0.7770833333333333 0.09125 0.1225