0 0.14875 0.8504166666666667 0.08375 0.10583333333333333
0 0.3425 0.7229166666666667 0.08125 0.0925
0 0.5096875 0.54 0.081875 0.11333333333333333
0 0.4021875 0.45958333333333334 0.074375 0.11083333333333334
0 0.674375 0.9241666666666667 0.075 0.10833333333333334
0 0.8440625 0.8391666666666666 0.084375 0.1
0 0.9153125 0.305 0.070625 0.09
0 0.2228125 0.8166666666666667 0.071875 0.09666666666666666
0 0.6453125 0.6833333333333333 0.073125 0.11
0 0.295625 0.7925 0.08 0.1
0 0.691875 0.4820833333333333 0.06875 0.10416666666666667
0 0.4203125 0.18416666666666667 0.083125 0.09166666666666666
0 0.320625 0.585 0.075 0.08666666666666667
0 0.8165625 0.37375 0.078125 0.0925
1 0.56375 0.7554166666666666 0.08875 0.10916666666666666
0 0.8475 0.94 0.0775 0.11166666666666666
0 0.80375 0.5041666666666667 0.0775 0.10333333333333333
0 0.058125 0.5954166666666667 0.07375 0.09083333333333334
0 0.138125 0.49375 0.0775 0.11416666666666667
0 0.945625 0.7758333333333334 0.0725 0.08833333333333333
0 0.9496875 0.9275 0.068125 0.11333333333333333
0 0.4015625 0.675 0.085625 0.10166666666666667
0 0.6846875 0.7679166666666667 0.079375 0.0975
0 0.0796875 0.6795833333333333 0.080625 0.0975
0 0.5303125 0.8320833333333333 0.070625 0.10083333333333333
0 0.295625 0.13541666666666666 0.06875 0.09916666666666667
0 0.855625 0.43083333333333335 0.08375 0.10833333333333334
0 0.3425 0.49916666666666665 0.0725 0.08333333333333333
0 0.1871875 0.6541666666666667 0.078125 0.10666666666666667
0 0.783125 0.7925 0.07 0.09666666666666666
0 0.8046875 0.67875 0.071875 0.0925
0 0.285625 0.8941666666666667 0.06625 0.09666666666666666
0 0.066875 0.5283333333333333 0.0725 0.10333333333333333
0 0.3375 0.36583333333333334 0.085 0.10166666666666667
0 0.1496875 0.7129166666666666 0.068125 0.10083333333333333
0 0.82 0.7225 0.07875 0.08833333333333333
0 0.6678125 0.28833333333333333 0.073125 0.10833333333333334
0 0.686875 0.3283333333333333 0.075 0.08666666666666667