0 0.17875 0.34125 0.07375 0.11083333333333334
0 0.6765625 0.795 0.068125 0.10166666666666667
0 0.169375 0.47541666666666665 0.08 0.10916666666666666
0 0.5234375 0.6854166666666667 0.073125 0.10416666666666667
0 0.39 0.445 0.075 0.11333333333333333
0 0.7475 0.9191666666666667 0.06625 0.09
0 0.778125 0.20541666666666666 0.08 0.10416666666666667
0 0.406875 0.8420833333333333 0.08125 0.09916666666666667
0 0.4125 0.16375 0.07875 0.10083333333333333
0 0.1934375 0.6658333333333334 0.076875 0.1
0 0.59125 0.5604166666666667 0.08 0.0925
0 0.4875 0.3475 0.08 0.10166666666666667
0 0.34375 0.7466666666666667 0.06375 0.08833333333333333
0 0.1875 0.7691666666666667 0.0825 0.105
0 0.576875 0.36083333333333334 0.08375 0.11166666666666666
1 0.273125 0.7620833333333333 0.07875 0.11083333333333334
0 0.521875 0.19875 0.08625 0.10583333333333333
0 0.2409375 0.37958333333333333 0.071875 0.10916666666666666
0 0.6121875 0.8241666666666667 0.074375 0.08666666666666667
0 0.5328125 0.46541666666666665 0.073125 0.10916666666666666
0 0.4828125 0.8241666666666667 0.064375 0.10166666666666667
0 0.4759375 0.5620833333333334 0.073125 0.09583333333333334
0 0.3696875 0.2891666666666667 0.080625 0.10666666666666667
0 0.3790625 0.6179166666666667 0.078125 0.1125
0 0.5078125 0.5970833333333333 0.069375 0.09416666666666666
0 0.4721875 0.11416666666666667 0.074375 0.10833333333333334
0 0.6509375 0.4945833333333333 0.084375 0.09583333333333334
0 0.289375 0.4575 0.0775 0.095
0 0.33125 0.08 0.08 0.10833333333333334
0 0.2834375 0.6720833333333334 0.066875 0.08416666666666667
0 0.744375 0.78375 0.07125 0.09916666666666667
0 0.2603125 0.10875 0.070625 0.1175
0 0.511875 0.8708333333333333 0.08375 0.09666666666666666
0 0.8225 0.335 0.09125 0.10333333333333333
0 0.2715625 0.5491666666666667 0.081875 0.09333333333333334
0 0.7025 0.27166666666666667 0.1 0.08833333333333333
0 0.4184375 0.5816666666666667 0.094375 0.12