0 0.2190625 0.6854166666666667 0.075625 0.10916666666666666
0 0.64625 0.87125 0.07125 0.10416666666666667
0 0.4221875 0.30416666666666664 0.083125 0.105
0 0.7690625 0.6979166666666666 0.078125 0.0925
0 0.730625 0.7741666666666667 0.08375 0.10666666666666667
0 0.633125 0.11333333333333333 0.06875 0.09166666666666666
0 0.8009375 0.2 0.073125 0.09666666666666666
0 0.69625 0.30041666666666667 0.0775 0.0975
0 0.5846875 0.93875 0.080625 0.08583333333333333
0 0.4825 0.7516666666666667 0.0725 0.1
0 0.2684375 0.3491666666666667 0.068125 0.09666666666666666
0 0.550625 0.115 0.07375 0.10333333333333333
0 0.7675 0.14541666666666667 0.05875 0.10583333333333333
0 0.261875 0.41291666666666665 0.0725 0.09416666666666666