0 0.24625 0.9195833333333333 0.0625 0.08083333333333333
0 0.2078125 0.155 0.060625 0.08166666666666667
1 0.5959375 0.21958333333333332 0.081875 0.0925
0 0.61375 0.30625 0.075 0.09916666666666667
0 0.06375 0.4825 0.0675 0.11166666666666666
0 0.118125 0.6804166666666667 0.05875 0.07416666666666667
0 0.6784375 0.4083333333333333 0.063125 0.08833333333333333
0 0.74625 0.4845833333333333 0.0725 0.10416666666666667
0 0.2896875 0.7641666666666667 0.064375 0.08333333333333333
0 0.3765625 0.35875 0.066875 0.09583333333333334
0 0.449375 0.8091666666666667 0.05625 0.07666666666666666
1 0.369375 0.5395833333333333 0.07625 0.0925
0 0.3053125 0.6379166666666667 0.071875 0.0975
1 0.20125 0.7879166666666667 0.08 0.09916666666666667
0 0.38625 0.865 0.06875 0.085
0 0.608125 0.5783333333333334 0.075 0.08833333333333333
0 0.14125 0.46708333333333335 0.07625 0.09083333333333334
0 0.81125 0.15125 0.055 0.08083333333333333
0 0.5775 0.4633333333333333 0.06375 0.08166666666666667
0 0.6253125 0.7891666666666667 0.056875 0.08166666666666667
0 0.859375 0.85375 0.05375 0.0825
0 0.8015625 0.04833333333333333 0.074375 0.09
0 0.9115625 0.8925 0.065625 0.08
0 0.3334375 0.2375 0.071875 0.09
0 0.134375 0.29541666666666666 0.06 0.0725
0 0.8353125 0.6791666666666667 0.068125 0.08333333333333333
0 0.7496875 0.7504166666666666 0.060625 0.07083333333333333
0 0.6775 0.6054166666666667 0.05875 0.0825
0 0.8990625 0.8020833333333334 0.063125 0.0775
0 0.42625 0.4320833333333333 0.0675 0.0825
0 0.2540625 0.30833333333333335 0.064375 0.08166666666666667
0 0.645 0.87875 0.06875 0.0825
0 0.546875 0.52375 0.07375 0.0925
0 0.8059375 0.405 0.071875 0.085
0 0.749375 0.25666666666666665 0.06625 0.08333333333333333
0 0.4496875 0.5291666666666667 0.071875 0.09333333333333334
0 0.2190625 0.23958333333333334 0.058125 0.0725
0 0.51125 0.7708333333333334 0.075 0.08833333333333333
0 0.37 0.675 0.07375 0.08666666666666667
0 0.525 0.4170833333333333 0.0675 0.07416666666666667
0 0.8821875 0.4370833333333333 0.075625 0.0825
0 0.53625 0.33916666666666667 0.06625 0.08833333333333333
0 0.1053125 0.37166666666666665 0.074375 0.09333333333333334
0 0.8025 0.8670833333333333 0.0625 0.0925
0 0.6909375 0.6904166666666667 0.071875 0.07583333333333334
0 0.09375 0.235 0.06 0.07666666666666666
0 0.668125 0.7570833333333333 0.06875 0.08583333333333333
0 0.4003125 0.15458333333333332 0.068125 0.10583333333333333
0 0.91625 0.5783333333333334 0.06125 0.075
0 0.7234375 0.8966666666666666 0.064375 0.085
0 0.9025 0.7095833333333333 0.05875 0.0925
0 0.69 0.26666666666666666 0.07125 0.09833333333333333
0 0.8590625 0.25583333333333336 0.068125 0.08833333333333333
0 0.4415625 0.28 0.069375 0.08833333333333333
0 0.655 0.52 0.0675 0.08
0 0.165625 0.5554166666666667 0.075 0.0975
0 0.5846875 0.9545833333333333 0.056875 0.0725
0 0.3278125 0.9375 0.061875 0.07333333333333333
0 0.571875 0.8370833333333333 0.0725 0.0975
0 0.5228125 0.055 0.059375 0.075
0 0.890625 0.6879166666666666 0.05875 0.09416666666666666
0 0.4571875 0.8958333333333334 0.060625 0.08833333333333333
0 0.0590625 0.3275 0.059375 0.09333333333333334
0 0.641875 0.4429166666666667 0.0625 0.08083333333333333
0 0.66875 0.04625 0.07375 0.08416666666666667
0 0.8115625 0.5925 0.060625 0.07
0 0.8478125 0.9466666666666667 0.059375 0.07333333333333333
0 0.780625 0.7925 0.0725 0.07166666666666667
0 0.11625 0.5675 0.0725 0.10833333333333334
0 0.484375 0.30916666666666665 0.0575 0.07666666666666666
0 0.40875 0.90125 0.0675 0.08583333333333333
0 0.6646875 0.14291666666666666 0.071875 0.06916666666666667
0 0.6146875 0.6329166666666667 0.064375 0.06416666666666666
0 0.2290625 0.60125 0.061875 0.0925
0 0.1665625 0.70625 0.061875 0.07583333333333334
0 0.178125 0.64375 0.05625 0.07416666666666667
0 0.8859375 0.9529166666666666 0.059375 0.07416666666666667
0 0.2053125 0.5845833333333333 0.066875 0.0925
0 0.0709375 0.28791666666666665 0.051875 0.06583333333333333