0 0.6978125 0.30125 0.090625 0.12083333333333333
0 0.2978125 0.8929166666666667 0.084375 0.1125
0 0.154375 0.8020833333333334 0.09625 0.12916666666666668
0 0.64 0.19875 0.0925 0.12416666666666666
0 0.4865625 0.4920833333333333 0.096875 0.12916666666666668
0 0.6821875 0.5416666666666666 0.104375 0.14
0 0.8115625 0.22125 0.113125 0.15083333333333335
0 0.214375 0.8733333333333333 0.095 0.12666666666666668
0 0.5696875 0.5975 0.096875 0.12833333333333333
0 0.4146875 0.26125 0.091875 0.1225
0 0.896875 0.18583333333333332 0.09125 0.12166666666666667
0 0.57125 0.14875 0.09625 0.1275
0 0.4815625 0.14333333333333334 0.103125 0.13833333333333334
0 0.5934375 0.77625 0.095625 0.1275
0 0.2640625 0.29041666666666666 0.100625 0.13416666666666666
0 0.37875 0.14916666666666667 0.08625 0.115
0 0.785625 0.37041666666666667 0.10625 0.1425
0 0.0859375 0.6654166666666667 0.103125 0.1375
0 0.7246875 0.7745833333333333 0.086875 0.11583333333333333
0 0.5315625 0.6933333333333334 0.101875 0.13666666666666666
0 0.23375 0.7666666666666667 0.10125 0.135
0 0.41375 0.5583333333333333 0.1 0.13333333333333333
0 0.4090625 0.8075 0.086875 0.115
0 0.713125 0.15625 0.11125 0.14916666666666667
0 0.796875 0.075 0.08375 0.11166666666666666
0 0.7496875 0.4791666666666667 0.095625 0.12666666666666668
0 0.393125 0.6616666666666666 0.09125 0.12166666666666667
0 0.66 0.7766666666666666 0.08125 0.10833333333333334
0 0.498125 0.0825 0.1025 0.13666666666666666
0 0.6315625 0.89625 0.105625 0.14083333333333334
0 0.3084375 0.5479166666666667 0.090625 0.12083333333333333
0 0.2034375 0.45708333333333334 0.090625 0.12083333333333333
0 0.7803125 0.76375 0.099375 0.1325
0 0.3409375 0.6979166666666666 0.079375 0.10583333333333333
0 0.0628125 0.44 0.096875 0.12833333333333333
1 0.5246875 0.39458333333333334 0.119375 0.15916666666666668