0 0.6571875 0.25416666666666665 0.075625 0.10333333333333333
0 0.45 0.6125 0.07625 0.105
0 0.5840625 0.8829166666666667 0.081875 0.11416666666666667
0 0.27625 0.53375 0.0875 0.09583333333333334
0 0.6953125 0.6004166666666667 0.088125 0.10583333333333333
0 0.4665625 0.7083333333333334 0.078125 0.12166666666666667
0 0.314375 0.18958333333333333 0.07875 0.1125
0 0.8053125 0.27416666666666667 0.081875 0.11833333333333333
0 0.5571875 0.2325 0.076875 0.11166666666666666
0 0.6925 0.18083333333333335 0.085 0.11166666666666666
0 0.20125 0.3975 0.0775 0.11666666666666667
0 0.6559375 0.45 0.083125 0.095
0 0.748125 0.6304166666666666 0.07625 0.10916666666666666
0 0.256875 0.36625 0.065 0.12583333333333332
0 0.6909375 0.085 0.073125 0.11833333333333333
0 0.3253125 0.12291666666666666 0.090625 0.11416666666666667
0 0.808125 0.7995833333333333 0.10625 0.09416666666666666
1 0.7778125 0.7166666666666667 0.095625 0.14166666666666666
0 0.5375 0.8216666666666667 0.06875 0.105
0 0.47375 0.825 0.09125 0.15833333333333333
0 0.30375 0.35041666666666665 0.06 0.1725
0 0.1825 0.24125 0.07875 0.13583333333333333