0 0.848125 0.9320833333333334 0.0675 0.0875
0 0.2159375 0.7233333333333334 0.071875 0.10166666666666667
0 0.75 0.13791666666666666 0.06875 0.10416666666666667
1 0.294375 0.7491666666666666 0.06625 0.08166666666666667
0 0.54625 0.49833333333333335 0.075 0.09666666666666666
0 0.9446875 0.7329166666666667 0.075625 0.0925
0 0.3134375 0.8279166666666666 0.071875 0.10083333333333333
0 0.279375 0.22416666666666665 0.07 0.08
0 0.0865625 0.9329166666666666 0.061875 0.0775
0 0.1184375 0.7070833333333333 0.059375 0.08083333333333333
0 0.8590625 0.625 0.071875 0.09833333333333333
0 0.7903125 0.58 0.073125 0.08833333333333333
0 0.231875 0.31666666666666665 0.06625 0.08833333333333333
0 0.529375 0.7970833333333334 0.06125 0.10083333333333333
0 0.8534375 0.8195833333333333 0.069375 0.08416666666666667
0 0.4965625 0.37 0.068125 0.085
0 0.6428125 0.8995833333333333 0.060625 0.07583333333333334
0 0.384375 0.6341666666666667 0.07 0.08333333333333333
0 0.944375 0.22625 0.07 0.10583333333333333
0 0.10125 0.8070833333333334 0.065 0.0825
0 0.3846875 0.8408333333333333 0.058125 0.07333333333333333
0 0.925625 0.34 0.07375 0.08333333333333333
0 0.8 0.48291666666666666 0.06875 0.08916666666666667
0 0.9171875 0.9454166666666667 0.069375 0.0925
0 0.549375 0.595 0.07 0.09166666666666666
0 0.36875 0.20791666666666667 0.07 0.0825
0 0.856875 0.04375 0.0625 0.07416666666666667
0 0.589375 0.9370833333333334 0.0625 0.0725
0 0.140625 0.9158333333333334 0.05875 0.07
0 0.3678125 0.7 0.060625 0.08833333333333333
0 0.58125 0.3020833333333333 0.0575 0.08583333333333333
0 0.8125 0.34375 0.0675 0.08583333333333333
0 0.6571875 0.14916666666666667 0.064375 0.085
0 0.0528125 0.24833333333333332 0.070625 0.08
0 0.8365625 0.265 0.060625 0.07666666666666666
0 0.673125 0.6741666666666667 0.07 0.08
0 0.1253125 0.5545833333333333 0.071875 0.10583333333333333
0 0.135 0.11875 0.06 0.08416666666666667
0 0.19 0.07041666666666667 0.0525 0.07916666666666666
0 0.2040625 0.80875 0.066875 0.07083333333333333
0 0.64625 0.77 0.0525 0.065
0 0.625625 0.37916666666666665 0.0675 0.08666666666666667
0 0.61375 0.7145833333333333 0.05125 0.07916666666666666
0 0.125625 0.0825 0.0525 0.07666666666666666
0 0.4959375 0.14791666666666667 0.073125 0.0825
0 0.46125 0.46875 0.07 0.0875
0 0.194375 0.11291666666666667 0.07125 0.0875
1 0.063125 0.49333333333333335 0.1075 0.09166666666666666
0 0.4771875 0.73875 0.058125 0.06916666666666667
0 0.900625 0.42833333333333334 0.055 0.07
0 0.4984375 0.54375 0.071875 0.0975
0 0.5728125 0.7316666666666667 0.070625 0.08333333333333333
0 0.43125 0.18208333333333335 0.0625 0.08416666666666667
0 0.2871875 0.9533333333333334 0.048125 0.07333333333333333
0 0.3609375 0.30375 0.066875 0.0675
0 0.4946875 0.23791666666666667 0.061875 0.0975
0 0.1996875 0.24416666666666667 0.068125 0.065
0 0.6209375 0.56375 0.058125 0.0675
0 0.324375 0.605 0.0575 0.07166666666666667
0 0.5440625 0.09166666666666666 0.051875 0.06333333333333334
0 0.69125 0.8616666666666667 0.05125 0.07
0 0.4146875 0.42625 0.063125 0.07916666666666666
0 0.8121875 0.13 0.055625 0.07333333333333333
0 0.1559375 0.3641666666666667 0.058125 0.07166666666666667
0 0.7409375 0.5004166666666666 0.053125 0.0625
0 0.4184375 0.25416666666666665 0.064375 0.08166666666666667
0 0.4209375 0.7054166666666667 0.050625 0.06916666666666667
1 0.6796875 0.7766666666666666 0.040625 0.09666666666666666
0 0.9771875 0.44375 0.041875 0.0575
0 0.9403125 0.415 0.048125 0.075
0 0.221875 0.5870833333333333 0.055 0.06416666666666666
0 0.4134375 0.5629166666666666 0.058125 0.07416666666666667
0 0.6334375 0.6166666666666667 0.075625 0.055
0 0.8175 0.19625 0.055 0.060833333333333336
0 0.4078125 0.9204166666666667 0.045625 0.0575
0 0.1659375 0.585 0.061875 0.09333333333333334
0 0.4496875 0.8391666666666666 0.050625 0.07
0 0.4765625 0.8091666666666667 0.054375 0.08166666666666667
0 0.425 0.78375 0.0525 0.060833333333333336
0 0.5559375 0.40041666666666664 0.051875 0.06416666666666666
0 0.1928125 0.40166666666666667 0.050625 0.06666666666666667
0 0.189375 0.5254166666666666 0.055 0.059166666666666666
0 0.044375 0.5625 0.0525 0.07333333333333333
0 0.1175 0.39416666666666667 0.05875 0.06333333333333334
0 0.1828125 0.17208333333333334 0.056875 0.06916666666666667
0 0.50375 0.06166666666666667 0.055 0.075
0 0.536875 0.19708333333333333 0.055 0.07416666666666667
0 0.5559375 0.16708333333333333 0.065625 0.08416666666666667
0 0.45375 0.060833333333333336 0.0525 0.06333333333333334
0 0.3771875 0.41083333333333333 0.051875 0.07
0 0.455 0.11041666666666666 0.0475 0.060833333333333336
0 0.4421875 0.35125 0.043125 0.0875
0 0.278125 0.30083333333333334 0.0525 0.07