0 0.214375 0.375 0.09625 0.12833333333333333
0 0.7415625 0.7216666666666667 0.096875 0.12833333333333333
0 0.134375 0.5691666666666667 0.11625 0.155
0 0.3728125 0.32666666666666666 0.091875 0.12166666666666667
0 0.38 0.47 0.10625 0.14166666666666666
0 0.3003125 0.355 0.110625 0.14833333333333334
0 0.284375 0.7033333333333334 0.1025 0.13666666666666666
0 0.240625 0.09708333333333333 0.1025 0.13583333333333333
0 0.1825 0.15416666666666667 0.095 0.12666666666666668
0 0.1946875 0.63625 0.113125 0.15083333333333335
0 0.4784375 0.7825 0.113125 0.15166666666666667
0 0.9409375 0.59375 0.105625 0.14083333333333334
0 0.7484375 0.81625 0.111875 0.14916666666666667
0 0.278125 0.25916666666666666 0.08125 0.10833333333333334
0 0.1084375 0.4245833333333333 0.108125 0.14416666666666667
0 0.9209375 0.4820833333333333 0.094375 0.12583333333333332
0 0.163125 0.49 0.09125 0.12166666666666667
0 0.8184375 0.5104166666666666 0.090625 0.12083333333333333
0 0.84375 0.38958333333333334 0.10375 0.1375
0 0.44875 0.5145833333333333 0.105 0.14083333333333334
0 0.530625 0.5920833333333333 0.1075 0.14416666666666667
0 0.9328125 0.64375 0.106875 0.1425
0 0.07 0.4558333333333333 0.10125 0.135
0 0.545 0.8841666666666667 0.09625 0.12833333333333333
0 0.496875 0.31583333333333335 0.1025 0.13666666666666666
0 0.8615625 0.6254166666666666 0.096875 0.12916666666666668
0 0.469375 0.5908333333333333 0.0925 0.12333333333333334
0 0.535625 0.50625 0.11 0.1475
0 0.349375 0.7225 0.095 0.12666666666666668
0 0.2765625 0.7945833333333333 0.074375 0.09916666666666667
1 0.8403125 0.71625 0.130625 0.17416666666666666
0 0.0721875 0.25125 0.106875 0.1425
0 0.4659375 0.41875 0.106875 0.1425
0 0.645 0.18666666666666668 0.1025 0.13666666666666666
0 0.82625 0.5941666666666666 0.08125 0.10833333333333334
1 0.8390625 0.79625 0.136875 0.1825
1 0.3809375 0.86 0.135625 0.18166666666666667
0 0.3359375 0.7925 0.086875 0.115
0 0.3303125 0.8504166666666667 0.096875 0.12916666666666668
0 0.066875 0.35833333333333334 0.095 0.12666666666666668
1 0.5 0.43583333333333335 0.12625 0.16833333333333333