0 0.3078125 0.3016666666666667 0.104375 0.13833333333333334
0 0.21125 0.8666666666666667 0.09625 0.12833333333333333
0 0.9028125 0.45708333333333334 0.101875 0.13583333333333333
0 0.8346875 0.46375 0.090625 0.12083333333333333
0 0.3328125 0.20041666666666666 0.099375 0.1325
0 0.8840625 0.2995833333333333 0.085625 0.11416666666666667
0 0.75875 0.59 0.0975 0.13
0 0.3546875 0.71375 0.086875 0.11583333333333333
0 0.523125 0.8741666666666666 0.09875 0.13166666666666665
0 0.1646875 0.5045833333333334 0.088125 0.1175
0 0.1359375 0.7995833333333333 0.093125 0.12416666666666666
0 0.3115625 0.81125 0.090625 0.12083333333333333
0 0.43875 0.4825 0.10125 0.135
0 0.718125 0.36583333333333334 0.0825 0.11
0 0.6896875 0.25958333333333333 0.083125 0.11083333333333334
0 0.8365625 0.3720833333333333 0.095625 0.1275
0 0.6934375 0.16291666666666665 0.086875 0.11583333333333333
0 0.0646875 0.47041666666666665 0.085625 0.11416666666666667
0 0.6253125 0.28875 0.093125 0.12416666666666666
0 0.280625 0.5258333333333334 0.10125 0.135
0 0.365 0.8725 0.1 0.13333333333333333
0 0.369375 0.6304166666666666 0.08875 0.1175
0 0.5109375 0.505 0.080625 0.10666666666666667
0 0.255 0.19916666666666666 0.0975 0.13
0 0.4253125 0.24375 0.079375 0.10583333333333333
0 0.269375 0.63375 0.0925 0.1225
0 0.765 0.28291666666666665 0.08 0.1075
0 0.5984375 0.20541666666666666 0.098125 0.13083333333333333
0 0.156875 0.5966666666666667 0.10625 0.14166666666666666
0 0.5971875 0.70875 0.096875 0.12916666666666668
0 0.54125 0.5508333333333333 0.09625 0.12833333333333333
0 0.5571875 0.30625 0.113125 0.15083333333333335
0 0.315 0.4404166666666667 0.08875 0.1175
0 0.9196875 0.5483333333333333 0.103125 0.13666666666666666
0 0.5478125 0.43125 0.091875 0.1225
0 0.620625 0.41875 0.08375 0.11083333333333334
0 0.754375 0.6625 0.07875 0.105
0 0.3540625 0.555 0.088125 0.11833333333333333
0 0.430625 0.15083333333333335 0.10125 0.135
0 0.5053125 0.33791666666666664 0.091875 0.1225
0 0.270625 0.9379166666666666 0.08125 0.10916666666666666
0 0.4378125 0.07833333333333334 0.094375 0.12666666666666668
0 0.6171875 0.08125 0.091875 0.1225
0 0.7796875 0.11125 0.089375 0.11916666666666667
0 0.136875 0.8733333333333333 0.08 0.10666666666666667
0 0.5271875 0.23291666666666666 0.084375 0.1125
0 0.0865625 0.7375 0.099375 0.13333333333333333
0 0.07125 0.5695833333333333 0.08375 0.11083333333333334
0 0.7146875 0.7175 0.086875 0.11666666666666667
0 0.2428125 0.7825 0.083125 0.11166666666666666
0 0.3665625 0.34625 0.088125 0.1175
0 0.4190625 0.8145833333333333 0.096875 0.12916666666666668
0 0.570625 0.10916666666666666 0.1075 0.14333333333333334
0 0.8703125 0.185 0.076875 0.10333333333333333
0 0.108125 0.3975 0.085 0.11333333333333333
0 0.836875 0.6129166666666667 0.085 0.1125
0 0.6240625 0.5733333333333334 0.103125 0.13833333333333334
0 0.4025 0.11375 0.09125 0.12083333333333333
0 0.1896875 0.61875 0.101875 0.13583333333333333
0 0.7575 0.7825 0.0975 0.13
0 0.41125 0.9325 0.09125 0.12166666666666667
0 0.18625 0.7245833333333334 0.09125 0.1225
0 0.600625 0.9041666666666667 0.10375 0.13833333333333334
0 0.255 0.6841666666666667 0.095 0.12666666666666668
0 0.416875 0.6595833333333333 0.09625 0.1275
0 0.4215625 0.34708333333333335 0.084375 0.1125
0 0.73875 0.19 0.09375 0.125
0 0.64375 0.6491666666666667 0.0825 0.11
0 0.1875 0.40375 0.1075 0.14416666666666667
0 0.88875 0.17041666666666666 0.10625 0.14083333333333334
0 0.755 0.4525 0.085 0.11333333333333333
0 0.6659375 0.6979166666666666 0.095625 0.1275
0 0.715625 0.7895833333333333 0.11125 0.1475
0 0.534375 0.10375 0.1125 0.14916666666666667
0 0.420625 0.71875 0.08375 0.11083333333333334
1 0.6390625 0.80375 0.090625 0.12083333333333333
0 0.2275 0.31125 0.095 0.12583333333333332
0 0.81625 0.11708333333333333 0.0825 0.11083333333333334
0 0.44 0.615 0.09625 0.12833333333333333
0 0.8096875 0.6320833333333333 0.084375 0.1125
0 0.9034375 0.5525 0.074375 0.1
0 0.4721875 0.8420833333333333 0.099375 0.1325
0 0.665625 0.8470833333333333 0.08375 0.11083333333333334
0 0.603125 0.9420833333333334 0.085 0.11416666666666667
0 0.2909375 0.9129166666666667 0.091875 0.1225
0 0.2809375 0.47333333333333333 0.093125 0.12333333333333334
0 0.238125 0.21541666666666667 0.08 0.1075
0 0.364375 0.10791666666666666 0.085 0.1125
0 0.139375 0.48583333333333334 0.08125 0.10833333333333334
0 0.216875 0.435 0.08375 0.11166666666666666
0 0.0884375 0.6029166666666667 0.084375 0.1125
0 0.0528125 0.77375 0.090625 0.12083333333333333
0 0.21125 0.7591666666666667 0.0875 0.11666666666666667
0 0.2125 0.7095833333333333 0.085 0.1125
0 0.36625 0.5275 0.0875 0.11666666666666667
0 0.3221875 0.40791666666666665 0.075625 0.10083333333333333
0 0.5496875 0.46708333333333335 0.095625 0.1275
0 0.7790625 0.25375 0.083125 0.11083333333333334
0 0.854375 0.10416666666666667 0.07625 0.10166666666666667
0 0.2440625 0.35625 0.100625 0.13416666666666666
0 0.3915625 0.36625 0.085625 0.11416666666666667
0 0.4809375 0.365 0.086875 0.11666666666666667
0 0.6503125 0.4483333333333333 0.085625 0.115
0 0.5040625 0.5383333333333333 0.085625 0.11333333333333333
0 0.4746875 0.59625 0.079375 0.10583333333333333
0 0.35875 0.7525 0.08 0.10666666666666667
0 0.3896875 0.9016666666666666 0.094375 0.12666666666666668
0 0.845625 0.5854166666666667 0.0975 0.13083333333333333
0 0.705 0.2841666666666667 0.08 0.10666666666666667
0 0.5534375 0.21125 0.085625 0.11416666666666667
0 0.4940625 0.135 0.080625 0.10666666666666667
0 0.5203125 0.10458333333333333 0.084375 0.1125
0 0.088125 0.49083333333333334 0.07 0.09333333333333334
0 0.61125 0.6058333333333333 0.0875 0.11666666666666667
0 0.7621875 0.41333333333333333 0.091875 0.12166666666666667
0 0.8390625 0.20375 0.080625 0.1075
0 0.7384375 0.4845833333333333 0.081875 0.10916666666666666
0 0.861875 0.28541666666666665 0.085 0.11416666666666667
0 0.7584375 0.49833333333333335 0.090625 0.12166666666666667
0 0.6884375 0.8245833333333333 0.083125 0.11083333333333334
0 0.5884375 0.7820833333333334 0.086875 0.11583333333333333
0 0.6525 0.6041666666666666 0.0925 0.12333333333333334
0 0.448125 0.8295833333333333 0.0825 0.11083333333333334