0 0.7221875 0.72375 0.069375 0.08416666666666667
0 0.518125 0.6395833333333333 0.075 0.08916666666666667
0 0.7703125 0.6591666666666667 0.063125 0.08
0 0.4528125 0.6845833333333333 0.068125 0.07916666666666666
0 0.5603125 0.34541666666666665 0.054375 0.0875
0 0.688125 0.05125 0.06375 0.0875
0 0.7365625 0.815 0.064375 0.085
0 0.6675 0.20375 0.05125 0.0775
0 0.66375 0.28958333333333336 0.07125 0.0775
0 0.3640625 0.5004166666666666 0.053125 0.0875
0 0.345625 0.315 0.07125 0.09
0 0.1903125 0.7441666666666666 0.073125 0.08666666666666667
0 0.8015625 0.7720833333333333 0.063125 0.07583333333333334
0 0.3696875 0.12833333333333333 0.066875 0.08666666666666667
0 0.7659375 0.06 0.063125 0.07833333333333334
0 0.476875 0.10125 0.0525 0.0725
0 0.7653125 0.2916666666666667 0.080625 0.07
0 0.2471875 0.4008333333333333 0.056875 0.065
0 0.1965625 0.9275 0.055625 0.085
0 0.5659375 0.5254166666666666 0.064375 0.0725
0 0.3321875 0.21 0.058125 0.08666666666666667
0 0.8275 0.845 0.06625 0.085
0 0.5434375 0.4354166666666667 0.053125 0.08083333333333333
0 0.5871875 0.1125 0.065625 0.07833333333333334
0 0.591875 0.2529166666666667 0.06625 0.08083333333333333
0 0.665625 0.77625 0.05875 0.0875
0 0.253125 0.8625 0.06125 0.08333333333333333
0 0.3478125 0.69125 0.059375 0.07416666666666667
0 0.313125 0.7716666666666666 0.06375 0.07333333333333333
0 0.214375 0.5945833333333334 0.07625 0.0925
0 0.4578125 0.145 0.068125 0.09333333333333334
0 0.8296875 0.12 0.061875 0.08833333333333333
0 0.300625 0.4766666666666667 0.0475 0.07833333333333334
0 0.5240625 0.7183333333333334 0.065625 0.056666666666666664
0 0.1928125 0.46125 0.051875 0.08416666666666667
0 0.5909375 0.76125 0.053125 0.0725
0 0.4528125 0.5929166666666666 0.048125 0.07916666666666666
0 0.6128125 0.39708333333333334 0.051875 0.07583333333333334
0 0.7421875 0.5370833333333334 0.061875 0.07416666666666667
0 0.599375 0.8595833333333334 0.055 0.08416666666666667
0 0.1684375 0.6579166666666667 0.065625 0.06583333333333333
0 0.395 0.5966666666666667 0.055 0.08
0 0.2503125 0.07333333333333333 0.056875 0.08333333333333333
0 0.2971875 0.3858333333333333 0.048125 0.08
0 0.1946875 0.16208333333333333 0.064375 0.08583333333333333
0 0.1803125 0.3433333333333333 0.063125 0.09
0 0.5753125 0.905 0.053125 0.09
0 0.795 0.16625 0.06125 0.08916666666666667
0 0.7025 0.6208333333333333 0.07 0.07
0 0.5196875 0.2995833333333333 0.071875 0.0875
0 0.2215625 0.68625 0.069375 0.09083333333333334
0 0.36 0.41083333333333333 0.05375 0.06833333333333333
0 0.6259375 0.6866666666666666 0.054375 0.08666666666666667
0 0.57625 0.16458333333333333 0.06125 0.07416666666666667
0 0.5484375 0.5645833333333333 0.076875 0.060833333333333336
0 0.421875 0.5666666666666667 0.0675 0.09
0 0.4321875 0.47791666666666666 0.058125 0.07083333333333333
0 0.484375 0.8416666666666667 0.0575 0.07666666666666666
0 0.7103125 0.23791666666666667 0.039375 0.07583333333333334
0 0.795 0.5758333333333333 0.05875 0.075
0 0.17125 0.8395833333333333 0.065 0.07416666666666667
0 0.260625 0.22416666666666665 0.065 0.10833333333333334
0 0.6496875 0.5841666666666666 0.054375 0.09166666666666666
0 0.75125 0.8941666666666667 0.0575 0.075
0 0.41875 0.0575 0.05125 0.07833333333333334
0 0.289375 0.5483333333333333 0.05625 0.07
0 0.455 0.265 0.065 0.08666666666666667
0 0.279375 0.17375 0.0525 0.07416666666666667
0 0.279375 0.9525 0.05625 0.07833333333333334
0 0.6025 0.9458333333333333 0.06875 0.09833333333333333
0 0.833125 0.23708333333333334 0.0575 0.07916666666666666
0 0.6415625 0.37333333333333335 0.063125 0.07333333333333333
0 0.8421875 0.5325 0.055625 0.08833333333333333
0 0.7703125 0.5466666666666666 0.063125 0.07833333333333334
0 0.8465625 0.88 0.053125 0.07333333333333333
0 0.5909375 0.7883333333333333 0.064375 0.08166666666666667
0 0.6265625 0.6591666666666667 0.049375 0.07833333333333334
0 0.675 0.5945833333333334 0.07 0.07416666666666667
0 0.660625 0.6133333333333333 0.05875 0.085
0 0.5928125 0.6695833333333333 0.074375 0.06916666666666667
0 0.418125 0.8545833333333334 0.05875 0.0875
0 0.3928125 0.6304166666666666 0.051875 0.06583333333333333
0 0.314375 0.80875 0.055 0.06916666666666667
0 0.2459375 0.825 0.056875 0.09333333333333334
0 0.2071875 0.95125 0.056875 0.06916666666666667
0 0.1909375 0.5795833333333333 0.073125 0.0725
0 0.203125 0.6516666666666666 0.0575 0.08166666666666667
0 0.1790625 0.49041666666666667 0.055625 0.07583333333333334
0 0.2828125 0.43041666666666667 0.048125 0.09416666666666666
0 0.38375 0.3283333333333333 0.07625 0.065
0 0.44875 0.47208333333333335 0.06 0.07083333333333333
0 0.441875 0.44958333333333333 0.06 0.0825
0 0.454375 0.8370833333333333 0.06 0.0725
0 0.370625 0.4395833333333333 0.05 0.07416666666666667
0 0.3459375 0.18375 0.056875 0.08083333333333333
0 0.61 0.1025 0.0625 0.08666666666666667
0 0.2390625 0.11416666666666667 0.055625 0.085
0 0.1628125 0.30875 0.063125 0.07416666666666667
0 0.4903125 0.2808333333333333 0.054375 0.08
0 0.3071875 0.9354166666666667 0.056875 0.07083333333333333
0 0.28375 0.58 0.05625 0.07166666666666667
0 0.296875 0.5808333333333333 0.06 0.07833333333333334
0 0.2878125 0.9358333333333333 0.055625 0.09166666666666666
0 0.279375 0.46416666666666667 0.05625 0.08
0 0.5740625 0.23541666666666666 0.054375 0.0875
0 0.6459375 0.20208333333333334 0.056875 0.0825