0 0.5296875 0.44333333333333336 0.074375 0.1
0 0.583125 0.89625 0.07 0.09083333333333334
0 0.4884375 0.56375 0.061875 0.08083333333333333
0 0.6965625 0.26875 0.066875 0.09083333333333334
0 0.7546875 0.5579166666666666 0.061875 0.09083333333333334
0 0.5034375 0.76375 0.065625 0.09083333333333334
1 0.2234375 0.8875 0.081875 0.105
0 0.69625 0.5908333333333333 0.0725 0.095
0 0.219375 0.37875 0.0675 0.08916666666666667
0 0.578125 0.6791666666666667 0.0675 0.09
0 0.313125 0.62625 0.0675 0.09416666666666666
0 0.40875 0.10291666666666667 0.0675 0.10083333333333333
0 0.809375 0.14125 0.05375 0.08416666666666667
0 0.316875 0.46791666666666665 0.06 0.09083333333333334
0 0.258125 0.2833333333333333 0.0625 0.08833333333333333
0 0.565625 0.8070833333333334 0.05875 0.0775
0 0.3309375 0.7758333333333334 0.064375 0.08833333333333333
0 0.2309375 0.03791666666666667 0.054375 0.06916666666666667
1 0.3625 0.6966666666666667 0.09 0.09833333333333333
0 0.41625 0.64 0.0525 0.09
0 0.4796875 0.6525 0.071875 0.08833333333333333
0 0.4734375 0.06125 0.071875 0.09083333333333334
0 0.634375 0.12708333333333333 0.0725 0.0925
0 0.380625 0.15833333333333333 0.06 0.085
0 0.445 0.1725 0.06125 0.08
0 0.74125 0.7783333333333333 0.06125 0.10333333333333333
0 0.6046875 0.2791666666666667 0.065625 0.08666666666666667
0 0.3121875 0.31875 0.058125 0.07083333333333333
0 0.424375 0.3491666666666667 0.05875 0.08666666666666667
0 0.56 0.16 0.07375 0.085
0 0.44375 0.5033333333333333 0.065 0.08666666666666667
0 0.5896875 0.30083333333333334 0.064375 0.09833333333333333
0 0.7090625 0.9104166666666667 0.053125 0.0925
0 0.78375 0.2554166666666667 0.05625 0.07416666666666667
0 0.64375 0.69375 0.06 0.07583333333333334
0 0.77 0.12791666666666668 0.05875 0.09083333333333334
0 0.57875 0.53125 0.05375 0.07416666666666667
0 0.4975 0.14083333333333334 0.0575 0.09833333333333333
0 0.6609375 0.25708333333333333 0.073125 0.08916666666666667
0 0.6740625 0.18625 0.061875 0.09083333333333334
0 0.2878125 0.39458333333333334 0.058125 0.0775
0 0.3965625 0.9020833333333333 0.051875 0.0725
0 0.5225 0.6341666666666667 0.05375 0.07166666666666667
0 0.1590625 0.6158333333333333 0.051875 0.06833333333333333
0 0.193125 0.50625 0.05875 0.0675
0 0.17125 0.43375 0.04875 0.07083333333333333
0 0.36625 0.28958333333333336 0.05375 0.06916666666666667
0 0.4503125 0.8333333333333334 0.054375 0.075
0 0.68 0.0725 0.06125 0.095
0 0.7440625 0.3545833333333333 0.060625 0.09083333333333334
0 0.723125 0.6720833333333334 0.06375 0.07583333333333334
0 0.3421875 0.55375 0.051875 0.0775
0 0.38375 0.6108333333333333 0.0625 0.07666666666666666
0 0.806875 0.3879166666666667 0.0525 0.08416666666666667
0 0.790625 0.315 0.05625 0.07333333333333333
0 0.5303125 0.8670833333333333 0.055625 0.07083333333333333
0 0.5771875 0.09041666666666667 0.048125 0.06583333333333333
0 0.81375 0.21416666666666667 0.06 0.07333333333333333
0 0.7203125 0.11666666666666667 0.045625 0.07166666666666667
0 0.3453125 0.9166666666666666 0.050625 0.07166666666666667
0 0.3003125 0.23666666666666666 0.050625 0.08
0 0.39625 0.4245833333333333 0.05625 0.11083333333333334
0 0.4071875 0.5458333333333333 0.061875 0.07333333333333333
0 0.2465625 0.5379166666666667 0.041875 0.0775
0 0.2690625 0.48625 0.053125 0.08583333333333333
0 0.2228125 0.46791666666666665 0.043125 0.08416666666666667
1 0.3428125 0.3875 0.065625 0.10666666666666667