0 0.383125 0.5970833333333333 0.06625 0.0975
0 0.5796875 0.7725 0.075625 0.09166666666666666
0 0.68875 0.55625 0.08125 0.1075
0 0.6590625 0.22166666666666668 0.069375 0.10666666666666667
0 0.325625 0.6579166666666667 0.05875 0.07583333333333334
0 0.4740625 0.7954166666666667 0.075625 0.1025
0 0.2346875 0.44125 0.064375 0.10583333333333333
0 0.8253125 0.71875 0.063125 0.08583333333333333
0 0.410625 0.42833333333333334 0.0675 0.09833333333333333
0 0.555625 0.33125 0.06875 0.09916666666666667
0 0.7821875 0.46625 0.074375 0.0975
0 0.3228125 0.5658333333333333 0.069375 0.11
0 0.43 0.725 0.06375 0.085
0 0.725 0.37833333333333335 0.06625 0.08833333333333333
0 0.77125 0.12791666666666668 0.08125 0.1075
0 0.348125 0.4791666666666667 0.06375 0.08666666666666667
0 0.7721875 0.33875 0.061875 0.0975
0 0.3209375 0.15916666666666668 0.065625 0.08166666666666667
0 0.249375 0.5516666666666666 0.0625 0.08833333333333333
0 0.345625 0.40375 0.065 0.08583333333333333
0 0.2428125 0.8654166666666666 0.068125 0.08916666666666667
0 0.2040625 0.6579166666666667 0.060625 0.08916666666666667
0 0.261875 0.23958333333333334 0.07875 0.10083333333333333
0 0.4540625 0.345 0.065625 0.08333333333333333
0 0.684375 0.45125 0.0725 0.10083333333333333
0 0.3528125 0.10375 0.066875 0.0975
0 0.8084375 0.21375 0.075625 0.09416666666666666
0 0.3846875 0.16083333333333333 0.061875 0.08
0 0.2025 0.14 0.07 0.085
0 0.2621875 0.12875 0.084375 0.11083333333333334
0 0.2871875 0.35541666666666666 0.089375 0.09583333333333334
0 0.4625 0.5795833333333333 0.065 0.0875
0 0.185625 0.5666666666666667 0.0725 0.09333333333333334
0 0.2903125 0.21833333333333332 0.069375 0.08666666666666667
0 0.5484375 0.49541666666666667 0.068125 0.08583333333333333
0 0.51375 0.5670833333333334 0.07375 0.10083333333333333
0 0.2271875 0.7358333333333333 0.069375 0.075
0 0.526875 0.7825 0.04625 0.09833333333333333
0 0.17125 0.0675 0.06375 0.07833333333333334
0 0.8346875 0.28833333333333333 0.079375 0.10166666666666667
0 0.8396875 0.8870833333333333 0.060625 0.0875
1 0.38625 0.8929166666666667 0.10625 0.13583333333333333
1 0.6296875 0.49041666666666667 0.101875 0.12083333333333333