0 0.4528125 0.19958333333333333 0.058125 0.07583333333333334
0 0.250625 0.72625 0.06125 0.08583333333333333
0 0.4015625 0.26875 0.056875 0.08083333333333333
0 0.4225 0.38916666666666666 0.0575 0.07666666666666666
0 0.2309375 0.6395833333333333 0.079375 0.10416666666666667
0 0.3934375 0.8870833333333333 0.070625 0.09916666666666667
0 0.3496875 0.7275 0.068125 0.08666666666666667
0 0.1603125 0.8220833333333334 0.073125 0.08916666666666667
0 0.17375 0.285 0.06 0.07666666666666666
0 0.865 0.8804166666666666 0.07125 0.09083333333333334
0 0.8234375 0.5054166666666666 0.063125 0.0775
0 0.4678125 0.12166666666666667 0.068125 0.08166666666666667
0 0.70875 0.8829166666666667 0.075 0.08916666666666667
0 0.9553125 0.5366666666666666 0.058125 0.09333333333333334
0 0.85875 0.24375 0.05875 0.08416666666666667
0 0.6209375 0.9333333333333333 0.061875 0.08166666666666667
1 0.1634375 0.56875 0.079375 0.11083333333333334
0 0.324375 0.5825 0.07875 0.095
0 0.2921875 0.15458333333333332 0.069375 0.08083333333333333
0 0.6303125 0.049166666666666664 0.065625 0.08666666666666667
1 0.254375 0.32166666666666666 0.08125 0.1
1 0.89375 0.4925 0.065 0.09333333333333334
0 0.774375 0.18833333333333332 0.05625 0.08166666666666667
0 0.3825 0.5208333333333334 0.05875 0.08666666666666667
0 0.0559375 0.5645833333333333 0.064375 0.0825
0 0.836875 0.08333333333333333 0.0575 0.07666666666666666
0 0.64625 0.4320833333333333 0.06125 0.08416666666666667
0 0.910625 0.6020833333333333 0.05375 0.06916666666666667
0 0.470625 0.8320833333333333 0.065 0.08083333333333333
0 0.6125 0.5870833333333333 0.06625 0.08916666666666667
0 0.8090625 0.6795833333333333 0.060625 0.07916666666666666
0 0.52375 0.5475 0.0625 0.10833333333333334
0 0.10375 0.21458333333333332 0.055 0.07583333333333334
0 0.6490625 0.75625 0.058125 0.0825
0 0.585 0.3254166666666667 0.04875 0.06916666666666667
0 0.5184375 0.51 0.059375 0.075
0 0.5596875 0.25666666666666665 0.059375 0.09666666666666666
0 0.1259375 0.42291666666666666 0.066875 0.07916666666666666
0 0.8909375 0.04791666666666667 0.059375 0.08083333333333333
0 0.0503125 0.21083333333333334 0.053125 0.08
0 0.0484375 0.28708333333333336 0.060625 0.07916666666666666
0 0.7615625 0.385 0.051875 0.08333333333333333
0 0.33375 0.35291666666666666 0.06125 0.06916666666666667
0 0.4471875 0.55375 0.058125 0.07916666666666666
0 0.8496875 0.4325 0.068125 0.06833333333333333
0 0.10375 0.36625 0.06 0.0825
0 0.7059375 0.26458333333333334 0.076875 0.07916666666666666
0 0.5734375 0.4075 0.064375 0.07833333333333334
0 0.6625 0.6941666666666667 0.065 0.08833333333333333
0 0.4840625 0.9175 0.065625 0.07666666666666666
0 0.7453125 0.5475 0.055625 0.075
1 0.351875 0.29291666666666666 0.06875 0.10083333333333333
0 0.0321875 0.40291666666666665 0.056875 0.07583333333333334
0 0.599375 0.7258333333333333 0.05875 0.08
0 0.0846875 0.13916666666666666 0.069375 0.09166666666666666
0 0.1034375 0.28041666666666665 0.066875 0.0925
0 0.796875 0.5766666666666667 0.075 0.07
0 0.634375 0.29125 0.06 0.0875
0 0.2196875 0.43291666666666667 0.053125 0.07583333333333334
0 0.079375 0.92625 0.06 0.07416666666666667
0 0.0334375 0.09958333333333333 0.055625 0.08083333333333333
0 0.729375 0.12208333333333334 0.07125 0.0625
0 0.61375 0.6395833333333333 0.06375 0.0825
0 0.6821875 0.25625 0.060625 0.08416666666666667
0 0.6140625 0.48583333333333334 0.051875 0.07833333333333334
0 0.8896875 0.74 0.048125 0.06333333333333334
0 0.7140625 0.21416666666666667 0.070625 0.07333333333333333
0 0.714375 0.17166666666666666 0.0525 0.06833333333333333