0 0.550625 0.78 0.09875 0.13166666666666665
0 0.9321875 0.5329166666666667 0.103125 0.1375
0 0.8390625 0.6270833333333333 0.096875 0.12916666666666668
0 0.7259375 0.48875 0.098125 0.13083333333333333
0 0.51 0.28 0.08875 0.11833333333333333
0 0.78625 0.495 0.1 0.13333333333333333
0 0.8615625 0.7570833333333333 0.104375 0.13916666666666666
0 0.1478125 0.3016666666666667 0.098125 0.13166666666666665
0 0.3096875 0.7204166666666667 0.115625 0.15416666666666667
0 0.7078125 0.31625 0.103125 0.1375
0 0.7490625 0.39958333333333335 0.099375 0.1325
0 0.6634375 0.16208333333333333 0.093125 0.12416666666666666
0 0.38 0.5733333333333334 0.0975 0.13
0 0.6834375 0.7770833333333333 0.104375 0.13916666666666666
0 0.3071875 0.5091666666666667 0.100625 0.135
0 0.6240625 0.8795833333333334 0.099375 0.1325
0 0.2853125 0.20125 0.095625 0.1275
0 0.2340625 0.6016666666666667 0.098125 0.13
0 0.7196875 0.6908333333333333 0.091875 0.12166666666666667
0 0.6459375 0.6045833333333334 0.103125 0.1375
0 0.791875 0.7091666666666666 0.0975 0.13
0 0.4796875 0.13333333333333333 0.104375 0.13833333333333334
0 0.611875 0.7779166666666667 0.1 0.1325
0 0.580625 0.495 0.095 0.12666666666666668
0 0.5221875 0.6275 0.106875 0.14166666666666666
0 0.6421875 0.49375 0.105625 0.14083333333333334
0 0.418125 0.26375 0.10625 0.1425
0 0.32 0.42083333333333334 0.10125 0.135
0 0.4425 0.3416666666666667 0.1 0.13333333333333333
0 0.9025 0.6466666666666666 0.1 0.13333333333333333
0 0.27 0.5208333333333334 0.1 0.13333333333333333
0 0.1975 0.47833333333333333 0.1075 0.14333333333333334
0 0.32375 0.3145833333333333 0.105 0.13916666666666666
0 0.454375 0.91625 0.10625 0.14083333333333334
0 0.4346875 0.13625 0.101875 0.13583333333333333
0 0.371875 0.35625 0.1075 0.1425
0 0.1965625 0.41875 0.101875 0.13583333333333333
0 0.313125 0.11791666666666667 0.10875 0.14416666666666667
0 0.11375 0.4691666666666667 0.09125 0.12166666666666667
0 0.4115625 0.7420833333333333 0.108125 0.14416666666666667
0 0.751875 0.5866666666666667 0.10125 0.135
0 0.5303125 0.50875 0.096875 0.12916666666666668
0 0.848125 0.8633333333333333 0.08 0.10666666666666667
0 0.748125 0.6358333333333334 0.10125 0.135
0 0.8259375 0.3491666666666667 0.096875 0.12833333333333333
0 0.1859375 0.72125 0.101875 0.13583333333333333
0 0.1575 0.09541666666666666 0.09625 0.1275
0 0.131875 0.12666666666666668 0.09625 0.12833333333333333
0 0.50875 0.38166666666666665 0.09875 0.13166666666666665
0 0.8765625 0.39625 0.104375 0.13916666666666666
0 0.43 0.43416666666666665 0.10125 0.135
0 0.45 0.6633333333333333 0.11125 0.14833333333333334
0 0.64 0.6995833333333333 0.1075 0.14416666666666667
0 0.490625 0.42291666666666666 0.09875 0.13083333333333333
0 0.823125 0.4075 0.0975 0.13
0 0.865 0.8933333333333333 0.1 0.13333333333333333
0 0.1359375 0.49625 0.081875 0.10916666666666666