0 0.5565625 0.8258333333333333 0.065625 0.09833333333333333
0 0.264375 0.19833333333333333 0.0775 0.09666666666666666
0 0.291875 0.93125 0.06875 0.10083333333333333
0 0.259375 0.09583333333333334 0.05625 0.07666666666666666
0 0.494375 0.44916666666666666 0.08125 0.105
0 0.5134375 0.056666666666666664 0.065625 0.08666666666666667
0 0.2846875 0.45625 0.063125 0.07916666666666666
0 0.620625 0.8883333333333333 0.06875 0.10333333333333333
0 0.2025 0.5345833333333333 0.07375 0.08916666666666667
0 0.689375 0.8304166666666667 0.0775 0.10416666666666667
0 0.3259375 0.20291666666666666 0.060625 0.0925
0 0.25875 0.5745833333333333 0.055 0.09083333333333334
0 0.4646875 0.14541666666666667 0.068125 0.0925
0 0.3603125 0.14458333333333334 0.063125 0.0825
0 0.445625 0.8583333333333333 0.0675 0.10166666666666667
0 0.368125 0.90625 0.05375 0.0825
0 0.6284375 0.5195833333333333 0.071875 0.1025
0 0.5975 0.37833333333333335 0.08375 0.10666666666666667
0 0.189375 0.62375 0.07 0.08916666666666667
0 0.3821875 0.7716666666666666 0.063125 0.095
0 0.1753125 0.35041666666666665 0.061875 0.08583333333333333
1 0.3828125 0.6745833333333333 0.093125 0.1225
0 0.7484375 0.9258333333333333 0.065625 0.09833333333333333
0 0.315 0.5504166666666667 0.07875 0.11083333333333334
1 0.17125 0.07916666666666666 0.0725 0.11166666666666666
0 0.4734375 0.945 0.063125 0.095
1 0.318125 0.35 0.08 0.11833333333333333
0 0.709375 0.9325 0.0725 0.10166666666666667
0 0.4 0.8583333333333333 0.05125 0.08833333333333333
1 0.5396875 0.5804166666666667 0.089375 0.10083333333333333
0 0.45 0.18708333333333332 0.05625 0.09416666666666666
0 0.4709375 0.54375 0.065625 0.0825
1 0.2421875 0.33958333333333335 0.101875 0.11083333333333334
1 0.4371875 0.59375 0.131875 0.11583333333333333
0 0.4471875 0.56625 0.071875 0.09083333333333334
0 0.1678125 0.5679166666666666 0.061875 0.0925
0 0.67875 0.73625 0.05125 0.07583333333333334
0 0.571875 0.47375 0.07 0.0975
0 0.564375 0.5079166666666667 0.06125 0.0925