0 0.3634375 0.07541666666666667 0.076875 0.10083333333333333
0 0.251875 0.5454166666666667 0.07375 0.0925
0 0.226875 0.26958333333333334 0.06875 0.0975
0 0.2265625 0.815 0.081875 0.105
0 0.705625 0.06708333333333333 0.0725 0.10083333333333333
0 0.5703125 0.06041666666666667 0.071875 0.0975
0 0.469375 0.7091666666666666 0.07625 0.1
0 0.3390625 0.19125 0.068125 0.09083333333333334
0 0.59625 0.14166666666666666 0.0625 0.07833333333333334
0 0.3825 0.6120833333333333 0.07 0.0925
0 0.610625 0.6816666666666666 0.07375 0.11
0 0.1971875 0.4379166666666667 0.078125 0.10083333333333333
0 0.6909375 0.2608333333333333 0.069375 0.09166666666666666
0 0.181875 0.33708333333333335 0.0725 0.09416666666666666
0 0.8221875 0.5204166666666666 0.079375 0.11916666666666667
0 0.25625 0.36125 0.07625 0.1075
0 0.7471875 0.48291666666666666 0.066875 0.0975
0 0.611875 0.22666666666666666 0.07875 0.10666666666666667
0 0.5634375 0.4791666666666667 0.071875 0.09666666666666666
0 0.7884375 0.09166666666666666 0.068125 0.09
0 0.539375 0.21166666666666667 0.0675 0.08333333333333333
0 0.619375 0.57875 0.08 0.11083333333333334
0 0.2665625 0.6383333333333333 0.068125 0.095
0 0.4609375 0.40875 0.084375 0.1075
0 0.445625 0.21875 0.08625 0.11083333333333334
0 0.1590625 0.66625 0.061875 0.0825
0 0.21125 0.18208333333333335 0.0725 0.0875
0 0.83875 0.1725 0.065 0.08666666666666667
0 0.5334375 0.31666666666666665 0.073125 0.09833333333333333
0 0.793125 0.23666666666666666 0.0625 0.08
0 0.828125 0.33625 0.07375 0.10916666666666666
0 0.7 0.8754166666666666 0.0725 0.10583333333333333
0 0.511875 0.7354166666666667 0.0775 0.0825
0 0.24375 0.10208333333333333 0.07375 0.09083333333333334
0 0.260625 0.05458333333333333 0.08 0.10583333333333333
0 0.52875 0.8233333333333334 0.0875 0.085
0 0.52875 0.8941666666666667 0.10375 0.09333333333333334