0 0.2675 0.7029166666666666 0.0725 0.09416666666666666
0 0.6709375 0.45958333333333334 0.066875 0.09083333333333334
0 0.785 0.7091666666666666 0.0675 0.1
0 0.500625 0.3595833333333333 0.06375 0.10083333333333333
0 0.1546875 0.9304166666666667 0.054375 0.08916666666666667
0 0.608125 0.08375 0.07125 0.0975
0 0.7096875 0.84625 0.061875 0.1025
0 0.2271875 0.9466666666666667 0.068125 0.09833333333333333
0 0.1815625 0.12333333333333334 0.070625 0.09333333333333334
0 0.776875 0.52875 0.0675 0.11083333333333334
0 0.2603125 0.53625 0.080625 0.10083333333333333
0 0.54375 0.22041666666666668 0.07 0.09583333333333334