0 0.7846875 0.55125 0.078125 0.0825
0 0.3965625 0.5125 0.065625 0.1
0 0.6509375 0.5108333333333334 0.068125 0.1
0 0.370625 0.6866666666666666 0.0775 0.08833333333333333
0 0.3471875 0.23208333333333334 0.075625 0.0975
0 0.6821875 0.6104166666666667 0.064375 0.08416666666666667
0 0.3190625 0.34833333333333333 0.076875 0.09
0 0.61375 0.7279166666666667 0.0675 0.0875
0 0.5315625 0.72625 0.066875 0.09416666666666666
0 0.5146875 0.3279166666666667 0.070625 0.0925
0 0.18125 0.21208333333333335 0.06625 0.10083333333333333
0 0.6846875 0.24583333333333332 0.075625 0.09
0 0.19375 0.8704166666666666 0.06875 0.0775
0 0.77625 0.7104166666666667 0.0625 0.06916666666666667
0 0.618125 0.26958333333333334 0.05875 0.08083333333333333
0 0.33 0.09791666666666667 0.0725 0.08916666666666667
0 0.6703125 0.3441666666666667 0.078125 0.10166666666666667
0 0.2528125 0.2875 0.073125 0.09833333333333333
0 0.5046875 0.21416666666666667 0.059375 0.08333333333333333
0 0.8171875 0.7491666666666666 0.065625 0.09166666666666666
0 0.543125 0.14791666666666667 0.07125 0.08583333333333333
0 0.39 0.11 0.08125 0.09
0 0.7859375 0.3725 0.059375 0.08333333333333333
0 0.464375 0.8033333333333333 0.0775 0.09833333333333333
0 0.5725 0.2275 0.065 0.085
0 0.4978125 0.5870833333333333 0.075625 0.10583333333333333
0 0.3815625 0.8954166666666666 0.054375 0.08416666666666667
0 0.806875 0.29875 0.07875 0.08416666666666667
0 0.8384375 0.10416666666666667 0.058125 0.07333333333333333
0 0.3553125 0.44333333333333336 0.068125 0.09833333333333333
0 0.4384375 0.8991666666666667 0.066875 0.11166666666666666
0 0.400625 0.32416666666666666 0.08 0.08666666666666667
0 0.401875 0.6083333333333333 0.07875 0.08166666666666667
0 0.451875 0.09416666666666666 0.06625 0.10166666666666667
0 0.72875 0.38416666666666666 0.06 0.075
0 0.5771875 0.8079166666666666 0.066875 0.08583333333333333
0 0.2021875 0.04833333333333333 0.089375 0.09666666666666666
1 0.66125 0.79 0.0875 0.09833333333333333
0 0.7815625 0.13958333333333334 0.075625 0.0975
0 0.285 0.8783333333333333 0.07375 0.10333333333333333
0 0.838125 0.6066666666666667 0.06375 0.09166666666666666
0 0.8384375 0.3854166666666667 0.070625 0.08583333333333333
0 0.7921875 0.24333333333333335 0.074375 0.08666666666666667
0 0.418125 0.365 0.075 0.09333333333333334
1 0.266875 0.48875 0.0925 0.11583333333333333