1 0.52625 0.13583333333333333 0.1125 0.15
0 0.669375 0.315 0.08375 0.11166666666666666
0 0.41875 0.8695833333333334 0.09125 0.1225
0 0.5809375 0.7145833333333333 0.089375 0.11916666666666667
0 0.445625 0.20416666666666666 0.08375 0.11166666666666666
0 0.31125 0.17333333333333334 0.095 0.12666666666666668
0 0.216875 0.46625 0.08375 0.1125
0 0.8246875 0.35291666666666666 0.081875 0.10916666666666666
0 0.6446875 0.19916666666666666 0.105625 0.14
0 0.165625 0.6958333333333333 0.0925 0.12333333333333334
0 0.4665625 0.34041666666666665 0.085625 0.11416666666666667
0 0.5765625 0.23958333333333334 0.104375 0.13916666666666666
0 0.475 0.7341666666666666 0.0875 0.11666666666666667
0 0.8409375 0.4795833333333333 0.088125 0.1175
0 0.7521875 0.16791666666666666 0.084375 0.1125
0 0.1303125 0.3545833333333333 0.086875 0.11583333333333333
0 0.155 0.8520833333333333 0.09 0.12083333333333333
0 0.7646875 0.3 0.100625 0.135
0 0.6534375 0.50125 0.091875 0.1225
0 0.250625 0.30375 0.08375 0.11083333333333334
0 0.28 0.36333333333333334 0.0875 0.11666666666666667
0 0.9478125 0.39208333333333334 0.096875 0.12916666666666668
0 0.3571875 0.39875 0.091875 0.1225
0 0.7396875 0.805 0.109375 0.14666666666666667
0 0.6721875 0.8129166666666666 0.096875 0.12916666666666668
0 0.604375 0.7983333333333333 0.09625 0.12833333333333333
0 0.6228125 0.55375 0.086875 0.11583333333333333
0 0.1203125 0.7975 0.088125 0.11833333333333333
0 0.114375 0.6079166666666667 0.10125 0.13583333333333333
0 0.48 0.4975 0.10125 0.135
0 0.761875 0.23625 0.08 0.10583333333333333
0 0.8178125 0.69375 0.094375 0.12583333333333332
0 0.8746875 0.5570833333333334 0.101875 0.13583333333333333
0 0.6103125 0.9195833333333333 0.091875 0.1225
0 0.639375 0.6204166666666666 0.09125 0.12083333333333333
0 0.454375 0.40041666666666664 0.10375 0.13916666666666666
0 0.3765625 0.17208333333333334 0.085625 0.11416666666666667
0 0.22125 0.22666666666666666 0.0875 0.11666666666666667
0 0.181875 0.2916666666666667 0.095 0.12666666666666668
0 0.260625 0.6091666666666666 0.09875 0.13166666666666665
0 0.3775 0.0925 0.08375 0.11166666666666666
0 0.1846875 0.5370833333333334 0.083125 0.11083333333333334
0 0.17 0.5795833333333333 0.08125 0.1075
0 0.3084375 0.5816666666666667 0.078125 0.105
0 0.8125 0.13375 0.07875 0.10583333333333333
0 0.42875 0.7841666666666667 0.08625 0.115
0 0.1903125 0.3254166666666667 0.094375 0.12583333333333332
0 0.509375 0.6504166666666666 0.0875 0.11583333333333333
0 0.224375 0.63 0.08125 0.10833333333333334
0 0.46875 0.6495833333333333 0.0925 0.12416666666666666
0 0.62 0.8766666666666667 0.0925 0.12333333333333334
0 0.410625 0.06166666666666667 0.09 0.12
0 0.6471875 0.8970833333333333 0.094375 0.12583333333333332
0 0.3928125 0.4920833333333333 0.118125 0.1575