0 0.64375 0.5833333333333334 0.09 0.12
0 0.2396875 0.7004166666666667 0.101875 0.13583333333333333
0 0.6165625 0.7920833333333334 0.090625 0.12083333333333333
0 0.4559375 0.6495833333333333 0.109375 0.14583333333333334
0 0.215625 0.5395833333333333 0.095 0.1275
0 0.4328125 0.10708333333333334 0.095625 0.1275
0 0.353125 0.3491666666666667 0.1025 0.13666666666666666
0 0.4303125 0.7595833333333334 0.093125 0.12416666666666666
0 0.3246875 0.72875 0.101875 0.13583333333333333
0 0.7265625 0.35875 0.088125 0.1175
0 0.160625 0.36333333333333334 0.1025 0.13666666666666666
0 0.4909375 0.4845833333333333 0.101875 0.13583333333333333
0 0.290625 0.5025 0.0925 0.12333333333333334
0 0.58625 0.41041666666666665 0.1025 0.1375
0 0.8871875 0.5858333333333333 0.095625 0.12666666666666668
0 0.7953125 0.61625 0.090625 0.12083333333333333
0 0.8115625 0.74125 0.094375 0.12583333333333332
0 0.86375 0.5091666666666667 0.1 0.13333333333333333
0 0.7775 0.66875 0.1025 0.13583333333333333
0 0.1825 0.16291666666666665 0.08625 0.11416666666666667
0 0.4096875 0.48333333333333334 0.100625 0.135
0 0.6434375 0.16791666666666666 0.093125 0.12416666666666666
0 0.75875 0.44875 0.11625 0.15583333333333332
0 0.4728125 0.8508333333333333 0.101875 0.135
0 0.8240625 0.8991666666666667 0.103125 0.13833333333333334
0 0.5965625 0.08958333333333333 0.105625 0.14083333333333334
0 0.3365625 0.78625 0.101875 0.13583333333333333
0 0.66375 0.06875 0.08375 0.11083333333333334
0 0.3428125 0.5354166666666667 0.096875 0.12916666666666668
0 0.5203125 0.6341666666666667 0.098125 0.13
0 0.545625 0.1175 0.10625 0.14166666666666666
0 0.5290625 0.68625 0.104375 0.13916666666666666
0 0.3896875 0.41125 0.089375 0.11916666666666667
0 0.2559375 0.8054166666666667 0.101875 0.13583333333333333
0 0.1409375 0.21 0.093125 0.12333333333333334
0 0.0765625 0.3329166666666667 0.103125 0.1375
0 0.564375 0.18708333333333332 0.10125 0.13583333333333333
0 0.1503125 0.6729166666666667 0.094375 0.12583333333333332