0 0.6584375 0.8741666666666666 0.071875 0.10333333333333333
0 0.9521875 0.6195833333333334 0.076875 0.09083333333333334
0 0.51625 0.24541666666666667 0.07625 0.09916666666666667
0 0.6246875 0.81375 0.078125 0.10083333333333333
0 0.0440625 0.5275 0.086875 0.10333333333333333
0 0.631875 0.30083333333333334 0.085 0.11166666666666666
0 0.246875 0.6745833333333333 0.08125 0.0925
0 0.135625 0.645 0.07375 0.09666666666666666
0 0.279375 0.82375 0.08 0.11583333333333333
0 0.261875 0.18875 0.0775 0.09583333333333334
0 0.1071875 0.08 0.068125 0.08333333333333333
0 0.1221875 0.34833333333333333 0.055625 0.09333333333333334
0 0.2825 0.28541666666666665 0.085 0.0975
0 0.48125 0.5791666666666667 0.0775 0.08833333333333333
0 0.25375 0.7708333333333334 0.075 0.1
0 0.725 0.19583333333333333 0.0825 0.11
0 0.9428125 0.8708333333333333 0.075625 0.105
0 0.7003125 0.5979166666666667 0.080625 0.11083333333333334
0 0.12625 0.16625 0.08 0.10083333333333333
0 0.8234375 0.89375 0.083125 0.10916666666666666
0 0.3278125 0.5041666666666667 0.073125 0.09833333333333333
0 0.436875 0.72875 0.08375 0.11416666666666667
0 0.179375 0.5783333333333334 0.06875 0.07666666666666666
0 0.4475 0.90875 0.09375 0.1075
0 0.5659375 0.7554166666666666 0.079375 0.09083333333333334
0 0.59 0.45375 0.07625 0.0975
1 0.18 0.4775 0.08375 0.11833333333333333
0 0.1471875 0.7554166666666666 0.075625 0.0925
0 0.74875 0.91625 0.075 0.10083333333333333
0 0.4878125 0.4216666666666667 0.083125 0.095
0 0.20125 0.8695833333333334 0.09125 0.0825
0 0.7771875 0.3620833333333333 0.075625 0.0875
0 0.0859375 0.7679166666666667 0.080625 0.11416666666666667
0 0.396875 0.24833333333333332 0.07375 0.10833333333333334
0 0.7015625 0.75625 0.075625 0.10083333333333333
0 0.4340625 0.4820833333333333 0.073125 0.10583333333333333
0 0.7590625 0.6804166666666667 0.074375 0.09916666666666667
0 0.8578125 0.37875 0.083125 0.11583333333333333
0 0.4775 0.35208333333333336 0.0775 0.0925
0 0.061875 0.6266666666666667 0.08 0.1
0 0.574375 0.70125 0.07125 0.11083333333333334
0 0.8728125 0.23958333333333334 0.074375 0.09583333333333334
0 0.375 0.3754166666666667 0.07 0.09916666666666667
0 0.173125 0.07125 0.0675 0.09583333333333334
0 0.075 0.30416666666666664 0.065 0.11833333333333333
0 0.5059375 0.5045833333333334 0.074375 0.08583333333333333
0 0.229375 0.5104166666666666 0.065 0.09916666666666667
0 0.3209375 0.38166666666666665 0.080625 0.08333333333333333
0 0.49375 0.66 0.0875 0.09833333333333333
0 0.6921875 0.6533333333333333 0.068125 0.095
0 0.185 0.39708333333333334 0.08125 0.0875