0 0.635625 0.19125 0.06625 0.0875
0 0.6153125 0.8379166666666666 0.066875 0.08083333333333333
0 0.663125 0.77625 0.04875 0.07083333333333333
0 0.4053125 0.42083333333333334 0.070625 0.095
0 0.2 0.5025 0.07375 0.095
0 0.3040625 0.4975 0.073125 0.09833333333333333
0 0.6925 0.10083333333333333 0.0775 0.08666666666666667
0 0.5221875 0.51625 0.073125 0.08916666666666667
0 0.3665625 0.9445833333333333 0.065625 0.09083333333333334
0 0.231875 0.82875 0.07375 0.09083333333333334
0 0.3275 0.16583333333333333 0.07375 0.11
0 0.3990625 0.51 0.059375 0.08666666666666667
0 0.4284375 0.81375 0.065625 0.0925
0 0.578125 0.7379166666666667 0.0625 0.09083333333333334
0 0.76625 0.745 0.05375 0.095
0 0.81125 0.09666666666666666 0.05875 0.07833333333333334
0 0.7140625 0.8054166666666667 0.061875 0.0875
0 0.3315625 0.4041666666666667 0.071875 0.08833333333333333
0 0.70875 0.9320833333333334 0.05875 0.0875
0 0.4853125 0.7058333333333333 0.071875 0.095
0 0.4265625 0.9179166666666667 0.066875 0.08416666666666667
0 0.5034375 0.6133333333333333 0.051875 0.10166666666666667
0 0.3596875 0.8654166666666666 0.059375 0.07916666666666666
0 0.3715625 0.7058333333333333 0.069375 0.09833333333333333
0 0.7221875 0.67625 0.058125 0.0775
0 0.67875 0.3383333333333333 0.07125 0.095
0 0.1825 0.7204166666666667 0.07125 0.09416666666666666
0 0.548125 0.6579166666666667 0.06125 0.08416666666666667
0 0.2659375 0.7008333333333333 0.065625 0.075
0 0.7278125 0.29375 0.073125 0.1025
1 0.2928125 0.8858333333333334 0.083125 0.09833333333333333
0 0.46125 0.5445833333333333 0.06375 0.08916666666666667
0 0.5134375 0.8816666666666667 0.051875 0.07833333333333334
0 0.784375 0.25166666666666665 0.06 0.08333333333333333
0 0.4259375 0.14375 0.051875 0.08583333333333333
0 0.67875 0.63125 0.06 0.07416666666666667
0 0.6896875 0.19083333333333333 0.073125 0.09833333333333333
0 0.3628125 0.60875 0.070625 0.07916666666666666
0 0.81375 0.6533333333333333 0.055 0.09333333333333334
0 0.468125 0.37416666666666665 0.06875 0.10833333333333334
0 0.6325 0.70875 0.0425 0.0825
1 0.513125 0.8125 0.0925 0.10333333333333333
0 0.6159375 0.10625 0.064375 0.07083333333333333
0 0.1965625 0.12666666666666668 0.076875 0.08666666666666667
0 0.5803125 0.8554166666666667 0.069375 0.0875
0 0.5625 0.4429166666666667 0.07375 0.1025
0 0.78875 0.86625 0.06375 0.0975
0 0.6265625 0.27541666666666664 0.049375 0.0775
0 0.614375 0.6308333333333334 0.06 0.08333333333333333
0 0.1996875 0.20333333333333334 0.065625 0.08
0 0.2265625 0.05 0.068125 0.09166666666666666
0 0.29625 0.6104166666666667 0.06 0.08916666666666667
0 0.3465625 0.5633333333333334 0.066875 0.09166666666666666
0 0.295 0.28 0.07375 0.09833333333333333
0 0.8425 0.7745833333333333 0.05375 0.08583333333333333
0 0.536875 0.25166666666666665 0.07125 0.07666666666666666
0 0.8259375 0.89125 0.070625 0.07916666666666666
0 0.5984375 0.525 0.055625 0.10333333333333333
0 0.4103125 0.78125 0.064375 0.0725
0 0.27125 0.07541666666666667 0.06125 0.08916666666666667
0 0.239375 0.47875 0.06375 0.0925
0 0.476875 0.09333333333333334 0.06 0.10666666666666667
0 0.1915625 0.9108333333333334 0.074375 0.08666666666666667
0 0.80125 0.20125 0.0675 0.10416666666666667
1 0.7771875 0.6366666666666667 0.068125 0.12333333333333334
1 0.5628125 0.1175 0.088125 0.105
0 0.6459375 0.46958333333333335 0.066875 0.0825
0 0.8390625 0.041666666666666664 0.065625 0.056666666666666664
0 0.4775 0.16875 0.05625 0.08916666666666667
0 0.3340625 0.255 0.066875 0.07
0 0.575 0.28958333333333336 0.06125 0.0925
0 0.5275 0.395 0.06875 0.09666666666666666
0 0.653125 0.5258333333333334 0.065 0.08666666666666667
0 0.6503125 0.5704166666666667 0.070625 0.0725