0 0.7353125 0.5929166666666666 0.105625 0.14083333333333334
0 0.3128125 0.35 0.088125 0.11833333333333333
0 0.816875 0.8416666666666667 0.105 0.14
0 0.7340625 0.39375 0.091875 0.1225
0 0.688125 0.73125 0.09875 0.1325
0 0.20375 0.125 0.0925 0.12333333333333334
0 0.419375 0.4816666666666667 0.1075 0.14333333333333334
0 0.6803125 0.18708333333333332 0.110625 0.1475
0 0.648125 0.6133333333333333 0.105 0.14
0 0.3875 0.39625 0.0975 0.13083333333333333
0 0.5146875 0.47208333333333335 0.104375 0.13916666666666666
0 0.2871875 0.5725 0.099375 0.13333333333333333
0 0.135 0.3045833333333333 0.11125 0.14916666666666667
0 0.48625 0.3408333333333333 0.09 0.12
0 0.5878125 0.26208333333333333 0.094375 0.12583333333333332
0 0.4709375 0.8058333333333333 0.111875 0.14833333333333334
0 0.7909375 0.7275 0.099375 0.13333333333333333
0 0.26125 0.47208333333333335 0.1 0.1325
0 0.1915625 0.5095833333333334 0.103125 0.1375
0 0.8475 0.6620833333333334 0.09375 0.12583333333333332
0 0.56875 0.9108333333333334 0.10125 0.135
0 0.693125 0.9254166666666667 0.09125 0.1225
0 0.6978125 0.4554166666666667 0.088125 0.1175
0 0.7571875 0.3875 0.091875 0.12333333333333334
0 0.2190625 0.73875 0.104375 0.13916666666666666
0 0.329375 0.17833333333333334 0.105 0.14
0 0.19625 0.2708333333333333 0.1075 0.14333333333333334
0 0.7165625 0.5058333333333334 0.110625 0.14833333333333334
0 0.8196875 0.9266666666666666 0.085625 0.11333333333333333
0 0.7275 0.2975 0.1025 0.13666666666666666
0 0.4328125 0.3179166666666667 0.104375 0.13916666666666666
0 0.3309375 0.43041666666666667 0.094375 0.12583333333333332
0 0.3559375 0.5958333333333333 0.080625 0.10666666666666667
0 0.31375 0.5091666666666667 0.08875 0.11833333333333333
0 0.6678125 0.27625 0.094375 0.12583333333333332
0 0.3984375 0.56125 0.114375 0.1525
0 0.1909375 0.5975 0.081875 0.11
0 0.6759375 0.36875 0.113125 0.15083333333333335
0 0.3653125 0.2866666666666667 0.116875 0.15666666666666668
0 0.4484375 0.41791666666666666 0.084375 0.1125
0 0.0928125 0.3825 0.104375 0.13833333333333334
0 0.3984375 0.18666666666666668 0.101875 0.13666666666666666
1 0.23875 0.6404166666666666 0.11125 0.1475
0 0.1 0.49041666666666667 0.09625 0.1275
0 0.7775 0.7579166666666667 0.1 0.1325
1 0.8165625 0.335 0.130625 0.17333333333333334
0 0.1353125 0.55375 0.085625 0.11416666666666667
0 0.0446875 0.5220833333333333 0.088125 0.1175
0 0.2784375 0.66875 0.105625 0.14083333333333334
1 0.5440625 0.5454166666666667 0.113125 0.15083333333333335
1 0.88125 0.4325 0.11375 0.15166666666666667
1 0.294375 0.7933333333333333 0.1425 0.19
1 0.14375 0.44583333333333336 0.115 0.15333333333333332
0 0.38875 0.22791666666666666 0.10375 0.1375
0 0.2809375 0.21416666666666667 0.083125 0.11166666666666666
0 0.133125 0.3954166666666667 0.08875 0.1175
0 0.2321875 0.51125 0.089375 0.11916666666666667
0 0.5865625 0.5295833333333333 0.089375 0.11916666666666667
0 0.433125 0.5791666666666667 0.10375 0.13833333333333334
0 0.0625 0.19458333333333333 0.08125 0.1075
0 0.92625 0.5225 0.08 0.10666666666666667