0 0.708125 0.79625 0.0675 0.0875
0 0.513125 0.135 0.07625 0.09666666666666666
0 0.814375 0.8 0.07625 0.09333333333333334
0 0.9540625 0.0575 0.070625 0.08166666666666667
0 0.918125 0.7195833333333334 0.065 0.07916666666666666
0 0.865 0.5920833333333333 0.06875 0.09083333333333334
0 0.890625 0.6608333333333334 0.06125 0.07
0 0.4684375 0.05416666666666667 0.078125 0.095
0 0.4159375 0.22625 0.078125 0.10416666666666667
0 0.8140625 0.5083333333333333 0.073125 0.10833333333333334
0 0.8109375 0.41333333333333333 0.073125 0.09333333333333334
0 0.608125 0.18166666666666667 0.08 0.115
0 0.74 0.4658333333333333 0.075 0.095
0 0.5334375 0.8904166666666666 0.069375 0.0975
0 0.3146875 0.0775 0.078125 0.11
0 0.875625 0.8691666666666666 0.0725 0.1
0 0.934375 0.3616666666666667 0.07375 0.1
0 0.374375 0.32666666666666666 0.08 0.11333333333333333
0 0.2228125 0.39666666666666667 0.073125 0.10333333333333333
0 0.739375 0.71375 0.07625 0.10416666666666667
0 0.8046875 0.6775 0.066875 0.09166666666666666
0 0.6659375 0.4691666666666667 0.076875 0.10833333333333334
0 0.8253125 0.6995833333333333 0.076875 0.10583333333333333
0 0.8009375 0.31833333333333336 0.071875 0.09833333333333333
0 0.4809375 0.25416666666666665 0.060625 0.09166666666666666
0 0.315 0.1975 0.06375 0.08833333333333333
0 0.7884375 0.8933333333333333 0.071875 0.09166666666666666
0 0.6840625 0.56875 0.075625 0.10916666666666666
0 0.8640625 0.35625 0.074375 0.1025
0 0.153125 0.5166666666666667 0.07875 0.11333333333333333
0 0.125625 0.34875 0.075 0.0975
0 0.67375 0.88125 0.07875 0.0925
0 0.8875 0.13416666666666666 0.0675 0.09166666666666666
0 0.6796875 0.15708333333333332 0.070625 0.10083333333333333
0 0.936875 0.4345833333333333 0.05875 0.07916666666666666
0 0.2378125 0.8929166666666667 0.073125 0.09083333333333334
0 0.4546875 0.37958333333333333 0.073125 0.09916666666666667
0 0.586875 0.85375 0.0775 0.10083333333333333
0 0.478125 0.3229166666666667 0.0725 0.09083333333333334
0 0.115 0.7033333333333334 0.07375 0.10666666666666667
0 0.2159375 0.15833333333333333 0.081875 0.105
0 0.2315625 0.5791666666666667 0.073125 0.095
0 0.2390625 0.7445833333333334 0.070625 0.11083333333333334
0 0.4278125 0.9045833333333333 0.064375 0.06583333333333333
0 0.4321875 0.17125 0.069375 0.1125
0 0.3228125 0.42083333333333334 0.059375 0.09833333333333333
0 0.72875 0.27666666666666667 0.0675 0.10333333333333333
0 0.4165625 0.37666666666666665 0.073125 0.09666666666666666
0 0.2540625 0.4841666666666667 0.070625 0.08666666666666667
1 0.14875 0.795 0.07625 0.10166666666666667
0 0.6315625 0.7341666666666666 0.075625 0.095
0 0.923125 0.5708333333333333 0.05125 0.075
0 0.0509375 0.7395833333333334 0.070625 0.10416666666666667
0 0.2534375 0.6704166666666667 0.070625 0.0975
0 0.8228125 0.22375 0.070625 0.10083333333333333
0 0.1784375 0.4504166666666667 0.061875 0.0775
0 0.8803125 0.22958333333333333 0.051875 0.0775
1 0.78375 0.22541666666666665 0.075 0.11916666666666667
1 0.2678125 0.16125 0.068125 0.13416666666666666
1 0.4053125 0.49083333333333334 0.110625 0.11666666666666667
0 0.3359375 0.2625 0.068125 0.06833333333333333
0 0.8321875 0.09333333333333334 0.069375 0.08166666666666667
0 0.796875 0.10666666666666667 0.06125 0.1
0 0.7703125 0.12375 0.059375 0.0925
0 0.7346875 0.12208333333333334 0.058125 0.1075
0 0.660625 0.33458333333333334 0.055 0.07916666666666666
0 0.61875 0.8158333333333333 0.07375 0.08666666666666667
0 0.6359375 0.8945833333333333 0.061875 0.0775
0 0.664375 0.7808333333333334 0.07375 0.085
0 0.56875 0.2808333333333333 0.06125 0.085
0 0.6321875 0.27 0.069375 0.08333333333333333
0 0.69875 0.26708333333333334 0.06375 0.08916666666666667
0 0.655 0.24666666666666667 0.06125 0.085
0 0.3584375 0.16541666666666666 0.056875 0.0775
0 0.86125 0.8954166666666666 0.0675 0.09083333333333334
0 0.29875 0.42083333333333334 0.07375 0.09833333333333333
0 0.6015625 0.2529166666666667 0.059375 0.0925
0 0.115625 0.6033333333333334 0.055 0.10833333333333334