0 0.385 0.8733333333333333 0.0975 0.13
0 0.40875 0.30916666666666665 0.0875 0.11666666666666667
0 0.11875 0.5683333333333334 0.09625 0.12833333333333333
0 0.7459375 0.40625 0.089375 0.11916666666666667
0 0.43125 0.17916666666666667 0.10125 0.135
0 0.5015625 0.14291666666666666 0.090625 0.12083333333333333
0 0.40625 0.09083333333333334 0.0975 0.13
0 0.7071875 0.7954166666666667 0.093125 0.12416666666666666
0 0.060625 0.4920833333333333 0.0925 0.12416666666666666
0 0.475625 0.06333333333333334 0.08375 0.11166666666666666
0 0.5175 0.7183333333333334 0.09875 0.13166666666666665
0 0.4753125 0.47875 0.098125 0.13083333333333333
0 0.1059375 0.4091666666666667 0.093125 0.12333333333333334
0 0.3040625 0.52875 0.091875 0.1225
0 0.798125 0.8520833333333333 0.095 0.12583333333333332
0 0.6496875 0.22125 0.084375 0.1125
0 0.7625 0.7508333333333334 0.085 0.11333333333333333
0 0.5890625 0.10625 0.088125 0.1175
0 0.8959375 0.43916666666666665 0.085625 0.11333333333333333
0 0.6465625 0.8420833333333333 0.083125 0.11083333333333334
0 0.215625 0.45416666666666666 0.0925 0.12333333333333334
0 0.5709375 0.8495833333333334 0.093125 0.12416666666666666
0 0.6334375 0.58875 0.096875 0.12916666666666668
0 0.8440625 0.6416666666666667 0.093125 0.125
0 0.8175 0.38916666666666666 0.1 0.13333333333333333
0 0.59625 0.6754166666666667 0.09625 0.1275
0 0.32375 0.7316666666666667 0.0875 0.11666666666666667
0 0.6159375 0.30291666666666667 0.086875 0.11583333333333333
0 0.430625 0.7954166666666667 0.0875 0.1175
0 0.2596875 0.5979166666666667 0.091875 0.1225
0 0.4065625 0.5183333333333333 0.088125 0.11666666666666667
0 0.7034375 0.9154166666666667 0.084375 0.1125
0 0.243125 0.07166666666666667 0.09875 0.13166666666666665
0 0.29875 0.6295833333333334 0.08875 0.1175
0 0.828125 0.7633333333333333 0.0875 0.11666666666666667
0 0.735625 0.51125 0.1025 0.1375
0 0.2878125 0.8025 0.086875 0.115
0 0.141875 0.12833333333333333 0.09375 0.125
0 0.5571875 0.58875 0.088125 0.1175
0 0.8603125 0.8395833333333333 0.086875 0.11583333333333333
0 0.9115625 0.6629166666666667 0.094375 0.12583333333333332
0 0.17875 0.18458333333333332 0.09375 0.12416666666666666
0 0.635625 0.49125 0.09 0.11916666666666667
0 0.7090625 0.17333333333333334 0.085625 0.115
0 0.4434375 0.70375 0.085625 0.11416666666666667
0 0.32 0.2025 0.08625 0.115
0 0.3196875 0.88625 0.088125 0.1175
0 0.3478125 0.36541666666666667 0.093125 0.12416666666666666
0 0.20625 0.5395833333333333 0.08125 0.1075
0 0.0925 0.21125 0.0925 0.1225
0 0.398125 0.6454166666666666 0.09125 0.12083333333333333
0 0.5646875 0.495 0.085625 0.115
0 0.48875 0.23166666666666666 0.09375 0.125
0 0.2825 0.1375 0.085 0.11333333333333333
0 0.6896875 0.6595833333333333 0.093125 0.12416666666666666
0 0.555 0.36875 0.08875 0.1175
0 0.29625 0.30666666666666664 0.07875 0.105
0 0.5228125 0.81375 0.088125 0.1175
0 0.673125 0.5508333333333333 0.09875 0.13166666666666665
0 0.5815625 0.19541666666666666 0.078125 0.10416666666666667
0 0.6209375 0.7620833333333333 0.093125 0.12416666666666666
0 0.6084375 0.9245833333333333 0.098125 0.13083333333333333
0 0.833125 0.5541666666666667 0.095 0.12666666666666668
0 0.9153125 0.5254166666666666 0.085625 0.11416666666666667
0 0.879375 0.7054166666666667 0.105 0.14083333333333334
0 0.4565625 0.3616666666666667 0.079375 0.105
0 0.245625 0.7991666666666667 0.1 0.13333333333333333
0 0.793125 0.4875 0.09 0.12
0 0.3890625 0.3829166666666667 0.086875 0.11583333333333333
0 0.1990625 0.30875 0.094375 0.12583333333333332