0 0.065 0.40166666666666667 0.09 0.12
0 0.25875 0.7845833333333333 0.07875 0.10583333333333333
0 0.2465625 0.6704166666666667 0.095625 0.1275
0 0.4246875 0.83375 0.094375 0.12583333333333332
0 0.4225 0.6358333333333334 0.09875 0.13166666666666665
0 0.469375 0.2658333333333333 0.0825 0.11
0 0.9153125 0.4370833333333333 0.093125 0.12416666666666666
0 0.3746875 0.7695833333333333 0.090625 0.12083333333333333
0 0.256875 0.12083333333333333 0.105 0.14
0 0.1771875 0.6079166666666667 0.089375 0.11916666666666667
0 0.5921875 0.5558333333333333 0.103125 0.13666666666666666
0 0.5846875 0.2945833333333333 0.105625 0.14083333333333334
0 0.1971875 0.21958333333333332 0.089375 0.11916666666666667
0 0.7925 0.3908333333333333 0.115 0.15333333333333332
0 0.6540625 0.49416666666666664 0.108125 0.145
0 0.920625 0.64625 0.10625 0.1425
0 0.1540625 0.36916666666666664 0.089375 0.12
0 0.5234375 0.65625 0.106875 0.1425
0 0.0953125 0.5429166666666667 0.095625 0.1275
0 0.6859375 0.67875 0.094375 0.12583333333333332
0 0.13125 0.4354166666666667 0.095 0.12583333333333332
0 0.63375 0.22916666666666666 0.095 0.12666666666666668
0 0.4840625 0.12333333333333334 0.095625 0.12833333333333333
0 0.15875 0.06666666666666667 0.08625 0.115
0 0.6240625 0.7045833333333333 0.093125 0.12416666666666666
0 0.3253125 0.08166666666666667 0.105625 0.14
1 0.579375 0.145 0.11375 0.15166666666666667
0 0.57125 0.7891666666666667 0.1025 0.13666666666666666
0 0.5171875 0.2966666666666667 0.098125 0.13166666666666665
0 0.8034375 0.6641666666666667 0.098125 0.13
1 0.1521875 0.14958333333333335 0.114375 0.1525
1 0.535625 0.5858333333333333 0.11625 0.155
0 0.37125 0.07083333333333333 0.08375 0.11166666666666666
0 0.2909375 0.8683333333333333 0.095625 0.12833333333333333
0 0.14125 0.5366666666666666 0.0825 0.11
0 0.4303125 0.3145833333333333 0.100625 0.13416666666666666
0 0.508125 0.19458333333333333 0.085 0.1125
0 0.1409375 0.25708333333333333 0.099375 0.1325
0 0.84125 0.4379166666666667 0.09625 0.12916666666666668
0 0.6246875 0.8679166666666667 0.098125 0.13083333333333333
1 0.7996875 0.7804166666666666 0.140625 0.1875
1 0.2303125 0.4741666666666667 0.111875 0.15
1 0.5646875 0.8904166666666666 0.114375 0.1525
1 0.1159375 0.26958333333333334 0.119375 0.15916666666666668
0 0.6175 0.7883333333333333 0.09875 0.13166666666666665
0 0.54375 0.09208333333333334 0.09625 0.1275
0 0.1859375 0.48541666666666666 0.098125 0.13083333333333333