0 0.9465625 0.37583333333333335 0.096875 0.13
0 0.5103125 0.41041666666666665 0.100625 0.13416666666666666
0 0.25375 0.6958333333333333 0.0975 0.13
0 0.5815625 0.8779166666666667 0.103125 0.1375
0 0.6715625 0.6495833333333333 0.099375 0.1325
0 0.2609375 0.33708333333333335 0.110625 0.1475
0 0.866875 0.27166666666666667 0.10375 0.13833333333333334
0 0.3390625 0.41625 0.115625 0.15416666666666667
0 0.684375 0.29625 0.0975 0.13083333333333333
0 0.8375 0.18666666666666668 0.0975 0.13
0 0.88875 0.43083333333333335 0.0975 0.13
0 0.5625 0.2375 0.1075 0.14333333333333334
0 0.6225 0.57125 0.10875 0.14416666666666667
0 0.4625 0.4891666666666667 0.0925 0.12333333333333334
0 0.56625 0.3375 0.1 0.13333333333333333
0 0.476875 0.6745833333333333 0.10125 0.13583333333333333
0 0.476875 0.81375 0.095 0.12583333333333332
0 0.394375 0.16583333333333333 0.10875 0.145
0 0.1825 0.6604166666666667 0.1075 0.1425
0 0.1546875 0.80875 0.099375 0.1325
0 0.626875 0.4675 0.095 0.12666666666666668
0 0.6290625 0.36125 0.096875 0.12916666666666668
0 0.533125 0.07375 0.09875 0.1325
0 0.76625 0.4979166666666667 0.11625 0.15416666666666667
0 0.8434375 0.57875 0.105625 0.14083333333333334
0 0.1209375 0.7204166666666667 0.106875 0.1425
0 0.4778125 0.23708333333333334 0.100625 0.13416666666666666
0 0.365 0.6295833333333334 0.10125 0.13583333333333333
0 0.1159375 0.8129166666666666 0.099375 0.1325
0 0.3859375 0.49666666666666665 0.098125 0.13166666666666665
0 0.715 0.5291666666666667 0.095 0.12666666666666668
0 0.2615625 0.82625 0.099375 0.1325
0 0.6178125 0.25375 0.095625 0.1275
0 0.9303125 0.19791666666666666 0.098125 0.13083333333333333
0 0.910625 0.27791666666666665 0.105 0.13916666666666666
0 0.8209375 0.3616666666666667 0.104375 0.14
0 0.37375 0.8354166666666667 0.09875 0.13083333333333333
1 0.7109375 0.19875 0.153125 0.20416666666666666
0 0.371875 0.665 0.0975 0.13
0 0.3915625 0.52875 0.099375 0.1325
0 0.789375 0.36125 0.115 0.1525
0 0.720625 0.5691666666666667 0.09125 0.12166666666666667
0 0.6090625 0.16291666666666665 0.090625 0.12083333333333333
0 0.56875 0.08833333333333333 0.08875 0.11833333333333333
0 0.70625 0.8641666666666666 0.10625 0.14166666666666666