0 0.7489711934156379 0.11424439624005785 0.06275720164609054 0.08966015907447578
0 0.6424897119341564 0.42950108459869846 0.06275720164609054 0.08966015907447578
0 0.8804012345679012 0.5180766449746927 0.06430041152263374 0.08893709327548807
0 0.8305041152263375 0.23644251626898047 0.061213991769547324 0.08821402747650037
0 0.5534979423868313 0.7031814895155459 0.07304526748971193 0.09327548806941431
0 0.24202674897119342 0.8890093998553869 0.06327160493827161 0.0918293564714389
0 0.9400720164609053 0.23608098336948663 0.061213991769547324 0.09038322487346348
0 0.8801440329218106 0.3036876355748373 0.06584362139917696 0.09399855386840203
0 0.7345679012345679 0.4201012292118583 0.0668724279835391 0.08532176428054954
0 0.8119855967078189 0.5701373825018077 0.06430041152263374 0.08315256688358641
0 0.8899176954732511 0.18618944323933478 0.06275720164609054 0.09038322487346348
0 0.38271604938271603 0.9240780911062907 0.07304526748971193 0.09399855386840203
0 0.8395061728395061 0.7827187274041938 0.07304526748971193 0.09761388286334056
0 0.7325102880658436 0.7559652928416486 0.056584362139917695 0.07881417208966016
0 0.8845164609053497 0.4262472885032538 0.062242798353909466 0.07013738250180766
0 0.9218106995884774 0.6283441793203182 0.07098765432098765 0.09399855386840203
0 0.12680041152263374 0.8336948662328272 0.061213991769547324 0.09399855386840203
0 0.9506172839506173 0.6959508315256688 0.08641975308641975 0.09038322487346348
0 0.5547839506172839 0.925524222704266 0.05915637860082305 0.07953723788864786
0 0.934156378600823 0.4967462039045553 0.06790123456790123 0.08676789587852494
0 0.1911008230452675 0.8221258134490239 0.06738683127572016 0.08676789587852494
0 0.9328703703703703 0.36225596529284165 0.07561728395061729 0.0911062906724512
0 0.7170781893004116 0.581706435285611 0.06584362139917696 0.08893709327548807
0 0.6720679012345679 0.6409978308026031 0.05401234567901234 0.08459869848156182
0 0.7052469135802469 0.8438177874186551 0.07304526748971193 0.09255242227042661
0 0.7157921810699589 0.950469992769342 0.06944444444444445 0.09616775126536514
0 0.9537037037037037 0.420824295010846 0.06275720164609054 0.07953723788864786
0 0.5308641975308642 0.7801879971077368 0.05555555555555555 0.07086044830079537
0 0.8238168724279835 0.4287780187997108 0.06430041152263374 0.09255242227042661
0 0.10339506172839506 0.571583514099783 0.047325102880658436 0.07158351409978309
0 0.44393004115226337 0.8727404193781634 0.05246913580246913 0.07664497469269703
0 0.8114711934156379 0.33080260303687636 0.06327160493827161 0.08315256688358641
0 0.205761316872428 0.6767895878524945 0.05864197530864197 0.06796818510484454
0 0.34670781893004116 0.5003615328994938 0.06584362139917696 0.08966015907447578
0 0.7911522633744856 0.3579175704989154 0.06790123456790123 0.08676789587852494
0 0.09953703703703703 0.7071583514099783 0.05606995884773663 0.08532176428054954
0 0.034722222222222224 0.8007953723788864 0.0684156378600823 0.07736804049168475
0 0.717335390946502 0.6702819956616052 0.055041152263374485 0.0737527114967462
0 0.878343621399177 0.5896601590744758 0.06430041152263374 0.07736804049168475
0 0.36342592592592593 0.740057845263919 0.062242798353909466 0.10629067245119306
0 0.6188271604938271 0.6648590021691974 0.04938271604938271 0.07013738250180766
0 0.6761831275720165 0.571583514099783 0.0787037037037037 0.08026030368763558
0 0.102880658436214 0.7610267534345625 0.05761316872427984 0.07013738250180766
0 0.2986111111111111 0.4981923355025307 0.0787037037037037 0.1012292118582791
0 0.47453703703703703 0.7107736804049168 0.051954732510288065 0.07519884309472162
0 0.32073045267489714 0.7541576283441793 0.055041152263374485 0.06796818510484454
0 0.422582304526749 0.7707881417208966 0.0787037037037037 0.09544468546637744
0 0.7968106995884774 0.9479392624728851 0.07304526748971193 0.10267534345625452
0 0.9681069958847737 0.544468546637744 0.06275720164609054 0.09689081706435286
0 0.8703703703703703 0.958062183658713 0.06790123456790123 0.0824295010845987
0 0.42849794238683125 0.8257411424439624 0.053497942386831275 0.05784526391901663
1 0.43698559670781895 0.7357194504699928 0.0684156378600823 0.07881417208966016