0 0.888125 0.5008333333333334 0.09125 0.12166666666666667
0 0.233125 0.07 0.09125 0.12166666666666667
0 0.5615625 0.40375 0.094375 0.12583333333333332
0 0.27 0.6325 0.0975 0.13
0 0.5375 0.8408333333333333 0.09875 0.13166666666666665
0 0.4484375 0.44083333333333335 0.093125 0.12333333333333334
0 0.8403125 0.34791666666666665 0.085625 0.11416666666666667
0 0.45875 0.8466666666666667 0.0925 0.12333333333333334
0 0.2053125 0.4295833333333333 0.089375 0.11916666666666667
0 0.711875 0.365 0.09 0.12
0 0.5059375 0.75125 0.086875 0.11583333333333333
0 0.448125 0.7091666666666666 0.08625 0.115
0 0.8003125 0.43 0.093125 0.125
0 0.2665625 0.5104166666666666 0.090625 0.12083333333333333
0 0.7815625 0.30291666666666667 0.090625 0.12083333333333333
0 0.8403125 0.8583333333333333 0.088125 0.11666666666666667
0 0.554375 0.68375 0.0875 0.1175
0 0.611875 0.3475 0.09125 0.12166666666666667
0 0.57375 0.2825 0.08625 0.115
0 0.5953125 0.22125 0.090625 0.12083333333333333
0 0.6328125 0.4345833333333333 0.081875 0.10916666666666666
0 0.5015625 0.5858333333333333 0.095625 0.12666666666666668
0 0.509375 0.38333333333333336 0.0825 0.11
0 0.2959375 0.7404166666666666 0.089375 0.11916666666666667
0 0.255625 0.355 0.09625 0.12833333333333333
0 0.3346875 0.8633333333333333 0.091875 0.12333333333333334
0 0.7140625 0.58875 0.078125 0.10416666666666667
0 0.813125 0.765 0.085 0.11333333333333333
0 0.5496875 0.5833333333333334 0.095625 0.12666666666666668
0 0.6484375 0.9191666666666667 0.098125 0.13166666666666665
0 0.35 0.21041666666666667 0.105 0.14083333333333334
0 0.7878125 0.5179166666666667 0.095625 0.1275
0 0.6546875 0.27125 0.083125 0.11083333333333334
0 0.190625 0.6345833333333334 0.085 0.11416666666666667
0 0.459375 0.5104166666666666 0.07875 0.10416666666666667
0 0.39375 0.25458333333333333 0.095 0.12583333333333332
0 0.166875 0.33666666666666667 0.1 0.13333333333333333
0 0.124375 0.53875 0.08125 0.10916666666666666
0 0.6009375 0.5254166666666666 0.085625 0.11416666666666667
0 0.3540625 0.3904166666666667 0.085625 0.11416666666666667
0 0.9090625 0.4170833333333333 0.091875 0.1225
0 0.335625 0.32625 0.09 0.11916666666666667
0 0.41625 0.11166666666666666 0.1025 0.13666666666666666
0 0.8509375 0.69125 0.091875 0.1225
0 0.3715625 0.82625 0.093125 0.12416666666666666
0 0.6890625 0.21291666666666667 0.074375 0.09916666666666667
0 0.165 0.07166666666666667 0.10625 0.14166666666666666
0 0.83 0.93375 0.095 0.1275
0 0.2021875 0.5820833333333333 0.093125 0.12416666666666666
1 0.725625 0.25875 0.0775 0.10416666666666667
0 0.629375 0.5441666666666667 0.07875 0.105
0 0.374375 0.4345833333333333 0.07625 0.1025
0 0.3190625 0.28875 0.084375 0.1125