0 0.415 0.6879166666666666 0.08 0.09916666666666667
0 0.453125 0.5004166666666666 0.0775 0.1075
0 0.781875 0.75 0.07125 0.09333333333333334
0 0.2784375 0.45458333333333334 0.068125 0.11916666666666667
0 0.36625 0.4683333333333333 0.07625 0.10666666666666667
0 0.3353125 0.12916666666666668 0.069375 0.115
0 0.3340625 0.7095833333333333 0.076875 0.10916666666666666
0 0.4940625 0.4083333333333333 0.070625 0.125
0 0.65 0.07583333333333334 0.08125 0.115
0 0.4578125 0.615 0.078125 0.12333333333333334
0 0.62 0.46958333333333335 0.0775 0.09916666666666667
0 0.583125 0.16625 0.0775 0.12583333333333332
0 0.685 0.46625 0.0675 0.10416666666666667
0 0.806875 0.4475 0.07125 0.11666666666666667
0 0.725625 0.35541666666666666 0.07375 0.1225
0 0.5496875 0.31 0.065625 0.11333333333333333
1 0.5390625 0.885 0.080625 0.12833333333333333
0 0.3965625 0.14416666666666667 0.070625 0.14
0 0.2534375 0.1475 0.063125 0.15
0 0.5234375 0.24916666666666668 0.066875 0.13833333333333334
0 0.6078125 0.7895833333333333 0.071875 0.10583333333333333
0 0.17375 0.38958333333333334 0.0725 0.11916666666666667
0 0.8053125 0.15583333333333332 0.065625 0.12333333333333334
0 0.8471875 0.19208333333333333 0.053125 0.11416666666666667
0 0.2046875 0.5375 0.074375 0.14666666666666667
0 0.605625 0.8641666666666666 0.07125 0.11
0 0.7515625 0.44708333333333333 0.059375 0.14083333333333334