0 0.6321875 0.26 0.080625 0.11166666666666666
0 0.4471875 0.3779166666666667 0.085625 0.11416666666666667
0 0.571875 0.6075 0.08375 0.115
0 0.3753125 0.66375 0.084375 0.1125
0 0.2528125 0.43291666666666667 0.080625 0.1025
0 0.5234375 0.0625 0.083125 0.10166666666666667
0 0.7146875 0.10416666666666667 0.089375 0.10833333333333334
0 0.238125 0.7729166666666667 0.09 0.10416666666666667
0 0.3871875 0.46375 0.076875 0.11583333333333333
0 0.4375 0.25166666666666665 0.075 0.11
0 0.6809375 0.43875 0.085625 0.11416666666666667
0 0.7796875 0.31958333333333333 0.080625 0.11083333333333334
0 0.695625 0.6670833333333334 0.065 0.10416666666666667
0 0.2934375 0.9245833333333333 0.071875 0.1075
0 0.378125 0.14166666666666666 0.0925 0.10333333333333333
0 0.6971875 0.8370833333333333 0.078125 0.10083333333333333
0 0.4553125 0.5491666666666667 0.086875 0.11333333333333333
0 0.263125 0.8595833333333334 0.08125 0.1025
0 0.3134375 0.7258333333333333 0.084375 0.12833333333333333
0 0.2453125 0.5204166666666666 0.086875 0.11916666666666667
0 0.275625 0.18833333333333332 0.08 0.10166666666666667
0 0.8375 0.7983333333333333 0.07375 0.09666666666666666
0 0.449375 0.8375 0.085 0.09666666666666666
0 0.1740625 0.55625 0.078125 0.09416666666666666
0 0.2071875 0.09333333333333334 0.085625 0.09333333333333334
0 0.2321875 0.13625 0.079375 0.10916666666666666
0 0.2003125 0.18875 0.081875 0.10083333333333333
0 0.83125 0.6491666666666667 0.0725 0.11166666666666666
0 0.3221875 0.13458333333333333 0.081875 0.1025
0 0.6959375 0.7758333333333334 0.085625 0.08666666666666667