0 0.6653125 0.33375 0.098125 0.13083333333333333
0 0.5478125 0.07916666666666666 0.119375 0.15833333333333333
0 0.824375 0.355 0.10625 0.14166666666666666
0 0.6596875 0.5004166666666666 0.098125 0.13083333333333333
0 0.4075 0.11 0.09375 0.125
0 0.5925 0.4741666666666667 0.09375 0.125
0 0.133125 0.4558333333333333 0.09375 0.125
0 0.3265625 0.16458333333333333 0.111875 0.14916666666666667
0 0.5615625 0.3204166666666667 0.101875 0.13583333333333333
0 0.1125 0.6283333333333333 0.09375 0.125
0 0.308125 0.36333333333333334 0.09875 0.13166666666666665
0 0.348125 0.2529166666666667 0.0925 0.12416666666666666
0 0.6175 0.9241666666666667 0.10375 0.13833333333333334
0 0.2171875 0.27375 0.099375 0.1325
0 0.4715625 0.6333333333333333 0.093125 0.12333333333333334
0 0.6703125 0.41541666666666666 0.099375 0.1325
0 0.419375 0.34375 0.10125 0.13416666666666666
0 0.6028125 0.5970833333333333 0.111875 0.14916666666666667
0 0.070625 0.42625 0.10125 0.13416666666666666
0 0.7284375 0.13125 0.106875 0.1425
0 0.811875 0.46 0.10125 0.135
0 0.9234375 0.4895833333333333 0.089375 0.11916666666666667
0 0.888125 0.2608333333333333 0.09875 0.13166666666666665
0 0.7271875 0.52375 0.104375 0.13916666666666666
0 0.7615625 0.45375 0.108125 0.14416666666666667
0 0.3746875 0.42375 0.108125 0.14416666666666667
0 0.390625 0.7566666666666667 0.095 0.12666666666666668
0 0.205 0.6379166666666667 0.11 0.1475
0 0.1765625 0.4920833333333333 0.096875 0.12916666666666668
0 0.265 0.5558333333333333 0.10375 0.13833333333333334
0 0.78875 0.22666666666666666 0.11125 0.14833333333333334
0 0.8775 0.4008333333333333 0.0875 0.11666666666666667
0 0.6025 0.24416666666666667 0.10625 0.14166666666666666
0 0.5128125 0.23791666666666667 0.106875 0.1425
0 0.5334375 0.35041666666666665 0.110625 0.1475
0 0.6825 0.59375 0.105 0.13916666666666666
0 0.2390625 0.9033333333333333 0.111875 0.15
0 0.4628125 0.44958333333333333 0.110625 0.1475
1 0.210625 0.40125 0.12125 0.16083333333333333
0 0.6984375 0.24416666666666667 0.110625 0.14833333333333334
0 0.6465625 0.13916666666666666 0.090625 0.12166666666666667
0 0.6128125 0.15875 0.109375 0.14583333333333334
0 0.584375 0.17541666666666667 0.09875 0.13083333333333333
0 0.53375 0.19083333333333333 0.12125 0.16166666666666665
0 0.4046875 0.24125 0.083125 0.11083333333333334
0 0.3615625 0.17541666666666667 0.083125 0.11083333333333334
0 0.5009375 0.51375 0.113125 0.15083333333333335
0 0.466875 0.6025 0.1 0.13333333333333333
0 0.40875 0.5316666666666666 0.1125 0.15
0 0.3625 0.38666666666666666 0.10375 0.13833333333333334
0 0.279375 0.41833333333333333 0.095 0.12666666666666668
0 0.25375 0.44583333333333336 0.095 0.12666666666666668
0 0.215625 0.4970833333333333 0.0975 0.13083333333333333
0 0.335 0.5508333333333333 0.11375 0.15166666666666667
0 0.365 0.7054166666666667 0.10875 0.14416666666666667
0 0.1084375 0.8175 0.109375 0.14666666666666667
0 0.5965625 0.9004166666666666 0.101875 0.13583333333333333
0 0.473125 0.8033333333333333 0.10375 0.13833333333333334
0 0.481875 0.7675 0.1075 0.14333333333333334
0 0.0634375 0.7708333333333334 0.104375 0.13833333333333334
0 0.404375 0.49666666666666665 0.1125 0.15
0 0.8771875 0.45625 0.100625 0.13416666666666666
0 0.9478125 0.5066666666666667 0.093125 0.12333333333333334
0 0.715 0.38375 0.1 0.1325
1 0.83 0.6266666666666667 0.13625 0.18166666666666667