0 0.31375 0.49541666666666667 0.0975 0.13083333333333333
0 0.411875 0.42 0.095 0.12666666666666668
0 0.9284375 0.6245833333333334 0.086875 0.11583333333333333
0 0.3446875 0.8433333333333334 0.105625 0.14
0 0.485625 0.7066666666666667 0.095 0.12666666666666668
0 0.7340625 0.7645833333333333 0.089375 0.11916666666666667
0 0.84875 0.9016666666666666 0.1 0.13333333333333333
0 0.8025 0.7633333333333333 0.095 0.12666666666666668
0 0.850625 0.47291666666666665 0.09125 0.1225
0 0.6171875 0.69875 0.089375 0.11916666666666667
0 0.4453125 0.15416666666666667 0.098125 0.13
0 0.4746875 0.5866666666666667 0.088125 0.11666666666666667
0 0.73375 0.63625 0.09 0.11916666666666667
0 0.2290625 0.6816666666666666 0.083125 0.11166666666666666
0 0.7465625 0.9033333333333333 0.093125 0.12333333333333334
0 0.4653125 0.44166666666666665 0.084375 0.11166666666666666
0 0.9040625 0.5133333333333333 0.094375 0.12666666666666668
0 0.4703125 0.83875 0.089375 0.11916666666666667
0 0.4915625 0.19166666666666668 0.083125 0.11166666666666666
0 0.5934375 0.5645833333333333 0.090625 0.12083333333333333
0 0.8396875 0.7020833333333333 0.083125 0.11083333333333334
0 0.5225 0.7741666666666667 0.0925 0.12333333333333334
1 0.185 0.37916666666666665 0.11125 0.14833333333333334
0 0.625625 0.3333333333333333 0.09375 0.125
0 0.5703125 0.08875 0.079375 0.10583333333333333
0 0.4165625 0.5675 0.095625 0.12666666666666668
0 0.54125 0.6558333333333334 0.0775 0.10333333333333333
0 0.68625 0.18666666666666668 0.08625 0.115
0 0.1790625 0.06583333333333333 0.084375 0.11166666666666666
0 0.37625 0.6958333333333333 0.09625 0.12833333333333333
0 0.4175 0.81 0.08125 0.10833333333333334
0 0.526875 0.8195833333333333 0.09625 0.1275
0 0.336875 0.7341666666666666 0.09 0.12
0 0.1721875 0.68875 0.088125 0.1175
0 0.595625 0.625 0.085 0.11333333333333333
0 0.2734375 0.4320833333333333 0.090625 0.12083333333333333
0 0.26 0.3570833333333333 0.085 0.1125
0 0.556875 0.15458333333333332 0.08625 0.11583333333333333
0 0.554375 0.43166666666666664 0.08125 0.10833333333333334
0 0.22125 0.745 0.07625 0.10166666666666667
0 0.1921875 0.4820833333333333 0.089375 0.11916666666666667
1 0.4934375 0.4875 0.104375 0.13833333333333334
0 0.0596875 0.19625 0.081875 0.10916666666666666
0 0.116875 0.39166666666666666 0.08875 0.11833333333333333
0 0.789375 0.6008333333333333 0.1175 0.15666666666666668
0 0.07125 0.2608333333333333 0.08375 0.11166666666666666
1 0.7540625 0.32958333333333334 0.121875 0.1625
0 0.7475 0.27541666666666664 0.08375 0.11083333333333334
0 0.67 0.27 0.105 0.14
0 0.250625 0.8233333333333334 0.08625 0.115
0 0.1065625 0.3304166666666667 0.103125 0.1375