0 0.7928125 0.35375 0.066875 0.0775
0 0.49375 0.3475 0.06625 0.09
0 0.7134375 0.32125 0.066875 0.10083333333333333
0 0.7234375 0.6875 0.079375 0.095
0 0.530625 0.23541666666666666 0.0775 0.0975
0 0.7778125 0.94625 0.060625 0.09083333333333334
0 0.4184375 0.28625 0.079375 0.1025
0 0.7125 0.875 0.07375 0.105
0 0.2921875 0.6241666666666666 0.075625 0.10666666666666667
0 0.7340625 0.41041666666666665 0.065625 0.08583333333333333
0 0.4171875 0.46458333333333335 0.075625 0.0975
0 0.2128125 0.7829166666666667 0.078125 0.09916666666666667
0 0.746875 0.7804166666666666 0.065 0.0925
0 0.8421875 0.3070833333333333 0.053125 0.08916666666666667
0 0.763125 0.07541666666666667 0.0625 0.09083333333333334
0 0.19375 0.6366666666666667 0.07 0.09666666666666666
0 0.5371875 0.6583333333333333 0.068125 0.09833333333333333
0 0.601875 0.6816666666666666 0.06625 0.09833333333333333
0 0.7696875 0.48375 0.051875 0.07916666666666666
0 0.5740625 0.7658333333333334 0.074375 0.09833333333333333
0 0.806875 0.4508333333333333 0.06375 0.09
0 0.649375 0.21541666666666667 0.06875 0.0925
0 0.5503125 0.4870833333333333 0.059375 0.0875
0 0.8353125 0.6916666666666667 0.063125 0.09166666666666666
0 0.7415625 0.2970833333333333 0.059375 0.08416666666666667
0 0.4796875 0.5666666666666667 0.076875 0.1
0 0.826875 0.5154166666666666 0.0625 0.07416666666666667
0 0.2825 0.15916666666666668 0.075 0.10166666666666667
0 0.818125 0.6758333333333333 0.07625 0.09833333333333333
0 0.8390625 0.9454166666666667 0.050625 0.07583333333333334
0 0.5384375 0.08083333333333333 0.066875 0.10666666666666667
0 0.3284375 0.29 0.075625 0.095
0 0.7628125 0.86625 0.059375 0.0725
1 0.828125 0.8183333333333334 0.08375 0.115
1 0.416875 0.9283333333333333 0.105 0.1
1 0.6596875 0.145 0.066875 0.09833333333333333
1 0.5515625 0.14666666666666667 0.079375 0.11666666666666667
0 0.81125 0.07875 0.06625 0.09083333333333334
0 0.8375 0.87375 0.07125 0.07916666666666666
0 0.766875 0.7779166666666667 0.065 0.10583333333333333
0 0.4975 0.51125 0.065 0.0825
0 0.52375 0.4216666666666667 0.055 0.07333333333333333
0 0.846875 0.20083333333333334 0.055 0.085
0 0.8184375 0.13458333333333333 0.044375 0.08916666666666667
0 0.374375 0.35375 0.05625 0.07416666666666667
0 0.215 0.17458333333333334 0.055 0.0925
0 0.1759375 0.08833333333333333 0.059375 0.09833333333333333
0 0.186875 0.22791666666666666 0.075 0.07916666666666666
0 0.1546875 0.15166666666666667 0.059375 0.08166666666666667
0 0.2575 0.25916666666666666 0.0725 0.085
0 0.5734375 0.29791666666666666 0.060625 0.0675
0 0.564375 0.36333333333333334 0.0625 0.07
0 0.5315625 0.6 0.073125 0.08333333333333333