0 0.8484375 0.59875 0.093125 0.12416666666666666
0 0.82 0.6808333333333333 0.0875 0.11666666666666667
0 0.3834375 0.83 0.096875 0.12833333333333333
0 0.890625 0.4608333333333333 0.08875 0.11833333333333333
0 0.8625 0.11916666666666667 0.10125 0.135
0 0.56125 0.6245833333333334 0.095 0.12583333333333332
0 0.4971875 0.73625 0.098125 0.13083333333333333
0 0.6771875 0.10541666666666667 0.095625 0.1275
0 0.7646875 0.38166666666666665 0.098125 0.13166666666666665
0 0.325 0.20083333333333334 0.09625 0.12833333333333333
0 0.9334375 0.2995833333333333 0.100625 0.13416666666666666
0 0.7128125 0.1825 0.099375 0.13333333333333333
0 0.2890625 0.30333333333333334 0.108125 0.145
0 0.39625 0.15041666666666667 0.09625 0.1275
0 0.5771875 0.20208333333333334 0.090625 0.12083333333333333
0 0.4409375 0.30541666666666667 0.094375 0.12583333333333332
0 0.3975 0.915 0.0875 0.11666666666666667
0 0.6828125 0.27291666666666664 0.096875 0.12916666666666668
0 0.5153125 0.8854166666666666 0.091875 0.1225
0 0.193125 0.8329166666666666 0.08875 0.11916666666666667
0 0.7475 0.11583333333333333 0.08375 0.11166666666666666
0 0.0490625 0.5425 0.093125 0.125
0 0.48625 0.35041666666666665 0.09 0.11916666666666667
0 0.758125 0.6170833333333333 0.075 0.10083333333333333
0 0.109375 0.7066666666666667 0.095 0.12666666666666668
0 0.183125 0.6858333333333333 0.1025 0.13666666666666666
0 0.2703125 0.6695833333333333 0.096875 0.12916666666666668
0 0.6165625 0.6020833333333333 0.091875 0.1225
0 0.2540625 0.8770833333333333 0.091875 0.1225
0 0.5428125 0.725 0.104375 0.14
0 0.231875 0.3825 0.08625 0.115
0 0.2765625 0.5645833333333333 0.088125 0.1175
0 0.8153125 0.285 0.099375 0.13333333333333333
0 0.2609375 0.4533333333333333 0.100625 0.13333333333333333
0 0.27125 0.7541666666666667 0.08625 0.115
0 0.5959375 0.6995833333333333 0.094375 0.12583333333333332
0 0.4475 0.17375 0.09625 0.1275
0 0.625625 0.8566666666666667 0.09875 0.13166666666666665
0 0.331875 0.6183333333333333 0.07625 0.10166666666666667
0 0.755 0.2683333333333333 0.095 0.12666666666666668
0 0.669375 0.7475 0.09375 0.125
0 0.541875 0.4925 0.10375 0.13833333333333334
0 0.134375 0.7845833333333333 0.09875 0.13083333333333333
0 0.8871875 0.23041666666666666 0.084375 0.1125
0 0.501875 0.08958333333333333 0.09375 0.12583333333333332
0 0.744375 0.7008333333333333 0.08375 0.11166666666666666
0 0.534375 0.8220833333333334 0.09625 0.12916666666666668
0 0.6059375 0.31708333333333333 0.099375 0.1325
0 0.321875 0.15333333333333332 0.10125 0.135
0 0.5528125 0.325 0.093125 0.125
0 0.4021875 0.6320833333333333 0.094375 0.12583333333333332
0 0.61125 0.46 0.1 0.13333333333333333
0 0.3259375 0.7820833333333334 0.100625 0.13416666666666666
0 0.7159375 0.32125 0.099375 0.1325
0 0.1378125 0.46458333333333335 0.084375 0.1125
0 0.2428125 0.21958333333333332 0.089375 0.11916666666666667
0 0.095 0.6066666666666667 0.10125 0.135
0 0.326875 0.6958333333333333 0.09875 0.13166666666666665
0 0.475625 0.5191666666666667 0.10625 0.14166666666666666
0 0.089375 0.78125 0.1 0.13416666666666666
0 0.484375 0.5766666666666667 0.085 0.11333333333333333
0 0.6575 0.8991666666666667 0.0925 0.12333333333333334
0 0.7853125 0.10166666666666667 0.111875 0.15
0 0.916875 0.5416666666666666 0.085 0.11333333333333333
0 0.2025 0.44166666666666665 0.0925 0.12333333333333334
0 0.3121875 0.4241666666666667 0.098125 0.13166666666666665
0 0.4628125 0.26666666666666666 0.103125 0.13666666666666666
0 0.5990625 0.5575 0.085625 0.115
0 0.755 0.48833333333333334 0.1 0.13333333333333333
0 0.455625 0.8129166666666666 0.10375 0.13916666666666666
0 0.6840625 0.6104166666666667 0.089375 0.11916666666666667
0 0.8175 0.4345833333333333 0.09125 0.1225
0 0.6690625 0.8483333333333334 0.099375 0.13333333333333333
0 0.626875 0.41791666666666666 0.1 0.1325
0 0.3234375 0.8995833333333333 0.100625 0.13416666666666666
0 0.3640625 0.6941666666666667 0.095625 0.12666666666666668
0 0.126875 0.8791666666666667 0.09625 0.12833333333333333
0 0.2653125 0.8033333333333333 0.095625 0.12833333333333333
0 0.435625 0.65 0.09125 0.12166666666666667
0 0.1865625 0.5645833333333333 0.090625 0.12083333333333333
0 0.394375 0.24083333333333334 0.085 0.11333333333333333
0 0.7140625 0.6854166666666667 0.081875 0.10916666666666666
0 0.45 0.9133333333333333 0.095 0.12666666666666668
0 0.7721875 0.77 0.106875 0.14166666666666666
0 0.9278125 0.17125 0.089375 0.11916666666666667
0 0.528125 0.5416666666666666 0.09 0.12
1 0.5634375 0.10625 0.148125 0.1975
0 0.4190625 0.38875 0.091875 0.1225
0 0.4128125 0.5204166666666666 0.084375 0.1125
0 0.378125 0.38333333333333336 0.08 0.10666666666666667
0 0.335625 0.45 0.09625 0.12833333333333333
0 0.7240625 0.49541666666666667 0.099375 0.1325
0 0.833125 0.49125 0.07625 0.1025
0 0.7746875 0.5945833333333334 0.078125 0.10416666666666667
0 0.8496875 0.21458333333333332 0.076875 0.1025
0 0.8471875 0.3204166666666667 0.091875 0.1225
0 0.1975 0.5333333333333333 0.085 0.11333333333333333
0 0.16 0.59 0.08 0.10666666666666667
0 0.226875 0.35208333333333336 0.09625 0.1275
0 0.04625 0.7729166666666667 0.09125 0.1225
0 0.118125 0.5558333333333333 0.10375 0.13833333333333334
0 0.316875 0.59 0.095 0.12666666666666668
0 0.6946875 0.56375 0.091875 0.1225
0 0.636875 0.7545833333333334 0.095 0.1275
0 0.68125 0.6679166666666667 0.0825 0.11083333333333334
0 0.568125 0.8058333333333333 0.09125 0.12166666666666667
0 0.4471875 0.85625 0.096875 0.12916666666666668
0 0.560625 0.2825 0.09 0.12
0 0.114375 0.49583333333333335 0.08125 0.10833333333333334
0 0.0815625 0.65375 0.106875 0.1425
0 0.3834375 0.7845833333333333 0.101875 0.13583333333333333
0 0.4815625 0.17625 0.081875 0.10916666666666666
0 0.4 0.11 0.085 0.11333333333333333
0 0.380625 0.2704166666666667 0.0875 0.1175
0 0.0484375 0.4579166666666667 0.086875 0.11583333333333333