0 0.2578125 0.13333333333333333 0.073125 0.09333333333333334
0 0.2125 0.5325 0.07125 0.09666666666666666
0 0.6528125 0.5216666666666666 0.068125 0.08833333333333333
0 0.6184375 0.6258333333333334 0.080625 0.10333333333333333
0 0.786875 0.42333333333333334 0.07375 0.09333333333333334
0 0.7028125 0.8641666666666666 0.064375 0.09333333333333334
0 0.5325 0.6841666666666667 0.06875 0.09333333333333334
0 0.705625 0.18875 0.06 0.0775
0 0.5971875 0.12416666666666666 0.069375 0.08166666666666667
0 0.5359375 0.49333333333333335 0.074375 0.08666666666666667
0 0.4078125 0.9545833333333333 0.058125 0.08416666666666667
0 0.434375 0.7629166666666667 0.0775 0.0825
0 0.2471875 0.3625 0.061875 0.08333333333333333
0 0.78 0.8433333333333334 0.0625 0.08333333333333333
0 0.7896875 0.6345833333333334 0.065625 0.07416666666666667
0 0.1590625 0.16375 0.065625 0.0875
0 0.3278125 0.7866666666666666 0.081875 0.09333333333333334
0 0.2028125 0.06458333333333334 0.071875 0.10416666666666667
0 0.7671875 0.26166666666666666 0.084375 0.09166666666666666
0 0.4878125 0.9495833333333333 0.073125 0.09416666666666666
0 0.8209375 0.125 0.080625 0.09333333333333334
0 0.4709375 0.8375 0.109375 0.085
0 0.43 0.3983333333333333 0.07 0.09
0 0.4596875 0.43125 0.079375 0.0925
0 0.410625 0.61875 0.08 0.09416666666666666
0 0.4596875 0.5358333333333334 0.085625 0.10833333333333334
0 0.4065625 0.5516666666666666 0.058125 0.07
1 0.5584375 0.37958333333333333 0.081875 0.1125