0 0.4375 0.43875 0.07875 0.10583333333333333
0 0.576875 0.3 0.0825 0.09166666666666666
0 0.375 0.04791666666666667 0.08125 0.09583333333333334
0 0.0778125 0.8566666666666667 0.076875 0.115
0 0.8840625 0.2966666666666667 0.078125 0.10166666666666667
0 0.3628125 0.29291666666666666 0.065625 0.09083333333333334
0 0.57 0.8216666666666667 0.07625 0.09666666666666666
0 0.085 0.07083333333333333 0.07875 0.09166666666666666
0 0.9634375 0.05125 0.070625 0.1025
0 0.3971875 0.5704166666666667 0.068125 0.10083333333333333
0 0.615625 0.19125 0.0775 0.10083333333333333
0 0.1565625 0.57875 0.079375 0.09416666666666666
1 0.95125 0.875 0.07125 0.10666666666666667
0 0.236875 0.6320833333333333 0.075 0.09416666666666666
0 0.7353125 0.18458333333333332 0.075625 0.10083333333333333
0 0.89625 0.8070833333333334 0.0825 0.11416666666666667
0 0.23625 0.7766666666666666 0.07125 0.09333333333333334
0 0.2615625 0.22458333333333333 0.069375 0.0975
0 0.12625 0.145 0.0725 0.10833333333333334
0 0.4634375 0.30666666666666664 0.073125 0.09833333333333333
0 0.3353125 0.3525 0.081875 0.11
0 0.23 0.9066666666666666 0.08625 0.095
0 0.28 0.82125 0.07 0.10916666666666666
0 0.519375 0.1975 0.0725 0.105
0 0.5296875 0.4270833333333333 0.075625 0.09916666666666667
0 0.3459375 0.6720833333333334 0.075625 0.10583333333333333
0 0.325 0.17333333333333334 0.07625 0.10666666666666667
0 0.4034375 0.7354166666666667 0.070625 0.0875
0 0.359375 0.8995833333333333 0.06875 0.0775