0 0.1884375 0.34958333333333336 0.105625 0.14083333333333334
0 0.3415625 0.5408333333333334 0.088125 0.11833333333333333
0 0.5234375 0.1975 0.085625 0.115
0 0.4378125 0.66375 0.103125 0.1375
0 0.3890625 0.9245833333333333 0.105625 0.14083333333333334
0 0.645 0.24791666666666667 0.0925 0.1225
0 0.1521875 0.4195833333333333 0.093125 0.12416666666666666
0 0.4146875 0.2604166666666667 0.105625 0.14083333333333334
0 0.5515625 0.6970833333333334 0.095625 0.1275
0 0.4571875 0.11541666666666667 0.094375 0.12583333333333332
0 0.4209375 0.34958333333333336 0.095625 0.1275
0 0.3053125 0.21416666666666667 0.099375 0.13166666666666665
0 0.8453125 0.6233333333333333 0.080625 0.10833333333333334
0 0.6678125 0.9220833333333334 0.099375 0.1325
1 0.9140625 0.5325 0.116875 0.15666666666666668
0 0.24125 0.59625 0.0775 0.10416666666666667
0 0.5153125 0.37625 0.104375 0.13916666666666666
0 0.7296875 0.5795833333333333 0.091875 0.1225
0 0.7878125 0.27791666666666665 0.098125 0.13083333333333333
0 0.40625 0.08416666666666667 0.08625 0.115
0 0.9203125 0.7595833333333334 0.086875 0.11583333333333333
0 0.0725 0.5120833333333333 0.09875 0.1325
0 0.2790625 0.5191666666666667 0.089375 0.11833333333333333
0 0.6025 0.9058333333333334 0.0925 0.12333333333333334
0 0.5046875 0.6920833333333334 0.103125 0.1375
0 0.1290625 0.23791666666666667 0.090625 0.12083333333333333
1 0.896875 0.6129166666666667 0.1325 0.1775
0 0.4828125 0.7958333333333333 0.091875 0.12333333333333334
0 0.0509375 0.45958333333333334 0.093125 0.12416666666666666
0 0.588125 0.2225 0.09375 0.125
0 0.12875 0.17291666666666666 0.1025 0.1375
0 0.40875 0.16708333333333333 0.08625 0.11416666666666667
1 0.5509375 0.9041666666666667 0.123125 0.165