0 0.1846875 0.35208333333333336 0.059375 0.10416666666666667
0 0.4821875 0.175 0.068125 0.09833333333333333
0 0.3665625 0.8058333333333333 0.070625 0.1
0 0.639375 0.5229166666666667 0.065 0.10416666666666667
0 0.223125 0.07125 0.065 0.09083333333333334
0 0.606875 0.7091666666666666 0.06 0.09833333333333333
0 0.2615625 0.6054166666666667 0.078125 0.09583333333333334
0 0.181875 0.7020833333333333 0.0625 0.0925
0 0.58125 0.6270833333333333 0.065 0.09083333333333334
0 0.8365625 0.21791666666666668 0.074375 0.1025
0 0.3415625 0.6733333333333333 0.074375 0.1
0 0.530625 0.60375 0.06625 0.1175