0 0.4365625 0.62125 0.099375 0.1325
0 0.59125 0.32666666666666666 0.1075 0.14333333333333334
0 0.76625 0.3375 0.095 0.12666666666666668
0 0.848125 0.4483333333333333 0.10625 0.14166666666666666
0 0.299375 0.5983333333333334 0.1075 0.14333333333333334
0 0.898125 0.5354166666666667 0.095 0.1275
0 0.8146875 0.18958333333333333 0.083125 0.11083333333333334
0 0.15375 0.3258333333333333 0.0925 0.12333333333333334
0 0.1028125 0.6520833333333333 0.095625 0.1275
0 0.5646875 0.7895833333333333 0.096875 0.12916666666666668
0 0.7578125 0.10625 0.095625 0.1275
0 0.638125 0.2575 0.1025 0.13666666666666666
0 0.215 0.6370833333333333 0.085 0.1125
0 0.6859375 0.45625 0.093125 0.12416666666666666
0 0.5309375 0.10291666666666667 0.113125 0.15083333333333335
0 0.3275 0.16291666666666665 0.09875 0.13083333333333333
0 0.8278125 0.2758333333333333 0.096875 0.13
0 0.775625 0.5441666666666667 0.1025 0.13666666666666666
0 0.4146875 0.11541666666666667 0.104375 0.13916666666666666
0 0.231875 0.6958333333333333 0.1125 0.15
0 0.6015625 0.15916666666666668 0.079375 0.10666666666666667
0 0.19875 0.8233333333333334 0.09875 0.13166666666666665
0 0.5578125 0.2025 0.094375 0.125
0 0.7584375 0.44333333333333336 0.101875 0.135
0 0.8321875 0.615 0.120625 0.16
0 0.5821875 0.07875 0.101875 0.13583333333333333
0 0.5828125 0.8445833333333334 0.105625 0.14083333333333334
0 0.8246875 0.5429166666666667 0.113125 0.15083333333333335
0 0.20625 0.2475 0.10125 0.135