0 0.42625 0.23125 0.0675 0.08083333333333333
0 0.196875 0.060833333333333336 0.0675 0.095
0 0.80375 0.7404166666666666 0.06375 0.07416666666666667
0 0.296875 0.52625 0.06875 0.08916666666666667
0 0.3796875 0.4970833333333333 0.059375 0.0875
0 0.6475 0.7620833333333333 0.0725 0.0925
0 0.5028125 0.285 0.065625 0.09333333333333334
0 0.5603125 0.26875 0.068125 0.08416666666666667
0 0.5503125 0.14666666666666667 0.069375 0.09833333333333333
0 0.3096875 0.14458333333333334 0.071875 0.08416666666666667
0 0.5353125 0.7791666666666667 0.058125 0.08
0 0.815625 0.19875 0.0675 0.0975
0 0.2215625 0.8745833333333334 0.060625 0.08416666666666667
0 0.495 0.11541666666666667 0.06375 0.09416666666666666
0 0.2059375 0.5229166666666667 0.068125 0.09083333333333334
0 0.1840625 0.60375 0.066875 0.08583333333333333
0 0.765625 0.4875 0.0725 0.08333333333333333
0 0.43375 0.145 0.07 0.095
0 0.3259375 0.9508333333333333 0.068125 0.08666666666666667
0 0.715 0.4479166666666667 0.075 0.10416666666666667
0 0.3334375 0.6658333333333334 0.054375 0.075
0 0.6209375 0.0925 0.068125 0.08166666666666667
0 0.26875 0.39875 0.0725 0.07416666666666667
0 0.430625 0.7645833333333333 0.07 0.09583333333333334
0 0.6865625 0.09875 0.059375 0.09083333333333334
1 0.661875 0.6720833333333334 0.08375 0.0925
0 0.1709375 0.8183333333333334 0.059375 0.095
0 0.4103125 0.8425 0.063125 0.08333333333333333
0 0.328125 0.7416666666666667 0.05875 0.07833333333333334
0 0.6178125 0.8566666666666667 0.056875 0.085
0 0.56875 0.6904166666666667 0.0575 0.08583333333333333
0 0.535625 0.8433333333333334 0.05875 0.08166666666666667
0 0.390625 0.6933333333333334 0.06625 0.10333333333333333
0 0.219375 0.28458333333333335 0.07625 0.09583333333333334
0 0.23875 0.73125 0.06 0.1025
0 0.2984375 0.9154166666666667 0.066875 0.08916666666666667
0 0.5209375 0.6616666666666666 0.069375 0.075
0 0.1975 0.22708333333333333 0.065 0.0825
0 0.7534375 0.6816666666666666 0.064375 0.08666666666666667