0 0.9021875 0.6483333333333333 0.083125 0.11166666666666666
0 0.30125 0.3283333333333333 0.095 0.12666666666666668
0 0.2415625 0.5979166666666667 0.094375 0.12583333333333332
0 0.801875 0.8483333333333334 0.09625 0.12833333333333333
0 0.591875 0.455 0.10125 0.135
0 0.2359375 0.1575 0.090625 0.12166666666666667
0 0.6746875 0.44208333333333333 0.096875 0.12916666666666668
0 0.55375 0.22541666666666665 0.095 0.1275
0 0.3596875 0.20875 0.096875 0.12916666666666668
0 0.454375 0.75 0.1 0.13333333333333333
0 0.6721875 0.24458333333333335 0.094375 0.12583333333333332
0 0.521875 0.8266666666666667 0.0925 0.12333333333333334
0 0.3690625 0.7520833333333333 0.101875 0.13583333333333333
0 0.186875 0.3695833333333333 0.075 0.10083333333333333
0 0.4009375 0.85625 0.099375 0.1325
0 0.1009375 0.5745833333333333 0.084375 0.1125
0 0.8134375 0.66125 0.105625 0.14083333333333334
0 0.3203125 0.61875 0.105625 0.14083333333333334
0 0.6940625 0.8445833333333334 0.096875 0.12916666666666668
0 0.4640625 0.24458333333333335 0.086875 0.11583333333333333
0 0.8809375 0.74875 0.098125 0.13083333333333333
0 0.213125 0.4975 0.0975 0.13
0 0.74625 0.7133333333333334 0.105 0.14
0 0.884375 0.5483333333333333 0.105 0.14
0 0.2809375 0.23791666666666667 0.095625 0.1275
0 0.71375 0.6066666666666667 0.1025 0.13666666666666666
0 0.60375 0.94 0.08625 0.115
0 0.63 0.3425 0.07375 0.09833333333333333
0 0.29125 0.14 0.0975 0.13
0 0.5625 0.13708333333333333 0.0825 0.11083333333333334
0 0.5271875 0.33 0.101875 0.135
0 0.366875 0.4725 0.10125 0.135
0 0.16375 0.48625 0.11125 0.14916666666666667
0 0.1125 0.2325 0.07875 0.105
0 0.0965625 0.3954166666666667 0.091875 0.1225
0 0.439375 0.4920833333333333 0.08375 0.1125
0 0.0453125 0.49833333333333335 0.076875 0.10166666666666667
0 0.04625 0.3416666666666667 0.08125 0.10833333333333334
0 0.11375 0.14541666666666667 0.09125 0.1225
0 0.5790625 0.7316666666666667 0.108125 0.145
0 0.503125 0.4575 0.0725 0.09666666666666666
1 0.469375 0.425 0.11 0.14666666666666667