0 0.2684375 0.7091666666666666 0.101875 0.13666666666666666
0 0.6546875 0.7445833333333334 0.095625 0.1275
0 0.05875 0.5154166666666666 0.10375 0.13916666666666666
0 0.395 0.205 0.09875 0.13166666666666665
0 0.274375 0.4841666666666667 0.10125 0.135
0 0.54375 0.7191666666666666 0.09625 0.12833333333333333
0 0.93875 0.7495833333333334 0.1 0.1325
0 0.6571875 0.6404166666666666 0.108125 0.14416666666666667
0 0.3665625 0.8029166666666666 0.101875 0.13583333333333333
0 0.5609375 0.5604166666666667 0.088125 0.1175
0 0.5334375 0.8558333333333333 0.096875 0.13
0 0.275 0.2275 0.0975 0.13
0 0.8309375 0.37916666666666665 0.100625 0.13333333333333333
0 0.7421875 0.4504166666666667 0.095625 0.1275
0 0.6728125 0.09958333333333333 0.083125 0.11083333333333334
0 0.715 0.31375 0.08875 0.11916666666666667
1 0.1578125 0.32083333333333336 0.126875 0.16833333333333333
0 0.7634375 0.25875 0.091875 0.1225
0 0.7703125 0.34541666666666665 0.108125 0.14416666666666667
0 0.1834375 0.6833333333333333 0.094375 0.125
0 0.8534375 0.5745833333333333 0.093125 0.12416666666666666
0 0.2559375 0.55125 0.099375 0.1325
0 0.6896875 0.81375 0.095625 0.1275
0 0.165 0.4058333333333333 0.09875 0.13166666666666665
0 0.819375 0.46708333333333335 0.10125 0.13583333333333333
0 0.1109375 0.16791666666666666 0.098125 0.13083333333333333