0 0.3903125 0.10875 0.058125 0.08916666666666667
0 0.9184375 0.052083333333333336 0.064375 0.08083333333333333
0 0.385625 0.5075 0.0675 0.08833333333333333
0 0.3659375 0.21458333333333332 0.075625 0.08916666666666667
0 0.640625 0.20125 0.07125 0.10583333333333333
0 0.3015625 0.4583333333333333 0.073125 0.10333333333333333
0 0.8503125 0.21041666666666667 0.061875 0.08416666666666667
0 0.8346875 0.12875 0.068125 0.08083333333333333
0 0.3396875 0.6079166666666667 0.076875 0.10583333333333333
0 0.78125 0.21583333333333332 0.07875 0.09833333333333333
0 0.05 0.165 0.055 0.07833333333333334
0 0.08875 0.23833333333333334 0.075 0.09833333333333333
0 0.593125 0.77625 0.08 0.10083333333333333
0 0.4328125 0.18708333333333332 0.064375 0.0875
0 0.4734375 0.6095833333333334 0.073125 0.10083333333333333
0 0.7121875 0.8820833333333333 0.074375 0.10416666666666667
0 0.7103125 0.17 0.069375 0.08666666666666667
0 0.3553125 0.042916666666666665 0.066875 0.07083333333333333
0 0.1815625 0.14833333333333334 0.068125 0.08333333333333333
0 0.6025 0.9075 0.0725 0.09333333333333334
0 0.61875 0.44958333333333333 0.07375 0.09083333333333334
0 0.91125 0.2375 0.05625 0.07166666666666667
0 0.63625 0.36333333333333334 0.07375 0.08833333333333333
0 0.4878125 0.13958333333333334 0.059375 0.06916666666666667
0 0.699375 0.40041666666666664 0.07375 0.09916666666666667
0 0.463125 0.09 0.0675 0.085
0 0.2865625 0.3 0.069375 0.09166666666666666
0 0.4903125 0.4320833333333333 0.065625 0.07916666666666666
0 0.9315625 0.6158333333333333 0.073125 0.10166666666666667
0 0.965625 0.5020833333333333 0.06 0.07416666666666667
0 0.64375 0.052083333333333336 0.06875 0.08416666666666667
0 0.9371875 0.325 0.069375 0.08666666666666667
0 0.3478125 0.17708333333333334 0.063125 0.07916666666666666
0 0.0928125 0.35291666666666666 0.070625 0.08583333333333333
0 0.55 0.52625 0.075 0.1025
0 0.093125 0.6533333333333333 0.07625 0.09666666666666666
0 0.5115625 0.06333333333333334 0.055625 0.08333333333333333
0 0.244375 0.7891666666666667 0.07625 0.1
0 0.631875 0.075 0.07375 0.10166666666666667
0 0.926875 0.4320833333333333 0.07 0.08416666666666667
0 0.105625 0.11333333333333333 0.0725 0.08333333333333333
0 0.8340625 0.04708333333333333 0.056875 0.0675
0 0.9534375 0.70625 0.076875 0.0875
0 0.185625 0.4479166666666667 0.08 0.08916666666666667
0 0.3425 0.7279166666666667 0.07125 0.10083333333333333
0 0.7746875 0.14875 0.054375 0.07916666666666666
1 0.73875 0.06166666666666667 0.08625 0.11166666666666666
1 0.82125 0.61 0.075 0.14
1 0.23375 0.28625 0.07375 0.08916666666666667
1 0.235 0.43041666666666667 0.0875 0.10583333333333333
0 0.1840625 0.08416666666666667 0.068125 0.08833333333333333
0 0.0425 0.1125 0.0625 0.085
0 0.9021875 0.5204166666666666 0.056875 0.0775
0 0.7803125 0.049166666666666664 0.059375 0.095
0 0.7084375 0.14333333333333334 0.079375 0.08666666666666667
0 0.5084375 0.5025 0.061875 0.08666666666666667
0 0.44125 0.4675 0.055 0.07333333333333333
0 0.0621875 0.2833333333333333 0.068125 0.075
0 0.275625 0.03666666666666667 0.06375 0.07333333333333333
0 0.2259375 0.07458333333333333 0.066875 0.059166666666666666
0 0.3903125 0.6666666666666666 0.055625 0.075
0 0.2559375 0.8791666666666667 0.069375 0.07333333333333333
0 0.19125 0.93125 0.07375 0.07916666666666666
0 0.2959375 0.9166666666666666 0.059375 0.1
0 0.23875 0.9595833333333333 0.06125 0.07916666666666666
0 0.319375 0.8225 0.06375 0.09666666666666666
0 0.095 0.8970833333333333 0.0625 0.07583333333333334
0 0.3484375 0.40125 0.050625 0.08083333333333333
0 0.3975 0.41333333333333333 0.0525 0.08333333333333333
0 0.575 0.45708333333333334 0.0625 0.0975