0 0.7640625 0.45166666666666666 0.065625 0.08333333333333333
0 0.718125 0.6925 0.0625 0.08333333333333333
0 0.9146875 0.78375 0.066875 0.09916666666666667
0 0.1234375 0.3933333333333333 0.065625 0.1
0 0.23375 0.4741666666666667 0.065 0.09166666666666666
0 0.483125 0.9316666666666666 0.06875 0.08833333333333333
0 0.3284375 0.87125 0.059375 0.08583333333333333
0 0.9446875 0.6104166666666667 0.066875 0.0925
0 0.579375 0.7179166666666666 0.06625 0.08583333333333333
0 0.635 0.49083333333333334 0.06375 0.08
0 0.6746875 0.84375 0.080625 0.09083333333333334
0 0.53375 0.31 0.06625 0.085
0 0.68875 0.5658333333333333 0.065 0.08833333333333333
0 0.4328125 0.33125 0.060625 0.08416666666666667
0 0.4990625 0.39208333333333334 0.064375 0.0925
0 0.3990625 0.6583333333333333 0.064375 0.07833333333333334
0 0.4565625 0.83125 0.070625 0.08916666666666667
0 0.3715625 0.08583333333333333 0.071875 0.09166666666666666
0 0.3621875 0.3616666666666667 0.063125 0.08166666666666667
0 0.10625 0.49291666666666667 0.0675 0.07916666666666666
0 0.85375 0.69375 0.06125 0.0875
0 0.1153125 0.1575 0.060625 0.08333333333333333
0 0.2128125 0.26375 0.068125 0.07916666666666666
0 0.48375 0.19833333333333333 0.07 0.08666666666666667
0 0.14125 0.79375 0.06625 0.0975
0 0.7675 0.6220833333333333 0.065 0.0875
0 0.65625 0.7520833333333333 0.0675 0.0825
0 0.619375 0.19083333333333333 0.06375 0.09
0 0.39 0.92 0.065 0.08833333333333333
0 0.645 0.65625 0.0625 0.09083333333333334
0 0.80125 0.11625 0.065 0.09416666666666666
0 0.8884375 0.9020833333333333 0.060625 0.0875
0 0.78375 0.8220833333333334 0.065 0.08583333333333333
0 0.898125 0.22166666666666668 0.07 0.09666666666666666
0 0.28375 0.1 0.0625 0.08833333333333333
0 0.851875 0.17416666666666666 0.07625 0.09833333333333333
0 0.424375 0.42625 0.05875 0.08416666666666667
0 0.8346875 0.8541666666666666 0.065625 0.07666666666666666
0 0.5690625 0.42791666666666667 0.068125 0.0825
0 0.8659375 0.31416666666666665 0.065625 0.08333333333333333
0 0.7334375 0.07625 0.064375 0.08916666666666667
0 0.5503125 0.13166666666666665 0.069375 0.09833333333333333
0 0.2728125 0.32708333333333334 0.061875 0.08083333333333333
0 0.289375 0.4066666666666667 0.0625 0.09
0 0.916875 0.10875 0.0725 0.09583333333333334
0 0.88875 0.44708333333333333 0.07125 0.0825
0 0.3478125 0.5291666666666667 0.066875 0.095
0 0.191875 0.3416666666666667 0.0675 0.07166666666666667
0 0.54375 0.87875 0.05875 0.08416666666666667
0 0.3540625 0.615 0.080625 0.08666666666666667
0 0.5459375 0.5216666666666666 0.059375 0.085
0 0.13125 0.64375 0.0625 0.0925
0 0.13125 0.24583333333333332 0.065 0.08333333333333333
0 0.475625 0.47583333333333333 0.06125 0.07666666666666666
0 0.0415625 0.6725 0.063125 0.08333333333333333
0 0.6134375 0.31625 0.069375 0.0975
0 0.18875 0.5691666666666667 0.06875 0.09833333333333333
0 0.743125 0.17375 0.0625 0.08083333333333333
0 0.4015625 0.78375 0.071875 0.0775
0 0.04875 0.42875 0.0675 0.09583333333333334
0 0.2675 0.215 0.065 0.08333333333333333
0 0.7834375 0.32125 0.064375 0.07416666666666667
0 0.1165625 0.9166666666666666 0.065625 0.08666666666666667
0 0.4425 0.5516666666666666 0.065 0.08833333333333333
0 0.7759375 0.22208333333333333 0.065625 0.08083333333333333
0 0.2859375 0.6070833333333333 0.049375 0.11416666666666667
0 0.353125 0.43875 0.0625 0.0775
0 0.505625 0.04708333333333333 0.07125 0.0875
0 0.309375 0.7166666666666667 0.055 0.08666666666666667
0 0.825 0.5245833333333333 0.06375 0.07416666666666667
0 0.9590625 0.8625 0.066875 0.09
0 0.66875 0.12125 0.0675 0.08583333333333333
0 0.6346875 0.3745833333333333 0.058125 0.08583333333333333
0 0.099375 0.74625 0.075 0.09416666666666666
0 0.675 0.23041666666666666 0.06125 0.08083333333333333
0 0.458125 0.14041666666666666 0.06875 0.1075
0 0.8125 0.7025 0.06 0.07333333333333333
0 0.340625 0.2225 0.06375 0.10166666666666667
0 0.0715625 0.3279166666666667 0.068125 0.0775
0 0.693125 0.4216666666666667 0.06 0.095
0 0.0565625 0.5775 0.061875 0.07833333333333334
0 0.5653125 0.22125 0.065625 0.08416666666666667
0 0.9690625 0.6991666666666667 0.060625 0.09833333333333333
0 0.081875 0.8875 0.0825 0.09
0 0.229375 0.6341666666666667 0.06 0.07666666666666666
0 0.0925 0.04375 0.06625 0.0875
0 0.235 0.7595833333333334 0.05875 0.0925
0 0.700625 0.375 0.05375 0.08
0 0.3571875 0.27416666666666667 0.073125 0.08
0 0.8484375 0.7666666666666667 0.066875 0.09333333333333334
0 0.935625 0.9575 0.06 0.08333333333333333
0 0.4103125 0.20458333333333334 0.066875 0.09083333333333334
0 0.48875 0.6633333333333333 0.055 0.085
0 0.8921875 0.052083333333333336 0.060625 0.09083333333333334
0 0.4846875 0.7175 0.071875 0.10166666666666667
0 0.744375 0.9075 0.0625 0.07833333333333334
0 0.209375 0.7145833333333333 0.07125 0.0825
0 0.22375 0.043333333333333335 0.06375 0.08666666666666667
1 0.244375 0.7070833333333333 0.0625 0.0725
0 0.055625 0.28 0.0575 0.06166666666666667
0 0.8778125 0.34208333333333335 0.053125 0.07416666666666667
0 0.795625 0.35625 0.0625 0.08083333333333333
0 0.6915625 0.26666666666666666 0.068125 0.08
0 0.80375 0.5429166666666667 0.0675 0.08083333333333333
0 0.57375 0.5420833333333334 0.05875 0.0775
0 0.550625 0.84375 0.0675 0.0725
0 0.4196875 0.6833333333333333 0.048125 0.065
0 0.203125 0.375 0.05125 0.06833333333333333
0 0.7728125 0.9295833333333333 0.059375 0.09083333333333334
0 0.0871875 0.5883333333333334 0.065625 0.07666666666666666