0 0.479375 0.16875 0.06625 0.10416666666666667
0 0.675 0.6175 0.0825 0.105
0 0.3284375 0.5345833333333333 0.065625 0.09583333333333334
0 0.3725 0.31 0.0775 0.09833333333333333
0 0.6753125 0.27416666666666667 0.086875 0.09
0 0.744375 0.07416666666666667 0.07375 0.10166666666666667
0 0.6346875 0.8625 0.073125 0.105
0 0.3634375 0.9416666666666667 0.079375 0.095
0 0.8275 0.18625 0.07 0.0975
0 0.41125 0.5575 0.08 0.09833333333333333
0 0.513125 0.1075 0.07375 0.09
0 0.7828125 0.3070833333333333 0.079375 0.10416666666666667
0 0.4834375 0.72375 0.070625 0.0975
0 0.2146875 0.7554166666666666 0.078125 0.1075
0 0.3753125 0.40708333333333335 0.079375 0.09416666666666666
0 0.603125 0.21291666666666667 0.08 0.10583333333333333
0 0.6109375 0.6558333333333334 0.061875 0.08833333333333333
0 0.840625 0.3641666666666667 0.06875 0.10833333333333334
0 0.2828125 0.9233333333333333 0.079375 0.08
0 0.2334375 0.43583333333333335 0.073125 0.085
0 0.815625 0.07791666666666666 0.075 0.0775
0 0.32 0.64 0.07625 0.08666666666666667
0 0.339375 0.85625 0.10375 0.10583333333333333
0 0.240625 0.6154166666666666 0.08875 0.07416666666666667
0 0.226875 0.07375 0.07125 0.0975
0 0.2603125 0.5116666666666667 0.070625 0.105
0 0.3403125 0.75375 0.075625 0.08083333333333333
0 0.243125 0.5391666666666667 0.09875 0.08333333333333333