0 0.5346875 0.61 0.105625 0.14
0 0.295625 0.42375 0.10125 0.13416666666666666
0 0.2625 0.6016666666666667 0.0925 0.12333333333333334
0 0.5575 0.5208333333333334 0.08125 0.10833333333333334
0 0.6946875 0.6733333333333333 0.090625 0.12166666666666667
0 0.7190625 0.10041666666666667 0.099375 0.1325
0 0.4753125 0.6641666666666667 0.094375 0.12666666666666668
0 0.1965625 0.6079166666666667 0.099375 0.1325
0 0.6184375 0.5091666666666667 0.106875 0.14333333333333334
0 0.395 0.6804166666666667 0.10625 0.1425
0 0.26625 0.27666666666666667 0.09375 0.125
0 0.2259375 0.8704166666666666 0.094375 0.12583333333333332
0 0.68 0.3025 0.09625 0.12833333333333333
0 0.2115625 0.34125 0.099375 0.1325
0 0.8103125 0.07208333333333333 0.100625 0.13416666666666666
0 0.4553125 0.10708333333333334 0.095625 0.1275
0 0.50625 0.7541666666666667 0.09375 0.125
0 0.1403125 0.7775 0.098125 0.13166666666666665
0 0.75375 0.7945833333333333 0.09875 0.13083333333333333
0 0.6653125 0.4483333333333333 0.098125 0.13166666666666665
0 0.7115625 0.3775 0.099375 0.13333333333333333
0 0.2703125 0.8308333333333333 0.095625 0.12666666666666668
0 0.6934375 0.79 0.099375 0.13333333333333333
0 0.6125 0.22166666666666668 0.08625 0.115
0 0.63125 0.8329166666666666 0.10625 0.1425
0 0.63875 0.6266666666666667 0.09375 0.125
0 0.3203125 0.5583333333333333 0.090625 0.12
0 0.4465625 0.25708333333333333 0.101875 0.13583333333333333
0 0.921875 0.18291666666666667 0.0975 0.12916666666666668
0 0.6978125 0.585 0.105625 0.14166666666666666
0 0.85 0.63 0.105 0.14
0 0.8034375 0.51625 0.084375 0.1125
0 0.7303125 0.7225 0.089375 0.11833333333333333
0 0.3053125 0.25458333333333333 0.103125 0.1375
0 0.42875 0.7604166666666666 0.095 0.12583333333333332
0 0.3740625 0.39791666666666664 0.106875 0.1425
0 0.291875 0.6583333333333333 0.08875 0.11833333333333333
0 0.3921875 0.35375 0.098125 0.13083333333333333
0 0.3828125 0.52125 0.101875 0.13583333333333333
0 0.7471875 0.40208333333333335 0.096875 0.12916666666666668
0 0.416875 0.9208333333333333 0.11 0.14666666666666667
0 0.5015625 0.5108333333333334 0.093125 0.125
0 0.6315625 0.3516666666666667 0.108125 0.14333333333333334
0 0.4703125 0.45166666666666666 0.103125 0.13666666666666666
0 0.0815625 0.8158333333333333 0.104375 0.14
0 0.5515625 0.8245833333333333 0.109375 0.14583333333333334
0 0.3190625 0.14208333333333334 0.108125 0.14416666666666667
0 0.354375 0.8158333333333333 0.08125 0.10833333333333334
0 0.3225 0.6991666666666667 0.09625 0.12833333333333333
0 0.7315625 0.4791666666666667 0.106875 0.14333333333333334
0 0.570625 0.1625 0.09375 0.125
0 0.5559375 0.44 0.093125 0.125
0 0.106875 0.50875 0.1125 0.14916666666666667
0 0.5071875 0.1275 0.098125 0.13166666666666665
0 0.8046875 0.5779166666666666 0.084375 0.1125
0 0.85875 0.4116666666666667 0.115 0.15333333333333332
0 0.7953125 0.6808333333333333 0.098125 0.13166666666666665
0 0.16 0.54375 0.1125 0.15083333333333335
0 0.0921875 0.6420833333333333 0.104375 0.13916666666666666
0 0.1584375 0.895 0.113125 0.15166666666666667
0 0.76 0.5191666666666667 0.0925 0.12333333333333334
0 0.4059375 0.84375 0.105625 0.14083333333333334
0 0.681875 0.2025 0.105 0.14
0 0.645 0.22666666666666666 0.10375 0.13833333333333334
0 0.175 0.30916666666666665 0.1 0.13333333333333333
0 0.0565625 0.73125 0.089375 0.11916666666666667
0 0.355 0.5525 0.07875 0.105
0 0.114375 0.8308333333333333 0.0925 0.12333333333333334
1 0.470625 0.19625 0.0825 0.10916666666666666
0 0.1490625 0.4195833333333333 0.114375 0.1525
0 0.7809375 0.6208333333333333 0.105625 0.14166666666666666
0 0.3909375 0.7741666666666667 0.101875 0.13666666666666666
0 0.5459375 0.16958333333333334 0.094375 0.12583333333333332