0 0.3234375 0.5995833333333334 0.098125 0.13083333333333333
0 0.241875 0.7045833333333333 0.09125 0.1225
0 0.1709375 0.5283333333333333 0.096875 0.12833333333333333
0 0.719375 0.7075 0.0925 0.12333333333333334
0 0.400625 0.6875 0.1 0.13333333333333333
0 0.5115625 0.15041666666666667 0.094375 0.12583333333333332
0 0.2928125 0.3020833333333333 0.098125 0.13083333333333333
0 0.7278125 0.3875 0.096875 0.12833333333333333
0 0.3434375 0.34 0.084375 0.11166666666666666
0 0.6296875 0.7133333333333334 0.099375 0.13333333333333333
0 0.5575 0.14333333333333334 0.095 0.12666666666666668
0 0.626875 0.22125 0.10875 0.14583333333333334
0 0.504375 0.39916666666666667 0.10375 0.13833333333333334
0 0.705625 0.2175 0.0925 0.12333333333333334
0 0.465625 0.76125 0.10875 0.14583333333333334
0 0.3840625 0.49 0.096875 0.12833333333333333
0 0.6190625 0.09666666666666666 0.096875 0.13
0 0.2528125 0.4241666666666667 0.094375 0.125
0 0.75 0.2966666666666667 0.09875 0.13166666666666665
0 0.351875 0.19 0.0975 0.13
0 0.764375 0.6416666666666667 0.105 0.14
0 0.8696875 0.5716666666666667 0.099375 0.13166666666666665
0 0.518125 0.5866666666666667 0.1025 0.13666666666666666
0 0.636875 0.8516666666666667 0.1 0.13333333333333333
0 0.7740625 0.73625 0.098125 0.13083333333333333
0 0.19875 0.6391666666666667 0.09875 0.13166666666666665
0 0.4134375 0.21416666666666667 0.091875 0.12333333333333334
0 0.155625 0.6516666666666666 0.09125 0.12166666666666667
0 0.4940625 0.5354166666666667 0.089375 0.11916666666666667
0 0.58 0.5716666666666667 0.09375 0.125
0 0.1996875 0.13583333333333333 0.108125 0.145
0 0.3103125 0.7504166666666666 0.104375 0.13916666666666666
0 0.235 0.22625 0.105 0.14083333333333334
0 0.511875 0.2791666666666667 0.10625 0.14166666666666666
0 0.43875 0.47041666666666665 0.1 0.13416666666666666
0 0.585 0.28583333333333333 0.08 0.10666666666666667
0 0.3946875 0.8820833333333333 0.110625 0.1475
0 0.4609375 0.8829166666666667 0.103125 0.1375
0 0.4290625 0.2791666666666667 0.101875 0.13666666666666666
0 0.731875 0.8041666666666667 0.08625 0.115
0 0.8315625 0.40208333333333335 0.109375 0.14583333333333334
0 0.26125 0.5575 0.10125 0.135
0 0.255 0.16625 0.11 0.1475
0 0.45125 0.10916666666666666 0.095 0.12666666666666668
0 0.2753125 0.5095833333333334 0.106875 0.1425
0 0.6625 0.7758333333333334 0.10625 0.14166666666666666
0 0.0646875 0.40458333333333335 0.098125 0.13083333333333333
0 0.6215625 0.4479166666666667 0.108125 0.14416666666666667
0 0.294375 0.43166666666666664 0.11125 0.14833333333333334
0 0.1109375 0.36375 0.114375 0.1525
0 0.3 0.37875 0.095 0.12583333333333332
0 0.53125 0.8254166666666667 0.11 0.14583333333333334
0 0.640625 0.3925 0.0975 0.13
0 0.589375 0.53 0.1 0.13333333333333333
0 0.5853125 0.82 0.104375 0.13833333333333334
0 0.72875 0.8958333333333334 0.1075 0.14333333333333334
0 0.075 0.18333333333333332 0.10125 0.135
0 0.4334375 0.5608333333333333 0.089375 0.12
0 0.660625 0.3325 0.10625 0.14166666666666666
0 0.863125 0.7491666666666666 0.10625 0.14166666666666666
0 0.809375 0.8720833333333333 0.115 0.1525
0 0.8059375 0.78625 0.094375 0.12583333333333332
1 0.159375 0.30583333333333335 0.1225 0.16333333333333333
0 0.799375 0.5566666666666666 0.1025 0.13666666666666666
0 0.811875 0.8333333333333334 0.095 0.12666666666666668
0 0.746875 0.8425 0.095 0.12666666666666668
0 0.8853125 0.5879166666666666 0.096875 0.12916666666666668