0 0.3871875 0.5929166666666666 0.075625 0.08916666666666667
0 0.43625 0.655 0.07375 0.105
0 0.3978125 0.3575 0.064375 0.09166666666666666
0 0.465625 0.23166666666666666 0.07 0.09666666666666666
0 0.524375 0.16291666666666665 0.07125 0.11083333333333334
0 0.7946875 0.5916666666666667 0.069375 0.09833333333333333
0 0.3784375 0.4529166666666667 0.078125 0.10416666666666667
0 0.1821875 0.13833333333333334 0.081875 0.08833333333333333
0 0.641875 0.12875 0.08 0.09583333333333334
0 0.7875 0.31 0.0725 0.10166666666666667
0 0.5171875 0.37041666666666667 0.069375 0.0875
0 0.23625 0.46291666666666664 0.08375 0.10583333333333333
0 0.73375 0.4379166666666667 0.07375 0.0975
0 0.7071875 0.8466666666666667 0.078125 0.10166666666666667
0 0.194375 0.7183333333333334 0.0925 0.09833333333333333
0 0.3665625 0.1075 0.083125 0.09166666666666666
0 0.8378125 0.05875 0.066875 0.09416666666666666
0 0.7625 0.050833333333333335 0.07 0.09333333333333334
0 0.41625 0.825 0.06625 0.10166666666666667
0 0.705625 0.6875 0.07125 0.09333333333333334
0 0.531875 0.5254166666666666 0.08125 0.10416666666666667
0 0.6053125 0.49625 0.074375 0.09083333333333334
0 0.3221875 0.51875 0.069375 0.09583333333333334
0 0.83625 0.3725 0.07625 0.09833333333333333
0 0.651875 0.36791666666666667 0.07125 0.10083333333333333
0 0.5503125 0.8233333333333334 0.074375 0.10666666666666667
0 0.3234375 0.34833333333333333 0.070625 0.09333333333333334
0 0.7665625 0.69 0.075625 0.10833333333333334
0 0.349375 0.85875 0.08 0.10416666666666667
0 0.818125 0.69875 0.07625 0.09916666666666667
0 0.2528125 0.33708333333333335 0.074375 0.08916666666666667
0 0.734375 0.61 0.07125 0.08666666666666667
0 0.563125 0.8975 0.08875 0.1
0 0.6025 0.5595833333333333 0.08875 0.0925