1 0.7490625 0.6766666666666666 0.075625 0.09666666666666666
0 0.918125 0.40541666666666665 0.055 0.08416666666666667
0 0.8603125 0.4658333333333333 0.061875 0.07833333333333334
0 0.7596875 0.9141666666666667 0.063125 0.095
0 0.055625 0.4008333333333333 0.06125 0.08333333333333333
0 0.7509375 0.38208333333333333 0.069375 0.07916666666666666
0 0.86875 0.54875 0.06 0.08583333333333333
0 0.228125 0.9220833333333334 0.07875 0.08916666666666667
0 0.5584375 0.18833333333333332 0.069375 0.09
0 0.348125 0.1775 0.0575 0.08666666666666667
0 0.149375 0.6025 0.055 0.08166666666666667
0 0.564375 0.61 0.06125 0.07666666666666666
0 0.33625 0.7979166666666667 0.06875 0.08083333333333333
0 0.9446875 0.52 0.066875 0.08333333333333333
0 0.2440625 0.36541666666666667 0.063125 0.08583333333333333
1 0.4621875 0.15333333333333332 0.075625 0.10166666666666667
0 0.51 0.49875 0.05625 0.08916666666666667
0 0.7325 0.7766666666666666 0.08 0.105
0 0.676875 0.6629166666666667 0.06625 0.0875
0 0.5928125 0.44875 0.068125 0.08583333333333333
0 0.6265625 0.5383333333333333 0.055625 0.07666666666666666
0 0.763125 0.55375 0.07 0.08583333333333333
0 0.19 0.72125 0.065 0.10416666666666667
0 0.6571875 0.8379166666666666 0.058125 0.10083333333333333
0 0.3665625 0.3525 0.064375 0.085
0 0.91875 0.6275 0.06 0.09
0 0.3903125 0.6129166666666667 0.068125 0.08916666666666667
0 0.0721875 0.6604166666666667 0.063125 0.0925
0 0.9428125 0.86875 0.069375 0.08583333333333333
0 0.20375 0.5358333333333334 0.055 0.095
0 0.425 0.7058333333333333 0.06125 0.08333333333333333
0 0.7909375 0.30083333333333334 0.071875 0.08166666666666667
0 0.350625 0.6604166666666667 0.06 0.08416666666666667
0 0.4640625 0.4425 0.066875 0.08833333333333333
0 0.9603125 0.33416666666666667 0.068125 0.08833333333333333
0 0.30875 0.31333333333333335 0.0675 0.08833333333333333
0 0.063125 0.49541666666666667 0.07125 0.08583333333333333
0 0.8753125 0.6620833333333334 0.061875 0.09416666666666666
1 0.125625 0.8645833333333334 0.07875 0.0925
0 0.321875 0.8816666666666667 0.07625 0.09
0 0.6253125 0.13708333333333333 0.074375 0.10083333333333333
0 0.669375 0.27666666666666667 0.07 0.08666666666666667
0 0.1178125 0.6495833333333333 0.060625 0.1275
0 0.471875 0.9291666666666667 0.0725 0.1
0 0.3334375 0.42291666666666666 0.075625 0.08916666666666667
0 0.281875 0.14791666666666667 0.0675 0.0825
0 0.2725 0.5233333333333333 0.06625 0.09666666666666666
0 0.1990625 0.8329166666666666 0.064375 0.10583333333333333
0 0.2515625 0.27375 0.065625 0.08416666666666667
0 0.6259375 0.3233333333333333 0.073125 0.08666666666666667
0 0.286875 0.21333333333333335 0.065 0.08666666666666667
0 0.9446875 0.6975 0.061875 0.08333333333333333
0 0.56625 0.30791666666666667 0.0675 0.08583333333333333
0 0.39875 0.9541666666666667 0.055 0.08833333333333333
0 0.5859375 0.3908333333333333 0.084375 0.07833333333333334