0 0.130625 0.7029166666666666 0.06 0.08416666666666667
0 0.8125 0.6845833333333333 0.06125 0.08583333333333333
0 0.5121875 0.21791666666666668 0.063125 0.08583333333333333
0 0.600625 0.65125 0.06625 0.09083333333333334
0 0.12875 0.30583333333333335 0.0625 0.08166666666666667
0 0.53375 0.48875 0.06375 0.0775
0 0.91125 0.6791666666666667 0.065 0.08666666666666667
0 0.0796875 0.9104166666666667 0.065625 0.0875
0 0.4290625 0.6541666666666667 0.068125 0.09
0 0.4353125 0.09083333333333334 0.071875 0.09333333333333334
0 0.4240625 0.4533333333333333 0.061875 0.07333333333333333
0 0.7046875 0.5395833333333333 0.068125 0.09083333333333334
0 0.8453125 0.28458333333333335 0.068125 0.09416666666666666
0 0.711875 0.6654166666666667 0.0775 0.0925
0 0.310625 0.7041666666666667 0.075 0.09166666666666666
0 0.194375 0.8783333333333333 0.08 0.10166666666666667
0 0.57375 0.07541666666666667 0.0625 0.08916666666666667
0 0.0825 0.6029166666666667 0.06375 0.10083333333333333
0 0.2775 0.9166666666666666 0.06875 0.09333333333333334
0 0.665625 0.79 0.06625 0.085
0 0.5421875 0.9104166666666667 0.086875 0.09583333333333334
1 0.879375 0.48875 0.07125 0.09083333333333334
0 0.249375 0.05416666666666667 0.08375 0.09333333333333334
0 0.6621875 0.8695833333333334 0.066875 0.07916666666666666
0 0.6384375 0.0625 0.059375 0.075
0 0.650625 0.25375 0.0675 0.09916666666666667
0 0.8884375 0.92125 0.073125 0.0775
0 0.75625 0.05291666666666667 0.06125 0.08583333333333333
0 0.31625 0.78875 0.08 0.08916666666666667
0 0.96 0.6025 0.06375 0.08333333333333333
0 0.4625 0.39666666666666667 0.06375 0.08
0 0.8090625 0.8929166666666667 0.054375 0.07916666666666666
0 0.2896875 0.11041666666666666 0.061875 0.08416666666666667
1 0.3159375 0.1875 0.080625 0.10333333333333333
0 0.953125 0.26375 0.07375 0.10916666666666666
0 0.3275 0.5779166666666666 0.06625 0.08416666666666667
0 0.4278125 0.8433333333333334 0.068125 0.10166666666666667
0 0.3059375 0.46791666666666665 0.060625 0.07916666666666666
0 0.8140625 0.11833333333333333 0.056875 0.08666666666666667
0 0.5203125 0.12291666666666666 0.058125 0.0725
0 0.7671875 0.14 0.056875 0.085
0 0.22875 0.6416666666666667 0.06375 0.08666666666666667
0 0.299375 0.3175 0.07 0.09
0 0.4634375 0.8983333333333333 0.055625 0.08
0 0.755625 0.35875 0.06875 0.0875
0 0.414375 0.9375 0.06 0.08166666666666667
0 0.4471875 0.7416666666666667 0.068125 0.08666666666666667
0 0.0915625 0.2125 0.056875 0.09
0 0.560625 0.8179166666666666 0.06375 0.0875
0 0.6384375 0.57125 0.069375 0.09583333333333334
0 0.3528125 0.82 0.063125 0.075
0 0.66 0.6025 0.0725 0.09833333333333333
0 0.784375 0.8045833333333333 0.0575 0.0725
0 0.223125 0.7191666666666666 0.06 0.07833333333333334
0 0.270625 0.63875 0.0625 0.07583333333333334
0 0.793125 0.4529166666666667 0.065 0.09916666666666667
0 0.0725 0.08958333333333333 0.05875 0.07916666666666666
0 0.35625 0.3020833333333333 0.05375 0.08416666666666667
0 0.0765625 0.4508333333333333 0.069375 0.08166666666666667
0 0.388125 0.8966666666666666 0.07125 0.08666666666666667
0 0.534375 0.75875 0.055 0.08583333333333333
0 0.92375 0.8166666666666667 0.0575 0.07333333333333333
0 0.96125 0.07791666666666666 0.05875 0.09916666666666667
0 0.4146875 0.2875 0.056875 0.08833333333333333
0 0.674375 0.41541666666666666 0.05625 0.0875
0 0.1409375 0.20875 0.064375 0.08083333333333333
0 0.4846875 0.6870833333333334 0.050625 0.0775
0 0.861875 0.15708333333333332 0.055 0.07416666666666667
1 0.193125 0.13291666666666666 0.07125 0.11416666666666667
0 0.9040625 0.5875 0.054375 0.09333333333333334
0 0.8621875 0.36333333333333334 0.065625 0.075
0 0.86875 0.43 0.0525 0.065
0 0.81 0.42333333333333334 0.055 0.07166666666666667
0 0.8209375 0.05333333333333334 0.063125 0.08666666666666667
0 0.1553125 0.13083333333333333 0.058125 0.07833333333333334
0 0.8825 0.11375 0.05375 0.06916666666666667
0 0.695 0.04041666666666666 0.06375 0.07583333333333334
0 0.659375 0.3358333333333333 0.05 0.06333333333333334
0 0.856875 0.04666666666666667 0.06875 0.08166666666666667
0 0.7921875 0.35375 0.060625 0.08083333333333333
0 0.5975 0.8254166666666667 0.055 0.0775
0 0.6553125 0.9425 0.068125 0.06833333333333333