0 0.5065625 0.16291666666666665 0.073125 0.09583333333333334
0 0.828125 0.0925 0.07 0.095
0 0.2759375 0.49083333333333334 0.080625 0.105
0 0.425 0.4125 0.07125 0.10666666666666667
1 0.35375 0.7979166666666667 0.1 0.1025
0 0.41875 0.2866666666666667 0.07 0.115
0 0.7040625 0.6829166666666666 0.079375 0.0925
0 0.600625 0.7991666666666667 0.075 0.095
0 0.34375 0.26166666666666666 0.0725 0.10166666666666667
0 0.7925 0.06791666666666667 0.075 0.1025
0 0.7459375 0.64875 0.080625 0.10583333333333333
0 0.26625 0.35083333333333333 0.08125 0.1
0 0.67875 0.5658333333333333 0.07375 0.095
0 0.7059375 0.48041666666666666 0.076875 0.09583333333333334
0 0.636875 0.6291666666666667 0.06625 0.09
0 0.72125 0.16 0.075 0.1
0 0.579375 0.12291666666666666 0.0725 0.09583333333333334
0 0.420625 0.1275 0.08125 0.095
0 0.8353125 0.5995833333333334 0.070625 0.11083333333333334
0 0.5540625 0.41541666666666666 0.068125 0.08083333333333333
0 0.6271875 0.4625 0.063125 0.09
0 0.249375 0.25958333333333333 0.08375 0.10416666666666667
0 0.63625 0.3566666666666667 0.075 0.09833333333333333
0 0.8040625 0.40125 0.088125 0.08416666666666667
0 0.2490625 0.6466666666666666 0.080625 0.09333333333333334
0 0.381875 0.6395833333333333 0.07375 0.09416666666666666
0 0.173125 0.8733333333333333 0.0675 0.08833333333333333
0 0.694375 0.3745833333333333 0.08375 0.09083333333333334
0 0.2503125 0.8354166666666667 0.069375 0.09083333333333334
0 0.2071875 0.57625 0.073125 0.09083333333333334
0 0.6790625 0.2920833333333333 0.061875 0.0825
0 0.64 0.0675 0.0775 0.09666666666666666
0 0.210625 0.715 0.065 0.08166666666666667
0 0.410625 0.4725 0.07625 0.10833333333333334
1 0.4903125 0.6691666666666667 0.099375 0.09666666666666666
0 0.4578125 0.6204166666666666 0.073125 0.0775
0 0.4809375 0.7308333333333333 0.080625 0.06666666666666667
0 0.43375 0.7070833333333333 0.06 0.08083333333333333