0 0.8334375 0.4845833333333333 0.080625 0.0875
0 0.865625 0.8158333333333333 0.07375 0.10166666666666667
0 0.1290625 0.9154166666666667 0.084375 0.1025
0 0.581875 0.47041666666666665 0.07125 0.0975
0 0.843125 0.5616666666666666 0.08 0.09
1 0.7815625 0.8345833333333333 0.061875 0.09083333333333334
0 0.4015625 0.3545833333333333 0.084375 0.0925
0 0.0965625 0.08083333333333333 0.085625 0.10666666666666667
0 0.925625 0.9366666666666666 0.08625 0.09
0 0.66875 0.39458333333333334 0.08625 0.09916666666666667
0 0.84125 0.3283333333333333 0.08625 0.10333333333333333
0 0.658125 0.725 0.0625 0.09
0 0.79125 0.655 0.06875 0.09666666666666666
0 0.2125 0.22541666666666665 0.07875 0.1075
0 0.6253125 0.945 0.076875 0.095
0 0.63875 0.5258333333333334 0.0825 0.09666666666666666
0 0.875625 0.39125 0.08 0.09416666666666666
0 0.28625 0.7366666666666667 0.09125 0.09333333333333334
0 0.764375 0.9554166666666667 0.08 0.08583333333333333
0 0.5528125 0.67875 0.063125 0.1225
0 0.38375 0.4325 0.09375 0.08333333333333333
0 0.956875 0.2604166666666667 0.05875 0.0825
0 0.74625 0.14875 0.085 0.08916666666666667
0 0.3259375 0.20083333333333334 0.113125 0.06666666666666667
0 0.6646875 0.25583333333333336 0.081875 0.11833333333333333