0 0.74125 0.22833333333333333 0.07875 0.1
0 0.42 0.4683333333333333 0.08125 0.11333333333333333
0 0.3184375 0.15625 0.076875 0.09916666666666667
0 0.7828125 0.5029166666666667 0.069375 0.0975
0 0.5290625 0.4766666666666667 0.081875 0.1
0 0.83875 0.26166666666666666 0.075 0.1
0 0.44375 0.8083333333333333 0.0775 0.1
0 0.4359375 0.2733333333333333 0.079375 0.08833333333333333
0 0.3671875 0.7054166666666667 0.068125 0.10583333333333333
0 0.27 0.80125 0.0775 0.0975
0 0.3596875 0.41541666666666666 0.073125 0.11083333333333334
0 0.21375 0.08125 0.06125 0.0925
0 0.85125 0.5579166666666666 0.075 0.1025
0 0.51875 0.74375 0.07375 0.11416666666666667
0 0.691875 0.34875 0.08 0.1125
0 0.2475 0.4320833333333333 0.06375 0.09416666666666666
0 0.118125 0.2633333333333333 0.07625 0.10666666666666667
0 0.66625 0.81125 0.08125 0.1025
0 0.6296875 0.5183333333333333 0.079375 0.08833333333333333
0 0.5796875 0.08583333333333333 0.070625 0.09833333333333333
0 0.5146875 0.060833333333333336 0.078125 0.10666666666666667
0 0.9271875 0.4370833333333333 0.068125 0.0875
0 0.0909375 0.47625 0.070625 0.1025
0 0.9509375 0.3433333333333333 0.076875 0.10333333333333333
0 0.5925 0.7033333333333334 0.075 0.08666666666666667
0 0.733125 0.7916666666666666 0.07625 0.08666666666666667
0 0.3734375 0.24375 0.076875 0.09083333333333334
0 0.9390625 0.8016666666666666 0.074375 0.10666666666666667
0 0.28875 0.21291666666666667 0.07375 0.0975
0 0.62875 0.6116666666666667 0.08125 0.1
0 0.5915625 0.8033333333333333 0.076875 0.105
0 0.8059375 0.6929166666666666 0.065625 0.1175
0 0.7759375 0.40375 0.075625 0.1025
0 0.0928125 0.6879166666666666 0.069375 0.08416666666666667
0 0.11875 0.06625 0.07 0.09583333333333334
0 0.965625 0.5070833333333333 0.0675 0.10583333333333333
0 0.9053125 0.55375 0.074375 0.10416666666666667
0 0.8259375 0.6445833333333333 0.078125 0.09083333333333334
0 0.8415625 0.725 0.081875 0.09333333333333334
0 0.4465625 0.06458333333333334 0.078125 0.11583333333333333
0 0.2234375 0.86875 0.068125 0.09583333333333334
0 0.163125 0.82375 0.08375 0.09916666666666667
0 0.4471875 0.18958333333333333 0.071875 0.10083333333333333
0 0.525625 0.2875 0.07875 0.095
0 0.8115625 0.8008333333333333 0.074375 0.09
0 0.87875 0.9079166666666667 0.07375 0.08416666666666667
0 0.8178125 0.16041666666666668 0.076875 0.09583333333333334
0 0.2715625 0.33625 0.065625 0.10083333333333333
0 0.7334375 0.7329166666666667 0.075625 0.0975
0 0.545 0.8629166666666667 0.07875 0.10083333333333333
0 0.29375 0.31625 0.07875 0.09416666666666666
0 0.0446875 0.7579166666666667 0.078125 0.09583333333333334
0 0.2421875 0.6891666666666667 0.073125 0.08333333333333333
0 0.2209375 0.56625 0.066875 0.10916666666666666
0 0.5715625 0.16875 0.069375 0.0825
0 0.660625 0.7591666666666667 0.07375 0.10166666666666667
0 0.038125 0.8645833333333334 0.06625 0.1075
0 0.5478125 0.38416666666666666 0.064375 0.08166666666666667
0 0.1721875 0.4920833333333333 0.074375 0.08916666666666667
0 0.8728125 0.32666666666666666 0.065625 0.1
0 0.1078125 0.8825 0.075625 0.09666666666666666
0 0.400625 0.09666666666666666 0.05375 0.10333333333333333
0 0.2728125 0.6029166666666667 0.063125 0.0925
0 0.1309375 0.8525 0.061875 0.10833333333333334
0 0.1596875 0.51875 0.081875 0.0825
0 0.5071875 0.19666666666666666 0.071875 0.105
0 0.540625 0.17375 0.065 0.10416666666666667
0 0.8884375 0.8608333333333333 0.061875 0.12666666666666668
0 0.8859375 0.34291666666666665 0.066875 0.09916666666666667