0 0.4809375 0.6416666666666667 0.068125 0.095
0 0.2528125 0.85375 0.064375 0.08416666666666667
0 0.694375 0.7408333333333333 0.06875 0.08166666666666667
0 0.6278125 0.56125 0.064375 0.07916666666666666
0 0.321875 0.89125 0.06875 0.08583333333333333
0 0.225 0.7729166666666667 0.06125 0.07416666666666667
0 0.784375 0.4525 0.0675 0.07666666666666666
0 0.4103125 0.8020833333333334 0.064375 0.08583333333333333
0 0.48875 0.34541666666666665 0.055 0.0775
0 0.5746875 0.6170833333333333 0.063125 0.0825
0 0.540625 0.90875 0.06625 0.08083333333333333
0 0.4571875 0.7354166666666667 0.054375 0.10083333333333333
0 0.7159375 0.4920833333333333 0.068125 0.0875
0 0.8009375 0.8233333333333334 0.060625 0.07333333333333333
0 0.2503125 0.14041666666666666 0.059375 0.08583333333333333
0 0.4096875 0.5125 0.063125 0.08
0 0.7784375 0.7229166666666667 0.064375 0.09083333333333334
0 0.7671875 0.05458333333333333 0.069375 0.0875
0 0.805625 0.6233333333333333 0.06875 0.08666666666666667
0 0.61125 0.2916666666666667 0.06375 0.09
0 0.7934375 0.9158333333333334 0.064375 0.07666666666666666
0 0.433125 0.9145833333333333 0.0625 0.06416666666666666
0 0.289375 0.057916666666666665 0.07375 0.09083333333333334
0 0.5115625 0.7308333333333333 0.054375 0.07666666666666666
0 0.3834375 0.29625 0.060625 0.0825
0 0.4009375 0.20291666666666666 0.058125 0.08416666666666667
0 0.4140625 0.5883333333333334 0.076875 0.08833333333333333
0 0.1815625 0.19625 0.076875 0.09083333333333334
0 0.4315625 0.2775 0.076875 0.09333333333333334
0 0.6190625 0.03875 0.066875 0.07583333333333334
0 0.80375 0.34291666666666665 0.0575 0.0875
0 0.64625 0.6491666666666667 0.06125 0.07833333333333334
0 0.744375 0.6620833333333334 0.06 0.0775
0 0.5071875 0.5325 0.078125 0.095
0 0.4025 0.6779166666666666 0.05125 0.07916666666666666
0 0.2678125 0.9479166666666666 0.058125 0.0825
0 0.348125 0.36666666666666664 0.0475 0.07166666666666667
0 0.1903125 0.0975 0.063125 0.08833333333333333
0 0.4415625 0.42625 0.083125 0.08083333333333333
0 0.6546875 0.8358333333333333 0.068125 0.09166666666666666
0 0.18375 0.76375 0.05625 0.09916666666666667
0 0.2584375 0.34208333333333335 0.060625 0.08416666666666667
0 0.734375 0.8133333333333334 0.05375 0.075
0 0.269375 0.6941666666666667 0.07 0.07666666666666666
0 0.3684375 0.4370833333333333 0.066875 0.0875
0 0.48 0.06791666666666667 0.06 0.08416666666666667
0 0.248125 0.53375 0.0625 0.08416666666666667
0 0.3590625 0.1775 0.060625 0.06666666666666667
0 0.714375 0.11541666666666667 0.0625 0.06916666666666667
0 0.8334375 0.39791666666666664 0.065625 0.05583333333333333
0 0.5853125 0.7033333333333334 0.066875 0.08
0 0.7646875 0.24041666666666667 0.056875 0.0775
0 0.31875 0.5920833333333333 0.05375 0.0825
0 0.62125 0.79625 0.06 0.0925
0 0.1978125 0.30291666666666667 0.060625 0.07083333333333333
0 0.6975 0.21375 0.075 0.0775
0 0.728125 0.40208333333333335 0.0625 0.07916666666666666
0 0.5446875 0.32166666666666666 0.064375 0.08666666666666667
0 0.514375 0.43833333333333335 0.065 0.07
0 0.6165625 0.14666666666666667 0.058125 0.09333333333333334
0 0.2340625 0.45125 0.068125 0.0625
0 0.560625 0.23083333333333333 0.06125 0.08333333333333333
0 0.8121875 0.53125 0.053125 0.07916666666666666
0 0.5525 0.505 0.05375 0.08333333333333333
0 0.42875 0.15208333333333332 0.06875 0.08416666666666667
0 0.634375 0.3983333333333333 0.055 0.06
0 0.5165625 0.26666666666666666 0.075625 0.085
0 0.4178125 0.11166666666666666 0.053125 0.07
0 0.8371875 0.05541666666666667 0.074375 0.09416666666666666
0 0.473125 0.8891666666666667 0.055 0.085
0 0.6828125 0.87 0.063125 0.08
0 0.5853125 0.5116666666666667 0.066875 0.08
0 0.216875 0.14541666666666667 0.06875 0.07916666666666666
0 0.268125 0.25166666666666665 0.06125 0.06333333333333334
0 0.354375 0.0825 0.04875 0.065
0 0.4703125 0.8429166666666666 0.049375 0.0675
0 0.32 0.7525 0.06 0.06666666666666667
0 0.5328125 0.81875 0.051875 0.07083333333333333
0 0.8034375 0.8645833333333334 0.055625 0.0775
0 0.721875 0.64375 0.06 0.0675
0 0.764375 0.8954166666666666 0.05375 0.10916666666666666
0 0.720625 0.84875 0.06125 0.07583333333333334
0 0.6159375 0.8391666666666666 0.051875 0.07666666666666666
0 0.8375 0.5904166666666667 0.07125 0.0975
0 0.7840625 0.25583333333333336 0.065625 0.065
0 0.75875 0.28375 0.06875 0.0825
0 0.6834375 0.47791666666666666 0.073125 0.0625
0 0.7 0.3745833333333333 0.0775 0.07583333333333334
0 0.699375 0.39916666666666667 0.065 0.06833333333333333
0 0.6775 0.22208333333333333 0.06 0.08416666666666667
0 0.6921875 0.25708333333333333 0.058125 0.08583333333333333
0 0.714375 0.28541666666666665 0.05375 0.07083333333333333
0 0.618125 0.3933333333333333 0.06125 0.07666666666666666
0 0.5934375 0.3875 0.073125 0.07666666666666666
0 0.61 0.3333333333333333 0.04875 0.1
0 0.55375 0.36625 0.06125 0.0725
0 0.5234375 0.235 0.064375 0.07666666666666666
0 0.64625 0.47833333333333333 0.05875 0.07
0 0.6159375 0.49041666666666667 0.065625 0.07916666666666666
0 0.4809375 0.455 0.055625 0.07
0 0.4615625 0.345 0.059375 0.06333333333333334
0 0.43 0.24 0.06875 0.07333333333333333
0 0.4515625 0.059583333333333335 0.063125 0.0725
0 0.32125 0.20083333333333334 0.05125 0.07166666666666667
0 0.174375 0.04791666666666667 0.04625 0.07083333333333333
0 0.24375 0.24458333333333335 0.06375 0.09083333333333334
0 0.3734375 0.6941666666666667 0.053125 0.08833333333333333
0 0.349375 0.7466666666666667 0.05875 0.07333333333333333
0 0.4028125 0.06583333333333333 0.065625 0.06166666666666667
0 0.3465625 0.5808333333333333 0.073125 0.08166666666666667
0 0.393125 0.4370833333333333 0.06 0.07583333333333334
0 0.33375 0.36 0.06125 0.075
0 0.37625 0.08833333333333333 0.04125 0.095
0 0.26875 0.37125 0.05125 0.07416666666666667
0 0.1971875 0.46 0.074375 0.07166666666666667
0 0.1759375 0.32666666666666666 0.065625 0.08
0 0.159375 0.35333333333333333 0.06125 0.07333333333333333
0 0.2125 0.41125 0.06125 0.08916666666666667
0 0.1909375 0.38208333333333333 0.053125 0.06416666666666666
0 0.2371875 0.56 0.060625 0.08166666666666667
0 0.578125 0.04666666666666667 0.05875 0.08333333333333333
0 0.553125 0.059166666666666666 0.0575 0.09333333333333334
0 0.5515625 0.10458333333333333 0.051875 0.08916666666666667
0 0.584375 0.13416666666666666 0.065 0.07666666666666666
0 0.6815625 0.12458333333333334 0.056875 0.06916666666666667
0 0.648125 0.13375 0.0675 0.07416666666666667
0 0.844375 0.9016666666666666 0.055 0.095
0 0.675 0.63625 0.05875 0.09416666666666666
0 0.4015625 0.88875 0.074375 0.07583333333333334
0 0.56875 0.6733333333333333 0.05375 0.07666666666666666
0 0.55375 0.7016666666666667 0.0675 0.07666666666666666
0 0.5415625 0.46291666666666664 0.051875 0.0825
0 0.294375 0.7570833333333333 0.05375 0.060833333333333336
0 0.199375 0.9475 0.055 0.07166666666666667
0 0.1575 0.6733333333333333 0.06 0.08666666666666667
0 0.1715625 0.64 0.060625 0.075
0 0.26875 0.665 0.05125 0.07
0 0.2365625 0.6791666666666667 0.070625 0.08333333333333333
0 0.1903125 0.655 0.074375 0.08166666666666667
0 0.164375 0.8608333333333333 0.0625 0.09666666666666666
0 0.1946875 0.9116666666666666 0.045625 0.07666666666666666
0 0.190625 0.8808333333333334 0.0675 0.08333333333333333
0 0.580625 0.82375 0.07 0.06416666666666666
0 0.5515625 0.82125 0.063125 0.07083333333333333
0 0.2959375 0.5958333333333333 0.045625 0.08166666666666667