0 0.5928125 0.9254166666666667 0.078125 0.10583333333333333
0 0.403125 0.94125 0.0675 0.10083333333333333
0 0.748125 0.76 0.0775 0.10666666666666667
0 0.793125 0.27416666666666667 0.07375 0.11333333333333333
0 0.6390625 0.8308333333333333 0.066875 0.10666666666666667
0 0.264375 0.8795833333333334 0.07125 0.0925
0 0.2090625 0.5616666666666666 0.055625 0.13
0 0.6109375 0.4025 0.075625 0.095
0 0.7209375 0.2604166666666667 0.084375 0.09083333333333334
0 0.5975 0.185 0.075 0.09833333333333333
0 0.6234375 0.3620833333333333 0.076875 0.1075
0 0.375 0.49833333333333335 0.0625 0.08666666666666667
0 0.3371875 0.4529166666666667 0.073125 0.08916666666666667
0 0.2259375 0.44416666666666665 0.084375 0.06666666666666667