0 0.9465625 0.48875 0.091875 0.1225
0 0.9353125 0.24375 0.100625 0.13416666666666666
0 0.4309375 0.6795833333333333 0.093125 0.12416666666666666
0 0.88125 0.18416666666666667 0.09875 0.13166666666666665
0 0.705625 0.8216666666666667 0.09 0.12
0 0.288125 0.6966666666666667 0.08875 0.11833333333333333
0 0.2240625 0.5995833333333334 0.090625 0.12083333333333333
0 0.638125 0.32916666666666666 0.0925 0.12333333333333334
0 0.7228125 0.16125 0.093125 0.12416666666666666
0 0.32375 0.8454166666666667 0.09375 0.12416666666666666
0 0.328125 0.38666666666666666 0.09375 0.125
0 0.7628125 0.5995833333333334 0.101875 0.13583333333333333
0 0.820625 0.13958333333333334 0.10125 0.13583333333333333
0 0.81625 0.24333333333333335 0.10375 0.13833333333333334
0 0.3340625 0.16458333333333333 0.081875 0.10916666666666666
0 0.6315625 0.11 0.094375 0.125
0 0.271875 0.5383333333333333 0.09625 0.12833333333333333
0 0.3821875 0.17375 0.099375 0.1325
0 0.40375 0.5054166666666666 0.10875 0.14583333333333334
0 0.656875 0.42125 0.08125 0.1075
0 0.5334375 0.6370833333333333 0.099375 0.1325
0 0.8421875 0.48375 0.084375 0.1125
0 0.2740625 0.155 0.086875 0.115
0 0.5196875 0.8804166666666666 0.078125 0.10416666666666667
0 0.8109375 0.5529166666666666 0.100625 0.13416666666666666
0 0.679375 0.57 0.10375 0.13833333333333334
0 0.841875 0.3929166666666667 0.07125 0.09416666666666666
0 0.2175 0.4529166666666667 0.0975 0.13083333333333333
0 0.355 0.5283333333333333 0.09 0.12
0 0.2290625 0.7845833333333333 0.104375 0.13916666666666666
0 0.7465625 0.44208333333333333 0.086875 0.11583333333333333
0 0.6221875 0.6804166666666667 0.095625 0.1275
0 0.578125 0.6441666666666667 0.09875 0.13166666666666665
0 0.6196875 0.8379166666666666 0.079375 0.10583333333333333
0 0.7115625 0.5241666666666667 0.090625 0.12
0 0.8134375 0.7245833333333334 0.091875 0.1225