0 0.2684375 0.7866666666666666 0.073125 0.09833333333333333
0 0.794375 0.8070833333333334 0.07625 0.1125
0 0.4625 0.6595833333333333 0.0525 0.07083333333333333
0 0.70875 0.7975 0.06625 0.08666666666666667
0 0.691875 0.52625 0.06875 0.08583333333333333
0 0.2534375 0.45708333333333334 0.060625 0.0875
0 0.771875 0.5625 0.075 0.10666666666666667
0 0.2109375 0.8729166666666667 0.083125 0.09583333333333334
0 0.4975 0.35083333333333333 0.0625 0.06666666666666667
0 0.744375 0.6925 0.065 0.09666666666666666
0 0.625625 0.6679166666666667 0.0625 0.08083333333333333
0 0.328125 0.7683333333333333 0.0625 0.09
0 0.3128125 0.4845833333333333 0.065625 0.08583333333333333
0 0.7921875 0.3433333333333333 0.069375 0.09166666666666666
0 0.81 0.9283333333333333 0.06625 0.09666666666666666
0 0.3728125 0.5058333333333334 0.065625 0.08833333333333333
0 0.8178125 0.71375 0.071875 0.0975
0 0.5475 0.4266666666666667 0.06375 0.08666666666666667
0 0.173125 0.10041666666666667 0.075 0.1125
0 0.245 0.5858333333333333 0.0725 0.10833333333333334
0 0.5403125 0.45166666666666666 0.061875 0.095
0 0.51875 0.7008333333333333 0.0675 0.09833333333333333
0 0.68 0.3375 0.0775 0.09833333333333333
0 0.6840625 0.6820833333333334 0.065625 0.0875
0 0.278125 0.9333333333333333 0.07125 0.09166666666666666
0 0.3534375 0.6775 0.071875 0.10333333333333333
0 0.5946875 0.5091666666666667 0.075625 0.09833333333333333
0 0.765 0.45166666666666666 0.0725 0.10666666666666667
0 0.2446875 0.23875 0.070625 0.09416666666666666
0 0.4703125 0.5783333333333334 0.070625 0.09333333333333334
0 0.24625 0.33625 0.05125 0.08416666666666667
0 0.5590625 0.7945833333333333 0.070625 0.1025
0 0.4075 0.6008333333333333 0.0675 0.08666666666666667
0 0.296875 0.41291666666666665 0.0625 0.07916666666666666
0 0.57875 0.8741666666666666 0.07625 0.10666666666666667
0 0.76 0.41291666666666665 0.0675 0.0825
0 0.73875 0.8675 0.08625 0.08666666666666667
0 0.48625 0.5170833333333333 0.06875 0.0825
0 0.68125 0.2725 0.06375 0.07666666666666666
0 0.46125 0.7425 0.04625 0.07833333333333334
0 0.67 0.59875 0.06375 0.07916666666666666
0 0.2184375 0.3641666666666667 0.071875 0.07166666666666667
0 0.3534375 0.3095833333333333 0.064375 0.0775
0 0.4190625 0.71625 0.064375 0.08416666666666667
0 0.3903125 0.8183333333333334 0.073125 0.08833333333333333
0 0.366875 0.95125 0.06125 0.09083333333333334
0 0.4625 0.8366666666666667 0.0525 0.08166666666666667
0 0.41125 0.7891666666666667 0.0725 0.08666666666666667
0 0.3396875 0.91625 0.065625 0.08583333333333333
0 0.3734375 0.88875 0.064375 0.09083333333333334
0 0.5721875 0.73 0.056875 0.085
0 0.2728125 0.5579166666666666 0.060625 0.09583333333333334
0 0.1925 0.3441666666666667 0.06125 0.08166666666666667
0 0.3059375 0.5658333333333333 0.068125 0.095
0 0.368125 0.6341666666666667 0.06125 0.10333333333333333
0 0.43 0.5445833333333333 0.06125 0.07416666666666667
0 0.3296875 0.60625 0.071875 0.08083333333333333
1 0.43 0.9158333333333334 0.05875 0.16166666666666665
1 0.1571875 0.19 0.065625 0.145
1 0.2065625 0.215 0.056875 0.13333333333333333
1 0.3190625 0.35375 0.093125 0.1375
0 0.7525 0.6345833333333334 0.0575 0.0875
0 0.6415625 0.7095833333333333 0.063125 0.08083333333333333