0 0.801875 0.2683333333333333 0.06625 0.08833333333333333
0 0.725625 0.33958333333333335 0.06375 0.08583333333333333
0 0.695 0.7175 0.06875 0.09166666666666666
0 0.4634375 0.5220833333333333 0.068125 0.0925
0 0.5465625 0.2604166666666667 0.069375 0.08416666666666667
0 0.6375 0.7791666666666667 0.07 0.09666666666666666
0 0.5221875 0.7804166666666666 0.054375 0.0925
0 0.3903125 0.42083333333333334 0.065625 0.08833333333333333
0 0.3265625 0.07291666666666667 0.064375 0.0875
0 0.2696875 0.4583333333333333 0.070625 0.10166666666666667
0 0.8015625 0.4791666666666667 0.083125 0.10833333333333334
0 0.7703125 0.3775 0.081875 0.09333333333333334
0 0.5690625 0.8695833333333334 0.066875 0.0975
0 0.476875 0.9245833333333333 0.0875 0.09583333333333334
0 0.3896875 0.8945833333333333 0.065625 0.1125
0 0.56875 0.07791666666666666 0.06625 0.08583333333333333