0 0.3228125 0.8420833333333333 0.089375 0.11916666666666667
0 0.8021875 0.07458333333333333 0.104375 0.13916666666666666
0 0.4271875 0.30625 0.083125 0.11083333333333334
0 0.2778125 0.78375 0.081875 0.10916666666666666
0 0.46875 0.09833333333333333 0.0875 0.11666666666666667
0 0.3159375 0.34708333333333335 0.090625 0.12083333333333333
0 0.46625 0.2 0.095 0.12666666666666668
0 0.1496875 0.6229166666666667 0.090625 0.12083333333333333
0 0.25875 0.7058333333333333 0.08375 0.11166666666666666
0 0.8109375 0.6929166666666666 0.080625 0.1075
0 0.4140625 0.13666666666666666 0.095625 0.12666666666666668
0 0.364375 0.9125 0.1 0.13333333333333333
0 0.4059375 0.39625 0.089375 0.11916666666666667
0 0.1859375 0.8008333333333333 0.093125 0.12333333333333334
0 0.2784375 0.6204166666666666 0.090625 0.12083333333333333
0 0.844375 0.44666666666666666 0.09875 0.13166666666666665
0 0.7553125 0.7416666666666667 0.084375 0.11333333333333333
0 0.6796875 0.8254166666666667 0.101875 0.13583333333333333
0 0.5646875 0.92 0.096875 0.13
0 0.9490625 0.43291666666666667 0.085625 0.11416666666666667
0 0.9428125 0.2920833333333333 0.085625 0.11416666666666667
0 0.6290625 0.25666666666666665 0.100625 0.13333333333333333
0 0.8640625 0.2 0.089375 0.12
0 0.3140625 0.6975 0.095625 0.12833333333333333
0 0.4459375 0.8179166666666666 0.099375 0.1325
0 0.4671875 0.5979166666666667 0.098125 0.13083333333333333
0 0.341875 0.60625 0.08125 0.10916666666666666
0 0.395625 0.22666666666666666 0.0825 0.11
0 0.76875 0.19083333333333333 0.09625 0.12833333333333333
0 0.8121875 0.605 0.095625 0.12833333333333333
0 0.62625 0.8104166666666667 0.08875 0.11916666666666667
0 0.59 0.6091666666666666 0.1 0.13333333333333333
0 0.1090625 0.68625 0.101875 0.13583333333333333
0 0.454375 0.7208333333333333 0.095 0.12666666666666668
0 0.14875 0.3275 0.095 0.12666666666666668
0 0.4678125 0.9066666666666666 0.088125 0.11666666666666667
0 0.6303125 0.06208333333333333 0.090625 0.12083333333333333
0 0.409375 0.5595833333333333 0.0875 0.1175
0 0.8934375 0.4375 0.095625 0.12833333333333333
0 0.34875 0.7583333333333333 0.095 0.12666666666666668
0 0.32 0.09 0.08125 0.10833333333333334
0 0.3578125 0.15541666666666668 0.098125 0.13083333333333333
0 0.199375 0.2916666666666667 0.09875 0.13166666666666665
0 0.1896875 0.7345833333333334 0.084375 0.1125
0 0.764375 0.5308333333333334 0.08375 0.11166666666666666
0 0.753125 0.33 0.0925 0.12333333333333334
0 0.3928125 0.79375 0.105625 0.14083333333333334
0 0.4559375 0.37666666666666665 0.081875 0.11
0 0.5853125 0.3545833333333333 0.089375 0.11916666666666667
0 0.8475 0.12666666666666668 0.10125 0.135
0 0.55625 0.6616666666666666 0.0875 0.11666666666666667
0 0.93375 0.21208333333333335 0.10125 0.13583333333333333