0 0.6390625 0.87375 0.081875 0.10083333333333333
0 0.7790625 0.30416666666666664 0.078125 0.095
0 0.92875 0.6758333333333333 0.07375 0.09833333333333333
0 0.948125 0.56875 0.0775 0.0875
0 0.3534375 0.6020833333333333 0.079375 0.11083333333333334
0 0.64875 0.14041666666666666 0.07 0.10416666666666667
0 0.0521875 0.3254166666666667 0.075625 0.11083333333333334
0 0.70625 0.19166666666666668 0.08 0.11166666666666666
0 0.210625 0.32125 0.06875 0.09083333333333334
0 0.275 0.09791666666666667 0.0725 0.0975
0 0.3503125 0.2375 0.073125 0.10333333333333333
0 0.829375 0.38625 0.06375 0.1075
0 0.689375 0.5225 0.075 0.09666666666666666
0 0.386875 0.8070833333333334 0.0725 0.09083333333333334
0 0.12375 0.68 0.08375 0.09666666666666666
0 0.211875 0.43083333333333335 0.0775 0.09833333333333333
0 0.2340625 0.1425 0.079375 0.07833333333333334
0 0.4346875 0.8158333333333333 0.070625 0.09666666666666666