0 0.6034375 0.7370833333333333 0.078125 0.08416666666666667
0 0.42875 0.6658333333333334 0.0625 0.09166666666666666
0 0.69625 0.31666666666666665 0.085 0.10333333333333333
0 0.806875 0.185 0.075 0.09333333333333334
0 0.2665625 0.7458333333333333 0.064375 0.08666666666666667
0 0.3765625 0.34708333333333335 0.074375 0.09416666666666666
0 0.8 0.5504166666666667 0.07125 0.1075
0 0.2290625 0.39916666666666667 0.071875 0.10166666666666667
0 0.5165625 0.42083333333333334 0.079375 0.09833333333333333
0 0.32375 0.057916666666666665 0.0825 0.08416666666666667
0 0.8234375 0.91 0.075625 0.085
0 0.3628125 0.7008333333333333 0.070625 0.08
0 0.7571875 0.9408333333333333 0.080625 0.08333333333333333
0 0.3846875 0.175 0.078125 0.08833333333333333
0 0.7015625 0.7083333333333334 0.064375 0.10166666666666667
0 0.2953125 0.21041666666666667 0.071875 0.09583333333333334
0 0.3353125 0.24916666666666668 0.065625 0.09666666666666666
0 0.3796875 0.2575 0.066875 0.085
0 0.305625 0.31958333333333333 0.08375 0.0825
0 0.28 0.38333333333333336 0.07875 0.095
0 0.765 0.7341666666666666 0.06875 0.10666666666666667