0 0.7 0.7629166666666667 0.07 0.10916666666666666
0 0.2775 0.05375 0.0675 0.07916666666666666
0 0.5146875 0.26416666666666666 0.080625 0.09333333333333334
0 0.52 0.59375 0.06875 0.0975
0 0.2359375 0.93 0.074375 0.1
0 0.5125 0.36583333333333334 0.075 0.10666666666666667
0 0.841875 0.5420833333333334 0.06625 0.1075
0 0.60625 0.4041666666666667 0.075 0.10333333333333333
0 0.656875 0.12833333333333333 0.08 0.10166666666666667
0 0.7725 0.7541666666666667 0.07875 0.11666666666666667
0 0.5075 0.9016666666666666 0.0675 0.1
0 0.53625 0.40166666666666667 0.07125 0.10166666666666667
0 0.6740625 0.8675 0.069375 0.095
0 0.41375 0.785 0.0725 0.11166666666666666
0 0.6053125 0.8083333333333333 0.071875 0.09166666666666666
0 0.6678125 0.05416666666666667 0.085625 0.09666666666666666
0 0.7784375 0.64 0.078125 0.07833333333333334
0 0.7390625 0.5725 0.076875 0.10666666666666667
0 0.2478125 0.7041666666666667 0.078125 0.105
0 0.8190625 0.84125 0.060625 0.10916666666666666
0 0.1984375 0.5758333333333333 0.065625 0.11
0 0.40125 0.225 0.0775 0.10166666666666667
0 0.2059375 0.14916666666666667 0.083125 0.08
0 0.193125 0.23083333333333333 0.07125 0.09166666666666666
0 0.5834375 0.8945833333333333 0.065625 0.09083333333333334
0 0.513125 0.16333333333333333 0.0675 0.09333333333333334
0 0.55 0.7370833333333333 0.07375 0.0975
0 0.349375 0.23166666666666666 0.0625 0.12
0 0.6409375 0.5579166666666666 0.061875 0.0925
0 0.593125 0.5045833333333334 0.085 0.09583333333333334
0 0.3496875 0.5383333333333333 0.080625 0.11666666666666667
0 0.3384375 0.8279166666666666 0.073125 0.11416666666666667
0 0.4503125 0.17583333333333334 0.069375 0.11
0 0.679375 0.6091666666666666 0.05625 0.10833333333333334
0 0.2965625 0.12458333333333334 0.073125 0.1175
0 0.595625 0.5908333333333333 0.07 0.09833333333333333