0 0.6065625 0.8925 0.055625 0.07833333333333334
1 0.185625 0.62625 0.075 0.1075
0 0.8503125 0.8591666666666666 0.056875 0.08166666666666667
0 0.6809375 0.21875 0.058125 0.08583333333333333
0 0.165 0.86 0.0675 0.08833333333333333
0 0.9096875 0.20125 0.065625 0.08916666666666667
0 0.5128125 0.32458333333333333 0.064375 0.0875
0 0.9203125 0.37958333333333333 0.066875 0.0875
0 0.1859375 0.4325 0.063125 0.08833333333333333
0 0.820625 0.1275 0.07875 0.105
0 0.285625 0.4716666666666667 0.0675 0.085
0 0.6025 0.7933333333333333 0.06625 0.08166666666666667
1 0.7528125 0.28791666666666665 0.078125 0.10916666666666666
0 0.0553125 0.11333333333333333 0.075625 0.10333333333333333
0 0.3846875 0.355 0.069375 0.08666666666666667
0 0.49375 0.12583333333333332 0.0675 0.08666666666666667
0 0.725625 0.88875 0.0625 0.09083333333333334
0 0.2296875 0.7270833333333333 0.055625 0.08416666666666667
0 0.42125 0.23666666666666666 0.07125 0.09
0 0.6078125 0.22041666666666668 0.073125 0.08416666666666667
1 0.8740625 0.435 0.065625 0.095
0 0.7521875 0.72625 0.065625 0.0675
0 0.4625 0.945 0.06 0.08166666666666667
0 0.34875 0.6979166666666666 0.07 0.1025
0 0.0825 0.6358333333333334 0.0625 0.09
0 0.3140625 0.11208333333333333 0.059375 0.08583333333333333
0 0.6021875 0.42541666666666667 0.054375 0.12916666666666668
0 0.479375 0.4175 0.06875 0.11833333333333333
0 0.261875 0.6291666666666667 0.07125 0.08833333333333333
0 0.723125 0.5754166666666667 0.07 0.08916666666666667
0 0.0896875 0.40166666666666667 0.061875 0.09666666666666666
0 0.8240625 0.43125 0.056875 0.07916666666666666
0 0.44125 0.87 0.06875 0.09333333333333334
0 0.2840625 0.7091666666666666 0.065625 0.08833333333333333
0 0.5209375 0.5275 0.065625 0.095
0 0.4128125 0.44375 0.066875 0.09416666666666666
0 0.0428125 0.46291666666666664 0.064375 0.09083333333333334
0 0.5546875 0.5866666666666667 0.059375 0.08833333333333333
0 0.349375 0.8258333333333333 0.06625 0.09166666666666666
0 0.1284375 0.4216666666666667 0.059375 0.1
0 0.754375 0.8275 0.0575 0.09
0 0.8125 0.5054166666666666 0.065 0.09416666666666666
0 0.6521875 0.6066666666666667 0.069375 0.09333333333333334
0 0.5546875 0.6983333333333334 0.058125 0.10666666666666667
0 0.370625 0.46875 0.06375 0.0875
0 0.318125 0.9020833333333333 0.06 0.10083333333333333
0 0.275625 0.2225 0.0575 0.11666666666666667
0 0.394375 0.51375 0.0575 0.08083333333333333
0 0.3896875 0.6183333333333333 0.065625 0.105
0 0.285 0.78125 0.05625 0.13083333333333333
0 0.80125 0.5520833333333334 0.06625 0.08583333333333333
0 0.1034375 0.7391666666666666 0.061875 0.11
0 0.600625 0.58875 0.04875 0.0975
0 0.6503125 0.6479166666666667 0.063125 0.0775
0 0.9703125 0.46291666666666664 0.058125 0.12083333333333333
0 0.099375 0.7158333333333333 0.095 0.075