0 0.60625 0.5533333333333333 0.095 0.12666666666666668
0 0.270625 0.70875 0.0975 0.13083333333333333
0 0.1709375 0.6720833333333334 0.090625 0.12083333333333333
0 0.5103125 0.8404166666666667 0.103125 0.1375
0 0.4725 0.0875 0.1025 0.13666666666666666
0 0.756875 0.6808333333333333 0.0975 0.13
0 0.838125 0.45208333333333334 0.1 0.1325
0 0.238125 0.30416666666666664 0.095 0.12666666666666668
0 0.6259375 0.64 0.095625 0.12666666666666668
0 0.201875 0.845 0.105 0.14
0 0.7575 0.31833333333333336 0.08625 0.115
0 0.335 0.44583333333333336 0.0925 0.12333333333333334
0 0.6278125 0.12458333333333334 0.089375 0.11916666666666667
0 0.8328125 0.125 0.095625 0.12666666666666668
0 0.3546875 0.8895833333333333 0.098125 0.13083333333333333
0 0.76625 0.49416666666666664 0.1 0.13333333333333333
0 0.358125 0.7116666666666667 0.09375 0.125
0 0.5590625 0.36083333333333334 0.093125 0.12333333333333334
0 0.061875 0.45208333333333334 0.095 0.12583333333333332
0 0.7265625 0.4083333333333333 0.099375 0.13166666666666665
0 0.40875 0.6375 0.09 0.12
0 0.53625 0.75125 0.09125 0.12083333333333333
0 0.8646875 0.5383333333333333 0.091875 0.12166666666666667
0 0.9290625 0.5416666666666666 0.088125 0.11833333333333333
0 0.65375 0.8458333333333333 0.0875 0.11666666666666667
0 0.693125 0.36666666666666664 0.08875 0.11833333333333333
0 0.6628125 0.7691666666666667 0.094375 0.12666666666666668
0 0.304375 0.20083333333333334 0.0925 0.12333333333333334
0 0.3496875 0.34 0.095625 0.12666666666666668
0 0.1171875 0.48625 0.099375 0.1325
0 0.143125 0.5666666666666667 0.08375 0.11166666666666666
0 0.4078125 0.7883333333333333 0.093125 0.12333333333333334
0 0.81125 0.3416666666666667 0.09375 0.125
0 0.475625 0.92125 0.09125 0.1225
0 0.5059375 0.42875 0.090625 0.12083333333333333
0 0.2596875 0.45958333333333334 0.098125 0.13083333333333333
0 0.5828125 0.9270833333333334 0.094375 0.12583333333333332
0 0.5378125 0.61625 0.094375 0.12583333333333332
0 0.91375 0.25916666666666666 0.09625 0.12833333333333333
0 0.4978125 0.28291666666666665 0.091875 0.1225
0 0.35875 0.10375 0.095 0.12583333333333332
0 0.6209375 0.7529166666666667 0.099375 0.1325
0 0.094375 0.7433333333333333 0.10125 0.135
0 0.2528125 0.5520833333333334 0.085625 0.11416666666666667
0 0.7321875 0.635 0.088125 0.11666666666666667
0 0.62 0.30416666666666664 0.08875 0.11833333333333333
0 0.828125 0.6179166666666667 0.0925 0.1225
0 0.885 0.3675 0.0875 0.11666666666666667
0 0.715625 0.505 0.0975 0.13
0 0.411875 0.28875 0.0925 0.1225
0 0.68625 0.7095833333333333 0.08875 0.1175
0 0.45125 0.7166666666666667 0.0825 0.11
0 0.5925 0.8483333333333334 0.085 0.11333333333333333
0 0.6221875 0.4454166666666667 0.093125 0.12416666666666666
0 0.2784375 0.8420833333333333 0.088125 0.1175
0 0.4053125 0.18791666666666668 0.090625 0.12083333333333333
0 0.314375 0.33375 0.1 0.13416666666666666
0 0.7946875 0.24041666666666667 0.099375 0.1325
0 0.2115625 0.5966666666666667 0.084375 0.11333333333333333
0 0.4415625 0.88625 0.101875 0.13583333333333333
0 0.4071875 0.42125 0.085625 0.11416666666666667
0 0.188125 0.4675 0.0825 0.11
0 0.3265625 0.6270833333333333 0.100625 0.13416666666666666
0 0.5303125 0.5283333333333333 0.111875 0.14833333333333334
0 0.5365625 0.21458333333333332 0.080625 0.1075
0 0.896875 0.18291666666666667 0.1025 0.1375
0 0.4221875 0.5295833333333333 0.084375 0.1125
0 0.29375 0.4891666666666667 0.09 0.12
0 0.8328125 0.23875 0.093125 0.12416666666666666
0 0.0796875 0.7895833333333333 0.086875 0.11583333333333333
0 0.4725 0.5516666666666666 0.08875 0.11833333333333333
0 0.1409375 0.7479166666666667 0.091875 0.1225
0 0.5496875 0.66375 0.081875 0.10916666666666666
0 0.66625 0.215 0.0875 0.11666666666666667
0 0.87625 0.2675 0.08375 0.11166666666666666
0 0.7084375 0.23666666666666666 0.093125 0.125
0 0.3421875 0.5841666666666666 0.088125 0.11833333333333333
0 0.3340625 0.7879166666666667 0.093125 0.12416666666666666
1 0.5528125 0.11083333333333334 0.114375 0.15333333333333332
1 0.7340625 0.10833333333333334 0.111875 0.15
0 0.0965625 0.63625 0.100625 0.13416666666666666
0 0.17125 0.37333333333333335 0.08875 0.11833333333333333
0 0.5853125 0.8920833333333333 0.085625 0.11416666666666667
0 0.6775 0.9233333333333333 0.08 0.10666666666666667
0 0.9140625 0.39125 0.074375 0.09916666666666667
0 0.800625 0.5808333333333333 0.0875 0.11666666666666667
0 0.593125 0.44416666666666665 0.08 0.10666666666666667
0 0.38875 0.27958333333333335 0.0775 0.1025
0 0.375625 0.18708333333333332 0.08875 0.1175
0 0.325 0.1 0.08125 0.10833333333333334
0 0.2021875 0.5 0.089375 0.11833333333333333
0 0.311875 0.2325 0.09375 0.125
0 0.2146875 0.22708333333333333 0.079375 0.10583333333333333
0 0.4759375 0.4175 0.078125 0.105
0 0.4021875 0.45375 0.084375 0.1125
0 0.3946875 0.5179166666666667 0.084375 0.1125
0 0.2921875 0.8033333333333333 0.086875 0.115
0 0.5290625 0.25125 0.094375 0.12583333333333332
0 0.278125 0.5554166666666667 0.085 0.11416666666666667
0 0.8046875 0.3975 0.086875 0.11666666666666667
0 0.473125 0.695 0.08375 0.11166666666666666
0 0.6484375 0.29875 0.078125 0.10416666666666667