0 0.613125 0.25708333333333333 0.0625 0.09083333333333334
0 0.6503125 0.5833333333333334 0.068125 0.095
0 0.2115625 0.66375 0.068125 0.08416666666666667
0 0.6571875 0.36 0.075625 0.09333333333333334
0 0.376875 0.5620833333333334 0.06375 0.10416666666666667
0 0.495625 0.5158333333333334 0.07375 0.10666666666666667
0 0.3540625 0.17791666666666667 0.076875 0.10083333333333333
0 0.4353125 0.8375 0.068125 0.09333333333333334
0 0.479375 0.6120833333333333 0.07375 0.10416666666666667
0 0.573125 0.50375 0.07625 0.1025
0 0.83625 0.6045833333333334 0.0625 0.0825
0 0.7590625 0.27541666666666664 0.075625 0.09083333333333334
0 0.388125 0.29875 0.085 0.09916666666666667
0 0.7675 0.17708333333333334 0.06375 0.09083333333333334
0 0.415625 0.40958333333333335 0.06375 0.10416666666666667
0 0.5134375 0.23041666666666666 0.073125 0.09583333333333334
0 0.1953125 0.5754166666666667 0.064375 0.09416666666666666
0 0.4615625 0.12958333333333333 0.078125 0.11083333333333334
0 0.4803125 0.34291666666666665 0.075625 0.1025
0 0.671875 0.05375 0.0675 0.08583333333333333
0 0.8284375 0.18 0.053125 0.075
0 0.548125 0.41875 0.07875 0.09416666666666666
0 0.7428125 0.9354166666666667 0.059375 0.07416666666666667
0 0.716875 0.16583333333333333 0.0525 0.085
0 0.5490625 0.2775 0.063125 0.08333333333333333
0 0.7471875 0.5141666666666667 0.068125 0.075
0 0.515 0.8058333333333333 0.075 0.105
0 0.670625 0.13333333333333333 0.0475 0.08166666666666667
0 0.61875 0.92875 0.06625 0.07583333333333334
0 0.7159375 0.42583333333333334 0.059375 0.07333333333333333
0 0.573125 0.19916666666666666 0.05375 0.07333333333333333
0 0.4709375 0.895 0.066875 0.09333333333333334
0 0.656875 0.8504166666666667 0.07875 0.10416666666666667
0 0.2821875 0.62375 0.066875 0.0975
0 0.4621875 0.7066666666666667 0.059375 0.085
0 0.7578125 0.6108333333333333 0.059375 0.085
0 0.4103125 0.50375 0.056875 0.08916666666666667
0 0.308125 0.2425 0.065 0.10166666666666667
0 0.6675 0.43916666666666665 0.06125 0.08
0 0.6253125 0.7904166666666667 0.065625 0.0925
0 0.8334375 0.37416666666666665 0.063125 0.10333333333333333
0 0.72125 0.6966666666666667 0.0675 0.09
0 0.5121875 0.37375 0.073125 0.10083333333333333
0 0.3815625 0.40958333333333335 0.069375 0.0975
0 0.6690625 0.7220833333333333 0.055625 0.09416666666666666
0 0.62125 0.15708333333333332 0.05125 0.0975
0 0.291875 0.415 0.06375 0.08666666666666667
0 0.2496875 0.5133333333333333 0.059375 0.08833333333333333
0 0.6315625 0.7383333333333333 0.079375 0.10333333333333333
0 0.519375 0.08291666666666667 0.06375 0.0875
0 0.578125 0.13 0.06625 0.085
0 0.2678125 0.49541666666666667 0.065625 0.09583333333333334
0 0.758125 0.43125 0.06 0.10083333333333333
1 0.3221875 0.44666666666666666 0.066875 0.12
0 0.498125 0.7608333333333334 0.0775 0.06833333333333333
0 0.604375 0.9095833333333333 0.06625 0.0825
0 0.5240625 0.12375 0.079375 0.10083333333333333
0 0.7440625 0.6779166666666666 0.061875 0.09416666666666666
0 0.8046875 0.4216666666666667 0.070625 0.08833333333333333
0 0.1596875 0.7975 0.069375 0.095