0 0.440625 0.7766666666666666 0.10125 0.135
0 0.751875 0.8375 0.09875 0.13166666666666665
0 0.88875 0.4216666666666667 0.1025 0.13666666666666666
0 0.196875 0.08708333333333333 0.11125 0.1475
0 0.3296875 0.5304166666666666 0.111875 0.14916666666666667
0 0.2615625 0.23875 0.109375 0.14583333333333334
0 0.2865625 0.71625 0.089375 0.11916666666666667
0 0.685 0.295 0.09 0.12
0 0.3390625 0.22375 0.109375 0.14583333333333334
0 0.5125 0.8883333333333333 0.09875 0.13166666666666665
0 0.843125 0.33625 0.10375 0.13916666666666666
0 0.619375 0.60375 0.10375 0.13916666666666666
0 0.7015625 0.19208333333333333 0.100625 0.13416666666666666
0 0.77875 0.5016666666666667 0.1025 0.13666666666666666
0 0.2509375 0.625 0.108125 0.145
0 0.510625 0.14416666666666667 0.1 0.13333333333333333
0 0.86625 0.5725 0.08375 0.11166666666666666
0 0.674375 0.51625 0.0925 0.1225
0 0.161875 0.6 0.11 0.14666666666666667
0 0.5784375 0.19291666666666665 0.096875 0.12916666666666668
0 0.1228125 0.22791666666666666 0.108125 0.14416666666666667
0 0.6234375 0.8929166666666667 0.089375 0.11916666666666667
0 0.6678125 0.42083333333333334 0.116875 0.155
0 0.216875 0.5141666666666667 0.115 0.15333333333333332
0 0.1915625 0.19416666666666665 0.101875 0.13666666666666666
0 0.3503125 0.11208333333333333 0.105625 0.14083333333333334
0 0.3590625 0.84625 0.104375 0.13916666666666666
0 0.6828125 0.8475 0.103125 0.13833333333333334
0 0.4446875 0.30541666666666667 0.101875 0.13583333333333333
0 0.4684375 0.52375 0.099375 0.1325
0 0.50375 0.5629166666666666 0.11 0.14583333333333334
0 0.06 0.2975 0.10875 0.145
0 0.5771875 0.8125 0.116875 0.15666666666666668
0 0.553125 0.25375 0.0925 0.1225
0 0.46375 0.14666666666666667 0.1075 0.14333333333333334
0 0.783125 0.59 0.11625 0.155
0 0.8925 0.8275 0.095 0.12666666666666668
0 0.420625 0.1725 0.10625 0.14166666666666666
0 0.45375 0.8620833333333333 0.08875 0.1175
0 0.1059375 0.6070833333333333 0.111875 0.14916666666666667
0 0.948125 0.7770833333333333 0.09375 0.12583333333333332
1 0.4784375 0.3925 0.119375 0.15833333333333333
1 0.8121875 0.6779166666666666 0.129375 0.1725