0 0.785625 0.18625 0.06375 0.0925
0 0.27875 0.6725 0.06875 0.10166666666666667
0 0.436875 0.5116666666666667 0.0675 0.105
0 0.585625 0.8725 0.06375 0.085
0 0.19875 0.09708333333333333 0.07 0.0975
0 0.6490625 0.44666666666666666 0.065625 0.08
0 0.2725 0.8970833333333333 0.07 0.0975
0 0.7328125 0.6495833333333333 0.066875 0.0875
0 0.435625 0.8566666666666667 0.05875 0.07166666666666667
0 0.815 0.05291666666666667 0.07 0.09916666666666667
0 0.711875 0.4266666666666667 0.065 0.08833333333333333
0 0.480625 0.7029166666666666 0.0625 0.08583333333333333
0 0.2071875 0.5816666666666667 0.069375 0.08166666666666667
0 0.529375 0.63125 0.06875 0.09583333333333334
0 0.623125 0.58625 0.07125 0.0975
0 0.359375 0.44458333333333333 0.0725 0.08916666666666667
1 0.3525 0.12041666666666667 0.07625 0.09583333333333334
0 0.4203125 0.73375 0.064375 0.09083333333333334
0 0.62625 0.17416666666666666 0.06125 0.07833333333333334
0 0.8078125 0.38958333333333334 0.064375 0.09083333333333334
0 0.6575 0.11083333333333334 0.055 0.08166666666666667
0 0.59 0.41375 0.05125 0.07916666666666666
0 0.3671875 0.755 0.055625 0.08666666666666667
0 0.4396875 0.28541666666666665 0.063125 0.0925
0 0.5021875 0.07375 0.056875 0.07416666666666667
0 0.731875 0.93625 0.08125 0.08083333333333333
0 0.27 0.18375 0.0575 0.07583333333333334
0 0.44 0.09041666666666667 0.05375 0.08083333333333333
0 0.5840625 0.33625 0.055625 0.07416666666666667
0 0.3265625 0.8279166666666666 0.073125 0.08583333333333333
0 0.6825 0.8183333333333334 0.05375 0.07666666666666666
0 0.48 0.53 0.06 0.09333333333333334
0 0.604375 0.23875 0.0675 0.0825
0 0.823125 0.2945833333333333 0.0625 0.0725
0 0.4909375 0.28041666666666665 0.058125 0.07916666666666666
0 0.1678125 0.8008333333333333 0.063125 0.09833333333333333
0 0.7878125 0.6845833333333333 0.059375 0.07583333333333334
0 0.5890625 0.7645833333333333 0.060625 0.08083333333333333
0 0.7565625 0.8658333333333333 0.051875 0.06833333333333333
0 0.1965625 0.38416666666666666 0.063125 0.07666666666666666
0 0.46625 0.21333333333333335 0.06 0.07166666666666667
0 0.4 0.35875 0.065 0.0725
0 0.17375 0.37041666666666667 0.06375 0.08416666666666667
0 0.6909375 0.5420833333333334 0.063125 0.09083333333333334
0 0.339375 0.945 0.0675 0.08
0 0.379375 0.28583333333333333 0.055 0.085
0 0.4075 0.16333333333333333 0.0525 0.075
0 0.58125 0.6654166666666667 0.05 0.059166666666666666
0 0.195 0.8941666666666667 0.07125 0.08333333333333333
0 0.4778125 0.44875 0.058125 0.07916666666666666
0 0.2284375 0.7995833333333333 0.054375 0.0675
0 0.774375 0.45125 0.0525 0.0675
0 0.6253125 0.7091666666666666 0.059375 0.08833333333333333
0 0.399375 0.5895833333333333 0.0575 0.0825
0 0.3915625 0.058333333333333334 0.061875 0.07666666666666666
0 0.20875 0.95 0.06625 0.09166666666666666
0 0.7990625 0.905 0.048125 0.07833333333333334
0 0.8025 0.7429166666666667 0.06375 0.0775
1 0.5234375 0.8316666666666667 0.115625 0.07833333333333334
0 0.7125 0.785 0.06625 0.075
0 0.8453125 0.17208333333333334 0.056875 0.08583333333333333
0 0.849375 0.48583333333333334 0.04875 0.07833333333333334
0 0.8059375 0.8029166666666666 0.050625 0.0825
0 0.846875 0.8691666666666666 0.055 0.08666666666666667
0 0.7715625 0.8154166666666667 0.058125 0.0675
0 0.7278125 0.59125 0.069375 0.12916666666666668
0 0.3353125 0.8745833333333334 0.059375 0.0675
0 0.3434375 0.7466666666666667 0.054375 0.06666666666666667
0 0.3159375 0.6875 0.068125 0.07333333333333333
0 0.3578125 0.52125 0.046875 0.06416666666666666
0 0.3 0.33958333333333335 0.05 0.07416666666666667
0 0.1821875 0.4920833333333333 0.050625 0.11583333333333333
0 0.19625 0.6408333333333334 0.0475 0.06666666666666667
0 0.51875 0.7058333333333333 0.07375 0.075
0 0.5225 0.7779166666666667 0.07 0.07583333333333334