0 0.3725 0.7625 0.095 0.12666666666666668
0 0.413125 0.8458333333333333 0.09125 0.12166666666666667
0 0.681875 0.485 0.0925 0.12333333333333334
0 0.7521875 0.5229166666666667 0.088125 0.1175
0 0.3615625 0.34833333333333333 0.094375 0.12666666666666668
0 0.708125 0.22083333333333333 0.09375 0.125
0 0.258125 0.095 0.105 0.14
0 0.3371875 0.4295833333333333 0.084375 0.1125
0 0.55 0.47791666666666666 0.10875 0.14583333333333334
0 0.543125 0.13083333333333333 0.08625 0.115
0 0.325625 0.0875 0.085 0.11333333333333333
0 0.345 0.8370833333333333 0.09125 0.1225
0 0.06125 0.2816666666666667 0.0875 0.11666666666666667
0 0.45125 0.6791666666666667 0.085 0.11333333333333333
0 0.4678125 0.5229166666666667 0.103125 0.1375
0 0.16625 0.3175 0.09 0.12
0 0.5609375 0.7220833333333333 0.085625 0.11416666666666667
0 0.608125 0.7908333333333334 0.08625 0.115
0 0.6365625 0.7104166666666667 0.091875 0.1225
0 0.098125 0.18083333333333335 0.08375 0.11166666666666666
0 0.474375 0.3308333333333333 0.0875 0.11666666666666667
0 0.758125 0.44 0.0875 0.11666666666666667
0 0.618125 0.5058333333333334 0.08625 0.115
0 0.25125 0.4658333333333333 0.09375 0.125
0 0.150625 0.5891666666666666 0.08375 0.11166666666666666
0 0.5946875 0.22583333333333333 0.101875 0.135
0 0.3053125 0.6279166666666667 0.081875 0.10916666666666666
0 0.6540625 0.17375 0.099375 0.1325
0 0.7990625 0.6879166666666666 0.095625 0.1275
0 0.275625 0.5583333333333333 0.0825 0.11
0 0.550625 0.7870833333333334 0.0925 0.1225
0 0.2928125 0.3645833333333333 0.080625 0.1075
0 0.1725 0.6504166666666666 0.09375 0.12416666666666666
0 0.1978125 0.23791666666666667 0.091875 0.1225
0 0.5715625 0.35833333333333334 0.098125 0.13
0 0.5378125 0.27541666666666664 0.096875 0.12916666666666668
0 0.2309375 0.6308333333333334 0.076875 0.10333333333333333
1 0.300625 0.23166666666666666 0.10375 0.13833333333333334
0 0.39625 0.22666666666666666 0.0875 0.11666666666666667
0 0.2403125 0.18291666666666667 0.099375 0.1325
0 0.5146875 0.2575 0.104375 0.14
1 0.3275 0.6825 0.11 0.14666666666666667
0 0.7415625 0.27458333333333335 0.075625 0.10083333333333333
0 0.9046875 0.3933333333333333 0.088125 0.11666666666666667
0 0.1703125 0.15125 0.085625 0.11416666666666667
0 0.3978125 0.28125 0.075625 0.10083333333333333
0 0.2478125 0.2966666666666667 0.078125 0.10333333333333333
0 0.92 0.6983333333333334 0.095 0.12666666666666668
0 0.33375 0.2891666666666667 0.075 0.1
1 0.1996875 0.71125 0.115625 0.15416666666666667
0 0.345 0.21 0.07375 0.09833333333333333
0 0.2378125 0.44083333333333335 0.088125 0.11833333333333333