0 0.7009375 0.3775 0.075625 0.095
0 0.5634375 0.5741666666666667 0.071875 0.09833333333333333
0 0.480625 0.5354166666666667 0.075 0.0875
0 0.6009375 0.2966666666666667 0.061875 0.095
0 0.4034375 0.53625 0.071875 0.09083333333333334
0 0.303125 0.15083333333333335 0.0675 0.08666666666666667
0 0.4728125 0.8158333333333333 0.064375 0.08166666666666667
0 0.1915625 0.8929166666666667 0.074375 0.0975
0 0.640625 0.1775 0.0675 0.125
0 0.5771875 0.9404166666666667 0.074375 0.1025
0 0.31125 0.2758333333333333 0.0725 0.12
0 0.54 0.84 0.07125 0.09166666666666666
0 0.286875 0.75625 0.0775 0.1125
0 0.3840625 0.3308333333333333 0.078125 0.12
0 0.4378125 0.7441666666666666 0.081875 0.11166666666666666
0 0.8384375 0.6508333333333334 0.073125 0.10666666666666667
0 0.2196875 0.06 0.084375 0.12
1 0.7203125 0.8541666666666666 0.084375 0.12666666666666668