0 0.53 0.3204166666666667 0.09875 0.13083333333333333
0 0.298125 0.38166666666666665 0.1025 0.13666666666666666
0 0.335625 0.6370833333333333 0.115 0.1525
0 0.5340625 0.84625 0.105625 0.14083333333333334
0 0.2196875 0.08375 0.089375 0.11916666666666667
0 0.5384375 0.22291666666666668 0.081875 0.10916666666666666
0 0.360625 0.2658333333333333 0.1075 0.14333333333333334
0 0.7178125 0.29041666666666666 0.101875 0.13583333333333333
0 0.153125 0.65125 0.09 0.12083333333333333
0 0.6 0.4658333333333333 0.1 0.13333333333333333
0 0.549375 0.6708333333333333 0.10125 0.135
0 0.3171875 0.78875 0.104375 0.13916666666666666
0 0.589375 0.28583333333333333 0.1075 0.14333333333333334
0 0.4290625 0.27416666666666667 0.090625 0.12
0 0.404375 0.7975 0.09375 0.125
0 0.155625 0.2916666666666667 0.12 0.16
0 0.6175 0.37083333333333335 0.09125 0.12166666666666667
0 0.3921875 0.8695833333333334 0.095625 0.1275
0 0.80625 0.57125 0.09 0.11916666666666667
0 0.0915625 0.3070833333333333 0.106875 0.1425
0 0.64875 0.22625 0.09125 0.12083333333333333
0 0.6590625 0.4216666666666667 0.091875 0.12166666666666667
0 0.0515625 0.41625 0.100625 0.13416666666666666
0 0.624375 0.10833333333333334 0.09 0.12
0 0.8053125 0.45875 0.109375 0.14583333333333334
0 0.6134375 0.5654166666666667 0.090625 0.12083333333333333
0 0.394375 0.7075 0.105 0.14
0 0.813125 0.6408333333333334 0.09875 0.13166666666666665
0 0.7603125 0.63 0.085625 0.115
0 0.9003125 0.47333333333333333 0.094375 0.12666666666666668
0 0.843125 0.7208333333333333 0.1075 0.14333333333333334
0 0.8640625 0.5375 0.118125 0.15833333333333333
0 0.8825 0.7829166666666667 0.11 0.1475
0 0.72625 0.4008333333333333 0.11375 0.15166666666666667
0 0.078125 0.19416666666666665 0.10125 0.135
0 0.8490625 0.8858333333333334 0.099375 0.13166666666666665
0 0.483125 0.4075 0.0925 0.12333333333333334
0 0.6859375 0.15541666666666668 0.100625 0.13416666666666666
0 0.796875 0.5008333333333334 0.095 0.12666666666666668
0 0.466875 0.5483333333333333 0.09375 0.125
0 0.4534375 0.46458333333333335 0.105625 0.14083333333333334
0 0.566875 0.075 0.08875 0.11833333333333333
0 0.33 0.325 0.085 0.11333333333333333
0 0.0534375 0.5454166666666667 0.089375 0.11916666666666667
1 0.3709375 0.11416666666666667 0.146875 0.19666666666666666
1 0.4125 0.6283333333333333 0.13625 0.18166666666666667
0 0.8428125 0.8420833333333333 0.089375 0.11916666666666667