0 0.3084375 0.33791666666666664 0.075625 0.10083333333333333
0 0.220625 0.27416666666666667 0.07125 0.09666666666666666
0 0.609375 0.08708333333333333 0.07625 0.10083333333333333
0 0.44875 0.5416666666666666 0.0675 0.09833333333333333
0 0.7546875 0.25166666666666665 0.075625 0.10333333333333333
0 0.7828125 0.14833333333333334 0.074375 0.10666666666666667
0 0.30125 0.6470833333333333 0.07 0.10583333333333333
0 0.6909375 0.055 0.069375 0.09666666666666666
0 0.433125 0.7579166666666667 0.08 0.11083333333333334
0 0.745 0.58 0.0725 0.11166666666666666
0 0.4946875 0.09 0.070625 0.09833333333333333
0 0.3021875 0.8095833333333333 0.066875 0.1025
0 0.5446875 0.66375 0.088125 0.09583333333333334
0 0.2534375 0.7379166666666667 0.081875 0.09583333333333334
0 0.468125 0.34958333333333336 0.08375 0.10583333333333333
0 0.6578125 0.3720833333333333 0.071875 0.09916666666666667
0 0.2125 0.81 0.07625 0.09
0 0.5234375 0.4425 0.069375 0.09166666666666666
0 0.5821875 0.5408333333333334 0.068125 0.09666666666666666
0 0.1775 0.18125 0.08125 0.08916666666666667
0 0.2921875 0.0875 0.068125 0.10666666666666667
0 0.7390625 0.19875 0.074375 0.09916666666666667
0 0.17 0.6204166666666666 0.065 0.09583333333333334
0 0.7228125 0.43375 0.064375 0.08916666666666667
0 0.3140625 0.9308333333333333 0.068125 0.10166666666666667
0 0.5028125 0.7370833333333333 0.065625 0.09916666666666667
0 0.3603125 0.11708333333333333 0.073125 0.0875
0 0.3015625 0.4820833333333333 0.076875 0.10083333333333333
0 0.6671875 0.8791666666666667 0.061875 0.09166666666666666
0 0.355625 0.70125 0.06625 0.10083333333333333
0 0.36625 0.45375 0.06875 0.08916666666666667
0 0.34375 0.7970833333333334 0.0725 0.0925
0 0.3621875 0.8554166666666667 0.075625 0.1075
0 0.7415625 0.83375 0.078125 0.10416666666666667
0 0.203125 0.8670833333333333 0.07375 0.08583333333333333
0 0.658125 0.2808333333333333 0.0775 0.09333333333333334
0 0.6465625 0.23458333333333334 0.075625 0.11583333333333333
0 0.5134375 0.47375 0.066875 0.09583333333333334
0 0.308125 0.18958333333333333 0.07125 0.1075
0 0.4440625 0.14291666666666666 0.061875 0.0925
0 0.715625 0.6741666666666667 0.0725 0.09333333333333334
0 0.825 0.2504166666666667 0.07375 0.0925
0 0.616875 0.4633333333333333 0.07625 0.08333333333333333
0 0.2253125 0.5566666666666666 0.075625 0.10833333333333334
0 0.49125 0.81875 0.07375 0.09416666666666666
0 0.8228125 0.6708333333333333 0.065625 0.09166666666666666
0 0.405625 0.07833333333333334 0.0775 0.08833333333333333
0 0.3609375 0.5345833333333333 0.063125 0.10916666666666666
0 0.6746875 0.5875 0.068125 0.10166666666666667
0 0.679375 0.5391666666666667 0.06875 0.09166666666666666
0 0.5846875 0.8275 0.083125 0.10166666666666667
0 0.7709375 0.73375 0.080625 0.0975
0 0.394375 0.6225 0.0775 0.12666666666666668
0 0.2334375 0.6479166666666667 0.071875 0.1025
0 0.4353125 0.06166666666666667 0.079375 0.09666666666666666
0 0.2390625 0.105 0.071875 0.12
0 0.4140625 0.32083333333333336 0.108125 0.11333333333333333
0 0.5740625 0.2975 0.048125 0.09166666666666666
0 0.564375 0.7954166666666667 0.07125 0.09416666666666666
0 0.6521875 0.9470833333333334 0.061875 0.09416666666666666
0 0.41 0.205 0.09125 0.10166666666666667
1 0.578125 0.3725 0.08875 0.10666666666666667
1 0.388125 0.24208333333333334 0.08 0.12083333333333333
0 0.4325 0.6491666666666667 0.07 0.10666666666666667
0 0.2975 0.25625 0.0725 0.08916666666666667