0 0.27125 0.67 0.10875 0.145
0 0.3796875 0.5820833333333333 0.108125 0.14416666666666667
0 0.244375 0.3125 0.11 0.14666666666666667
0 0.716875 0.9175 0.095 0.12666666666666668
0 0.65 0.23333333333333334 0.0925 0.12333333333333334
0 0.3534375 0.3254166666666667 0.101875 0.13583333333333333
0 0.0996875 0.37833333333333335 0.106875 0.14333333333333334
0 0.2321875 0.5791666666666667 0.098125 0.13166666666666665
0 0.46625 0.1475 0.09625 0.12833333333333333
0 0.660625 0.6916666666666667 0.09 0.12
0 0.8434375 0.4529166666666667 0.106875 0.1425
0 0.4759375 0.9029166666666667 0.101875 0.13583333333333333
0 0.2671875 0.8204166666666667 0.104375 0.13916666666666666
0 0.084375 0.21333333333333335 0.0975 0.13
0 0.2596875 0.23125 0.104375 0.13916666666666666
0 0.3190625 0.52625 0.111875 0.14916666666666667
0 0.525625 0.44083333333333335 0.0975 0.13
0 0.52125 0.33375 0.1025 0.1375
0 0.3390625 0.71375 0.106875 0.1425
0 0.5334375 0.5291666666666667 0.105625 0.14166666666666666
0 0.6903125 0.5329166666666667 0.104375 0.13916666666666666
0 0.6421875 0.15083333333333335 0.109375 0.14666666666666667
0 0.6184375 0.9233333333333333 0.098125 0.13166666666666665
0 0.74875 0.20041666666666666 0.09625 0.12916666666666668
0 0.42 0.3641666666666667 0.09375 0.125
0 0.78 0.8375 0.105 0.14
0 0.3953125 0.4475 0.101875 0.13666666666666666
0 0.7803125 0.5125 0.101875 0.13666666666666666
0 0.7453125 0.24375 0.096875 0.12916666666666668
0 0.46 0.4633333333333333 0.08875 0.11833333333333333
0 0.7365625 0.32958333333333334 0.101875 0.13583333333333333
0 0.356875 0.665 0.11 0.14666666666666667
0 0.735 0.66625 0.0925 0.1225
0 0.4790625 0.09458333333333334 0.095625 0.1275
0 0.9121875 0.43083333333333335 0.111875 0.15
0 0.57 0.4820833333333333 0.09375 0.12416666666666666
0 0.1440625 0.22791666666666666 0.101875 0.13583333333333333
0 0.7403125 0.505 0.103125 0.13833333333333334
0 0.7978125 0.7929166666666667 0.104375 0.13916666666666666
0 0.78625 0.6558333333333334 0.09375 0.125
0 0.75125 0.7045833333333333 0.08625 0.11583333333333333