0 0.628125 0.43625 0.0875 0.11583333333333333
0 0.4603125 0.5708333333333333 0.085625 0.11333333333333333
0 0.540625 0.5770833333333333 0.0875 0.11583333333333333
0 0.1440625 0.18333333333333332 0.089375 0.11833333333333333
0 0.394375 0.13416666666666666 0.09875 0.13166666666666665
0 0.1109375 0.4583333333333333 0.099375 0.13333333333333333
0 0.374375 0.85375 0.0775 0.10416666666666667
0 0.6721875 0.6970833333333334 0.096875 0.12916666666666668
0 0.909375 0.6333333333333333 0.09625 0.12833333333333333
0 0.3978125 0.6866666666666666 0.095625 0.12833333333333333
0 0.2221875 0.61375 0.095625 0.1275
0 0.40375 0.365 0.10125 0.135
0 0.53375 0.6891666666666667 0.10375 0.13833333333333334
0 0.69625 0.5666666666666667 0.1 0.13333333333333333
0 0.2971875 0.7233333333333334 0.106875 0.14333333333333334
0 0.4278125 0.8504166666666667 0.096875 0.12916666666666668
0 0.723125 0.25708333333333333 0.08875 0.1175
0 0.7915625 0.30291666666666667 0.099375 0.1325
0 0.874375 0.55375 0.09625 0.12916666666666668
0 0.2909375 0.48875 0.098125 0.13083333333333333
0 0.799375 0.8075 0.085 0.11333333333333333
0 0.29625 0.77375 0.1 0.1325
0 0.8278125 0.6120833333333333 0.084375 0.1125
0 0.7478125 0.75375 0.105625 0.14083333333333334
0 0.2253125 0.6858333333333333 0.084375 0.11166666666666666
0 0.1628125 0.6095833333333334 0.098125 0.13083333333333333
0 0.1765625 0.36125 0.093125 0.12416666666666666
0 0.1409375 0.5416666666666666 0.085625 0.115
0 0.7096875 0.32208333333333333 0.095625 0.1275
1 0.32125 0.27791666666666665 0.11625 0.15416666666666667
0 0.88875 0.3695833333333333 0.085 0.1125
0 0.8475 0.42916666666666664 0.09375 0.125
0 0.0675 0.23416666666666666 0.08875 0.11833333333333333
0 0.5740625 0.8125 0.099375 0.13166666666666665
0 0.8121875 0.73875 0.108125 0.14416666666666667
0 0.7321875 0.15541666666666668 0.083125 0.11083333333333334
0 0.855625 0.6683333333333333 0.08625 0.115
0 0.8440625 0.8441666666666666 0.099375 0.13333333333333333