0 0.335 0.12916666666666668 0.06375 0.09166666666666666
0 0.6234375 0.14291666666666666 0.065625 0.08916666666666667
0 0.440625 0.7795833333333333 0.07375 0.10583333333333333
0 0.6628125 0.04416666666666667 0.053125 0.08
0 0.564375 0.20583333333333334 0.05875 0.08833333333333333
0 0.4321875 0.6454166666666666 0.076875 0.10916666666666666
0 0.543125 0.8229166666666666 0.07 0.10583333333333333
0 0.5784375 0.05 0.065625 0.09333333333333334
0 0.345 0.2529166666666667 0.075 0.1025
0 0.3946875 0.31833333333333336 0.071875 0.09666666666666666
0 0.17 0.7241666666666666 0.07875 0.10833333333333334
0 0.2315625 0.16 0.065625 0.085
0 0.4478125 0.25083333333333335 0.080625 0.10333333333333333
0 0.1746875 0.34375 0.073125 0.10416666666666667
0 0.4321875 0.9170833333333334 0.063125 0.08583333333333333
0 0.696875 0.4375 0.0725 0.10166666666666667
0 0.3690625 0.4008333333333333 0.065625 0.095
0 0.5090625 0.46708333333333335 0.078125 0.0975
0 0.3246875 0.4766666666666667 0.076875 0.10833333333333334
0 0.26625 0.4320833333333333 0.0775 0.10083333333333333
0 0.3609375 0.6145833333333334 0.070625 0.1125
0 0.7278125 0.8566666666666667 0.078125 0.10333333333333333
0 0.4825 0.057916666666666665 0.05125 0.08583333333333333
0 0.211875 0.62625 0.0775 0.09416666666666666
0 0.7975 0.7770833333333333 0.0675 0.07583333333333334
0 0.4734375 0.5625 0.078125 0.09666666666666666
0 0.5725 0.45 0.07875 0.10333333333333333
0 0.30875 0.5645833333333333 0.06625 0.0925
0 0.5878125 0.2891666666666667 0.070625 0.10166666666666667
0 0.813125 0.3283333333333333 0.06875 0.10333333333333333
0 0.579375 0.33541666666666664 0.06875 0.0925
0 0.7665625 0.4945833333333333 0.068125 0.09083333333333334
0 0.5234375 0.1175 0.071875 0.09833333333333333
0 0.2015625 0.43125 0.066875 0.09916666666666667
0 0.508125 0.6058333333333333 0.075 0.085
0 0.1571875 0.9383333333333334 0.064375 0.08666666666666667
0 0.195625 0.5308333333333334 0.07625 0.1
0 0.4471875 0.09708333333333333 0.058125 0.0875
0 0.39 0.20791666666666667 0.05625 0.08083333333333333
0 0.30125 0.34625 0.08125 0.10583333333333333
0 0.708125 0.9329166666666666 0.0775 0.09916666666666667
0 0.4196875 0.5070833333333333 0.081875 0.09583333333333334
0 0.7634375 0.86625 0.064375 0.0975
1 0.4146875 0.14875 0.079375 0.11583333333333333
0 0.5046875 0.12833333333333333 0.069375 0.095
0 0.403125 0.45666666666666667 0.075 0.07166666666666667