0 0.5309375 0.23625 0.105625 0.14083333333333334
0 0.4603125 0.8675 0.104375 0.13833333333333334
0 0.7540625 0.44416666666666665 0.103125 0.13666666666666666
0 0.109375 0.5041666666666667 0.105 0.14
0 0.9325 0.41291666666666665 0.10375 0.1375
0 0.85875 0.32083333333333336 0.11875 0.15833333333333333
0 0.45375 0.07916666666666666 0.11125 0.14833333333333334
0 0.463125 0.25333333333333335 0.11375 0.15166666666666667
0 0.25 0.4295833333333333 0.10875 0.14583333333333334
0 0.38375 0.6691666666666667 0.09875 0.13166666666666665
0 0.4078125 0.5308333333333334 0.103125 0.13833333333333334
0 0.4753125 0.6504166666666666 0.113125 0.15083333333333335
0 0.636875 0.7366666666666667 0.1125 0.15
0 0.7478125 0.34791666666666665 0.119375 0.15916666666666668
0 0.82125 0.4375 0.1075 0.14333333333333334
0 0.5965625 0.5708333333333333 0.108125 0.145
0 0.153125 0.8445833333333334 0.105 0.14083333333333334
0 0.68 0.505 0.12 0.16
0 0.686875 0.8679166666666667 0.105 0.13916666666666666
0 0.535625 0.7266666666666667 0.1125 0.15
0 0.7053125 0.13625 0.101875 0.13583333333333333
0 0.41625 0.37 0.105 0.14
0 0.351875 0.8983333333333333 0.10625 0.14166666666666666
0 0.374375 0.12375 0.11 0.14583333333333334
0 0.1815625 0.4716666666666667 0.099375 0.13166666666666665
0 0.754375 0.5745833333333333 0.1075 0.14416666666666667
0 0.8575 0.5775 0.1075 0.14333333333333334
0 0.4953125 0.49875 0.105625 0.14083333333333334
0 0.5671875 0.81875 0.100625 0.13416666666666666
0 0.47 0.5683333333333334 0.1 0.13333333333333333
0 0.570625 0.48625 0.11 0.14583333333333334
0 0.1809375 0.5766666666666667 0.101875 0.13666666666666666
0 0.464375 0.16166666666666665 0.10875 0.145
0 0.6328125 0.4216666666666667 0.111875 0.14833333333333334
0 0.8053125 0.7075 0.109375 0.145
0 0.25 0.9166666666666666 0.10875 0.145
0 0.7746875 0.21208333333333335 0.114375 0.1525
0 0.838125 0.06416666666666666 0.09625 0.12833333333333333
0 0.8603125 0.4370833333333333 0.113125 0.15083333333333335
0 0.3265625 0.48 0.103125 0.13666666666666666
0 0.375625 0.31833333333333336 0.0925 0.12333333333333334
0 0.4125 0.4575 0.10875 0.145
0 0.8721875 0.17208333333333334 0.100625 0.13416666666666666
0 0.0584375 0.4820833333333333 0.111875 0.14916666666666667
0 0.486875 0.77625 0.1 0.13416666666666666
0 0.7490625 0.24208333333333334 0.113125 0.15083333333333335
0 0.2990625 0.6954166666666667 0.105625 0.14083333333333334
0 0.301875 0.6570833333333334 0.0975 0.12916666666666668
0 0.8275 0.09916666666666667 0.12 0.16