0 0.6109375 0.44416666666666665 0.104375 0.13833333333333334
0 0.7384375 0.20541666666666666 0.083125 0.11083333333333334
0 0.5434375 0.6591666666666667 0.093125 0.125
0 0.5578125 0.49041666666666667 0.089375 0.11916666666666667
0 0.7959375 0.14666666666666667 0.090625 0.12
0 0.7546875 0.4525 0.088125 0.11833333333333333
0 0.888125 0.2708333333333333 0.09375 0.125
0 0.52125 0.93375 0.09 0.11916666666666667
0 0.4403125 0.41041666666666665 0.088125 0.1175
0 0.8253125 0.24791666666666667 0.091875 0.1225
0 0.693125 0.53 0.0875 0.11666666666666667
0 0.4871875 0.33458333333333334 0.085625 0.11416666666666667
0 0.866875 0.1775 0.09625 0.12833333333333333
0 0.621875 0.22666666666666666 0.08875 0.11833333333333333
0 0.5903125 0.16083333333333333 0.101875 0.135
0 0.80875 0.375 0.10375 0.13833333333333334
0 0.1140625 0.5983333333333334 0.090625 0.12166666666666667
0 0.615625 0.6491666666666667 0.08625 0.115
0 0.68125 0.44166666666666665 0.09625 0.12833333333333333
0 0.4178125 0.30083333333333334 0.088125 0.11666666666666667
0 0.546875 0.26958333333333334 0.09375 0.12416666666666666
0 0.706875 0.12791666666666668 0.09 0.12083333333333333
0 0.46625 0.07375 0.105 0.14083333333333334
0 0.855625 0.12 0.09 0.12
0 0.6534375 0.3620833333333333 0.091875 0.1225
0 0.49125 0.595 0.1025 0.13666666666666666
0 0.6275 0.7345833333333334 0.08875 0.11916666666666667
0 0.200625 0.7275 0.1 0.13333333333333333
0 0.4090625 0.16625 0.088125 0.1175
0 0.2671875 0.7779166666666667 0.089375 0.11916666666666667
0 0.3015625 0.16708333333333333 0.083125 0.11083333333333334
0 0.3515625 0.23666666666666666 0.095625 0.12833333333333333
0 0.3575 0.6375 0.095 0.12666666666666668
0 0.2275 0.6908333333333333 0.09375 0.125
0 0.9134375 0.35208333333333336 0.086875 0.11583333333333333
0 0.503125 0.16 0.08125 0.10833333333333334
0 0.6665625 0.16208333333333333 0.095625 0.1275
0 0.2621875 0.5 0.083125 0.11166666666666666
0 0.695 0.60625 0.09375 0.12583333333333332
0 0.4515625 0.21958333333333332 0.084375 0.1125
0 0.1990625 0.4891666666666667 0.085625 0.115
0 0.595 0.3258333333333333 0.0875 0.11666666666666667
0 0.12625 0.5308333333333334 0.07625 0.10166666666666667
0 0.7253125 0.74625 0.094375 0.12583333333333332
0 0.7371875 0.34541666666666665 0.099375 0.1325
0 0.07875 0.43625 0.07875 0.10583333333333333
0 0.4590625 0.7170833333333333 0.088125 0.1175
0 0.6665625 0.2920833333333333 0.089375 0.11916666666666667
0 0.3390625 0.44958333333333333 0.095625 0.1275
0 0.8015625 0.56625 0.095625 0.1275
0 0.1846875 0.59875 0.085625 0.11416666666666667
0 0.278125 0.8854166666666666 0.09375 0.12583333333333332
0 0.49125 0.47541666666666665 0.09375 0.12416666666666666
0 0.1734375 0.6495833333333333 0.093125 0.12416666666666666
0 0.5896875 0.73 0.098125 0.13166666666666665
0 0.635 0.8808333333333334 0.08875 0.11833333333333333
0 0.341875 0.5458333333333333 0.1 0.13333333333333333
0 0.164375 0.805 0.09875 0.13166666666666665
0 0.52125 0.7495833333333334 0.0875 0.1175
0 0.9296875 0.19791666666666666 0.095625 0.1275
0 0.2965625 0.37375 0.085625 0.11416666666666667
0 0.2609375 0.5995833333333334 0.084375 0.1125
0 0.24875 0.30416666666666664 0.10125 0.135
0 0.299375 0.7116666666666667 0.09625 0.12833333333333333
0 0.733125 0.6241666666666666 0.08375 0.11166666666666666
0 0.0625 0.5283333333333333 0.085 0.11333333333333333
0 0.571875 0.3625 0.0925 0.12333333333333334
0 0.59625 0.5854166666666667 0.1 0.13416666666666666
0 0.24875 0.21375 0.08 0.10583333333333333
0 0.5734375 0.08041666666666666 0.094375 0.12583333333333332
0 0.0875 0.7075 0.08625 0.115
0 0.216875 0.4479166666666667 0.085 0.1125
0 0.050625 0.6666666666666666 0.08375 0.11166666666666666
0 0.8609375 0.64875 0.091875 0.1225
0 0.6284375 0.5633333333333334 0.084375 0.11333333333333333
0 0.7625 0.30791666666666667 0.09375 0.12583333333333332
0 0.9040625 0.56625 0.093125 0.12416666666666666
0 0.36875 0.3616666666666667 0.09625 0.12833333333333333
0 0.849375 0.4579166666666667 0.08375 0.1125
0 0.34375 0.9225 0.08875 0.11833333333333333
0 0.824375 0.4708333333333333 0.10125 0.135
0 0.878125 0.36833333333333335 0.095 0.12666666666666668
0 0.5496875 0.83375 0.093125 0.12416666666666666
0 0.9525 0.285 0.07375 0.09833333333333333
0 0.436875 0.88 0.1125 0.15
0 0.37375 0.6783333333333333 0.09 0.12
0 0.47625 0.86375 0.09875 0.13083333333333333
0 0.420625 0.50375 0.08625 0.11583333333333333
0 0.20625 0.8970833333333333 0.0975 0.12916666666666668
0 0.3309375 0.7904166666666667 0.088125 0.1175
0 0.345 0.13166666666666665 0.09 0.12
1 0.381875 0.46166666666666667 0.11 0.14666666666666667
1 0.3959375 0.8341666666666666 0.163125 0.21666666666666667
0 0.1615625 0.8570833333333333 0.089375 0.11916666666666667
0 0.1625 0.9383333333333334 0.09125 0.12166666666666667
0 0.063125 0.6316666666666667 0.095 0.12666666666666668
0 0.1096875 0.7070833333333333 0.080625 0.1075
0 0.08 0.50125 0.07375 0.09916666666666667
0 0.1590625 0.3595833333333333 0.084375 0.1125
0 0.0978125 0.4395833333333333 0.076875 0.1025
0 0.1853125 0.36541666666666667 0.076875 0.1025
0 0.2715625 0.22333333333333333 0.076875 0.10333333333333333
0 0.2328125 0.4195833333333333 0.081875 0.10916666666666666
0 0.3846875 0.32666666666666666 0.085625 0.115
0 0.2746875 0.3433333333333333 0.083125 0.11166666666666666
0 0.3659375 0.5404166666666667 0.075625 0.10083333333333333
0 0.4446875 0.5133333333333333 0.089375 0.11833333333333333
0 0.2959375 0.6716666666666666 0.076875 0.10333333333333333
0 0.2265625 0.8566666666666667 0.076875 0.10166666666666667
0 0.4953125 0.7245833333333334 0.080625 0.1075
0 0.400625 0.7033333333333334 0.07875 0.105
0 0.3571875 0.7591666666666667 0.075625 0.10166666666666667
0 0.641875 0.8433333333333334 0.075 0.1
0 0.5678125 0.86625 0.084375 0.1125
0 0.576875 0.8141666666666667 0.08125 0.10833333333333334
0 0.8328125 0.5645833333333333 0.084375 0.1125
0 0.8696875 0.48375 0.084375 0.1125
0 0.763125 0.73875 0.07875 0.10583333333333333
0 0.7465625 0.64875 0.088125 0.1175
0 0.6375 0.6570833333333334 0.08125 0.10916666666666666
0 0.6478125 0.7595833333333334 0.086875 0.11583333333333333
0 0.6903125 0.27875 0.084375 0.1125
0 0.7503125 0.22666666666666666 0.093125 0.125
0 0.9071875 0.5245833333333333 0.078125 0.10416666666666667
0 0.7303125 0.11625 0.078125 0.10416666666666667
0 0.35875 0.17416666666666666 0.0725 0.09666666666666666
0 0.4640625 0.24083333333333334 0.088125 0.11666666666666667
0 0.52125 0.18416666666666667 0.08625 0.115
0 0.555 0.24208333333333334 0.07375 0.09916666666666667
0 0.1840625 0.57125 0.076875 0.1025
0 0.2459375 0.5754166666666667 0.079375 0.10583333333333333
0 0.485625 0.45166666666666666 0.08125 0.10833333333333334
0 0.414375 0.14166666666666666 0.0825 0.11