0 0.614375 0.51125 0.06125 0.0825
0 0.743125 0.05625 0.0625 0.07916666666666666
0 0.3878125 0.17875 0.068125 0.08416666666666667
0 0.345625 0.48625 0.05875 0.0825
0 0.4990625 0.10583333333333333 0.066875 0.08166666666666667
0 0.2078125 0.76 0.058125 0.07833333333333334
0 0.439375 0.5208333333333334 0.065 0.08666666666666667
0 0.7071875 0.9245833333333333 0.054375 0.08583333333333333
0 0.5746875 0.3729166666666667 0.065625 0.09083333333333334
0 0.585 0.7725 0.0725 0.10166666666666667
0 0.3915625 0.2608333333333333 0.066875 0.075
0 0.4065625 0.05291666666666667 0.061875 0.08583333333333333
0 0.7925 0.8558333333333333 0.06625 0.08166666666666667
0 0.3134375 0.8425 0.068125 0.08833333333333333
0 0.5834375 0.16958333333333334 0.068125 0.08083333333333333
0 0.4340625 0.9 0.069375 0.10833333333333334
0 0.8375 0.5441666666666667 0.05875 0.09333333333333334
0 0.6221875 0.3308333333333333 0.059375 0.08833333333333333
0 0.2621875 0.6408333333333334 0.068125 0.09833333333333333
0 0.5575 0.4979166666666667 0.05875 0.07583333333333334
0 0.4340625 0.6333333333333333 0.071875 0.095
0 0.779375 0.34125 0.06 0.09083333333333334
0 0.24875 0.26875 0.0675 0.08083333333333333
0 0.4009375 0.7216666666666667 0.074375 0.10166666666666667
0 0.325 0.6395833333333333 0.0725 0.10083333333333333
0 0.7303125 0.6258333333333334 0.066875 0.07833333333333334
0 0.8353125 0.6941666666666667 0.058125 0.08833333333333333
0 0.263125 0.4116666666666667 0.06875 0.08666666666666667
0 0.2790625 0.15208333333333332 0.063125 0.08916666666666667
0 0.405625 0.4058333333333333 0.06375 0.09666666666666666
0 0.2075 0.59375 0.08 0.0925
0 0.789375 0.7704166666666666 0.06625 0.08083333333333333
0 0.5253125 0.4175 0.054375 0.08
0 0.24375 0.34958333333333336 0.07125 0.07583333333333334
0 0.4709375 0.33458333333333334 0.068125 0.08583333333333333
0 0.1771875 0.35333333333333333 0.060625 0.08333333333333333
0 0.5203125 0.3 0.061875 0.09166666666666666
0 0.7228125 0.7341666666666666 0.060625 0.08166666666666667
0 0.83375 0.39208333333333334 0.07125 0.09583333333333334
0 0.2334375 0.17625 0.073125 0.0875
0 0.171875 0.28458333333333335 0.06125 0.0925
0 0.5115625 0.9120833333333334 0.063125 0.08416666666666667
0 0.27375 0.29625 0.07125 0.09583333333333334
0 0.4884375 0.5933333333333334 0.069375 0.08
0 0.1553125 0.8704166666666666 0.058125 0.08916666666666667
0 0.165 0.20875 0.07375 0.06916666666666667
0 0.3184375 0.2075 0.060625 0.095
0 0.468125 0.3825 0.0725 0.09166666666666666
0 0.8378125 0.81875 0.064375 0.0925
0 0.6984375 0.6658333333333334 0.078125 0.07666666666666666