0 0.798125 0.9058333333333334 0.0975 0.13
0 0.25375 0.445 0.095 0.12666666666666668
0 0.645 0.27416666666666667 0.1 0.13333333333333333
0 0.3309375 0.47375 0.101875 0.13583333333333333
0 0.113125 0.47041666666666665 0.0825 0.10916666666666666
0 0.0596875 0.25875 0.090625 0.12083333333333333
0 0.736875 0.48541666666666666 0.09125 0.1225
0 0.4534375 0.9279166666666666 0.088125 0.1175
0 0.903125 0.42791666666666667 0.085 0.1125
0 0.2565625 0.5666666666666667 0.100625 0.13333333333333333
0 0.3421875 0.5695833333333333 0.098125 0.13083333333333333
0 0.8021875 0.80125 0.101875 0.13583333333333333
0 0.2234375 0.07458333333333333 0.104375 0.13916666666666666
0 0.433125 0.12666666666666668 0.09875 0.13166666666666665
0 0.04875 0.38375 0.0875 0.1175
0 0.1275 0.37958333333333333 0.0875 0.11583333333333333
0 0.3878125 0.43041666666666667 0.086875 0.11583333333333333
0 0.5628125 0.8329166666666666 0.080625 0.1075
0 0.2475 0.7133333333333334 0.085 0.11333333333333333
0 0.72875 0.2725 0.09875 0.13166666666666665
0 0.51125 0.20166666666666666 0.08625 0.115
0 0.7225 0.655 0.09125 0.12166666666666667
0 0.6859375 0.5529166666666666 0.090625 0.12083333333333333
0 0.7375 0.785 0.11125 0.14833333333333334
0 0.63625 0.1675 0.08125 0.10833333333333334
0 0.258125 0.305 0.08625 0.115
0 0.155 0.13583333333333333 0.08125 0.10833333333333334
0 0.551875 0.4483333333333333 0.08 0.10666666666666667
0 0.3684375 0.2 0.086875 0.11666666666666667
0 0.2996875 0.14625 0.094375 0.12583333333333332
0 0.136875 0.6491666666666667 0.08 0.10666666666666667
0 0.300625 0.23458333333333334 0.0825 0.10916666666666666
0 0.5359375 0.7395833333333334 0.105625 0.14083333333333334
0 0.3746875 0.9104166666666667 0.090625 0.12083333333333333
0 0.0875 0.5470833333333334 0.0925 0.12416666666666666
0 0.2421875 0.19333333333333333 0.083125 0.11
0 0.7846875 0.37958333333333333 0.080625 0.1075
0 0.495 0.37125 0.08 0.1075
0 0.3659375 0.13916666666666666 0.086875 0.115
0 0.3040625 0.37625 0.076875 0.1025
0 0.1578125 0.5754166666666667 0.079375 0.10583333333333333
0 0.784375 0.30416666666666664 0.08875 0.11833333333333333
0 0.1825 0.7091666666666666 0.0825 0.11
0 0.74 0.84375 0.08125 0.1075
0 0.54625 0.31958333333333333 0.09125 0.12083333333333333
0 0.4225 0.8458333333333333 0.0775 0.10333333333333333
0 0.405625 0.7316666666666667 0.10125 0.135
0 0.394375 0.5341666666666667 0.1 0.13333333333333333
0 0.4525 0.5516666666666666 0.08875 0.11833333333333333
0 0.1775 0.48875 0.08375 0.11083333333333334
0 0.0496875 0.4875 0.089375 0.12
0 0.51 0.8508333333333333 0.08875 0.11833333333333333
0 0.44125 0.32416666666666666 0.09375 0.125
0 0.9203125 0.7645833333333333 0.093125 0.12416666666666666
0 0.649375 0.8341666666666666 0.10125 0.135
0 0.4528125 0.4525 0.089375 0.12
0 0.175625 0.31625 0.075 0.09916666666666667
0 0.8803125 0.63625 0.081875 0.10916666666666666
0 0.45875 0.23791666666666667 0.08875 0.11916666666666667
0 0.4934375 0.25333333333333335 0.094375 0.12666666666666668
0 0.8115625 0.73125 0.094375 0.12583333333333332
0 0.7984375 0.6266666666666667 0.093125 0.125
0 0.6090625 0.40458333333333335 0.083125 0.11083333333333334
0 0.184375 0.4075 0.09375 0.125
0 0.3403125 0.30833333333333335 0.078125 0.105
0 0.445625 0.18375 0.09875 0.13083333333333333
0 0.520625 0.5983333333333334 0.0925 0.12333333333333334
0 0.35 0.8645833333333334 0.07625 0.10083333333333333
0 0.50375 0.6941666666666667 0.08875 0.11833333333333333
0 0.6578125 0.7758333333333334 0.079375 0.10666666666666667
0 0.5178125 0.5383333333333333 0.088125 0.11666666666666667
0 0.5425 0.64 0.09375 0.125
0 0.588125 0.8966666666666666 0.075 0.1
0 0.913125 0.5516666666666666 0.07375 0.09833333333333333
0 0.779375 0.53625 0.0875 0.1175
0 0.72375 0.37333333333333335 0.09375 0.125
0 0.4890625 0.07291666666666667 0.076875 0.1025
0 0.1528125 0.205 0.109375 0.14666666666666667
0 0.8353125 0.43875 0.080625 0.1075
0 0.06125 0.36333333333333334 0.0725 0.09666666666666666
0 0.0528125 0.5245833333333333 0.094375 0.12583333333333332
0 0.2728125 0.14291666666666666 0.070625 0.09416666666666666
0 0.3240625 0.215 0.091875 0.12166666666666667
0 0.3875 0.225 0.0775 0.10333333333333333
0 0.2809375 0.35541666666666666 0.090625 0.12083333333333333
0 0.165625 0.2941666666666667 0.08 0.10666666666666667
0 0.4815625 0.7454166666666666 0.088125 0.1175
0 0.4515625 0.7479166666666667 0.075625 0.10083333333333333
0 0.511875 0.8829166666666667 0.0725 0.0975
0 0.4515625 0.8583333333333333 0.079375 0.105
0 0.1940625 0.6870833333333334 0.081875 0.10916666666666666
0 0.183125 0.21416666666666667 0.10375 0.13833333333333334
0 0.6296875 0.68625 0.090625 0.12083333333333333
0 0.6421875 0.8804166666666666 0.088125 0.1175
0 0.6790625 0.14416666666666667 0.088125 0.11666666666666667
0 0.585 0.06708333333333333 0.0775 0.10416666666666667
0 0.87375 0.4975 0.07 0.09333333333333334
0 0.80875 0.55 0.08 0.10666666666666667
0 0.8196875 0.5766666666666667 0.070625 0.09333333333333334
0 0.9275 0.7016666666666667 0.0875 0.11666666666666667
0 0.9075 0.71 0.08 0.10666666666666667
0 0.888125 0.6841666666666667 0.08 0.10666666666666667
0 0.8625 0.87375 0.09875 0.13083333333333333
0 0.899375 0.8566666666666667 0.08 0.10666666666666667
0 0.60625 0.9054166666666666 0.08 0.10583333333333333
0 0.58375 0.8220833333333334 0.08 0.1075
0 0.5290625 0.8679166666666667 0.086875 0.11583333333333333
0 0.33625 0.8325 0.07875 0.105
0 0.2803125 0.8454166666666667 0.085625 0.11416666666666667
0 0.1921875 0.57125 0.078125 0.10416666666666667
0 0.2640625 0.6970833333333334 0.088125 0.1175
0 0.3578125 0.32208333333333333 0.089375 0.11916666666666667
0 0.488125 0.4683333333333333 0.07875 0.105
0 0.694375 0.6733333333333333 0.07625 0.10166666666666667
0 0.9075 0.4875 0.0925 0.12333333333333334
0 0.9078125 0.5283333333333333 0.090625 0.12
0 0.7490625 0.32916666666666666 0.088125 0.11666666666666667
0 0.578125 0.3254166666666667 0.0925 0.12416666666666666
0 0.5875 0.4075 0.0825 0.11
0 0.6284375 0.33 0.084375 0.11166666666666666
0 0.7534375 0.37875 0.086875 0.11583333333333333
0 0.8475 0.38458333333333333 0.07125 0.09416666666666666
0 0.61375 0.7254166666666667 0.075 0.10083333333333333
0 0.590625 0.6266666666666667 0.09375 0.125
0 0.4565625 0.5966666666666667 0.090625 0.12166666666666667
0 0.6715625 0.7329166666666667 0.098125 0.13083333333333333
0 0.2165625 0.5579166666666666 0.094375 0.12583333333333332
0 0.8653125 0.65875 0.091875 0.1225
0 0.3696875 0.3491666666666667 0.074375 0.1
0 0.39875 0.3616666666666667 0.0725 0.09666666666666666
0 0.4521875 0.49541666666666667 0.084375 0.1125
0 0.1759375 0.45 0.084375 0.11166666666666666
0 0.161875 0.4075 0.09125 0.12166666666666667
0 0.760625 0.19583333333333333 0.085 0.11333333333333333
0 0.50125 0.3925 0.07875 0.105