0 0.4796875 0.7625 0.056875 0.08166666666666667
0 0.34875 0.7245833333333334 0.065 0.09416666666666666
0 0.6896875 0.6345833333333334 0.073125 0.0875
0 0.5271875 0.29041666666666666 0.069375 0.08416666666666667
0 0.6346875 0.38 0.073125 0.1
0 0.8996875 0.8245833333333333 0.065625 0.10083333333333333
0 0.87 0.7070833333333333 0.06625 0.09416666666666666
0 0.7865625 0.11125 0.066875 0.09083333333333334
0 0.113125 0.20791666666666667 0.0575 0.09083333333333334
0 0.18125 0.42041666666666666 0.06375 0.09583333333333334
0 0.7328125 0.4483333333333333 0.056875 0.08333333333333333
0 0.151875 0.8029166666666666 0.06125 0.09583333333333334
0 0.6378125 0.05375 0.061875 0.08416666666666667
0 0.49125 0.9016666666666666 0.0675 0.09333333333333334
0 0.458125 0.08708333333333333 0.06875 0.0975
0 0.795 0.425 0.07 0.09333333333333334
0 0.06 0.04875 0.0725 0.08916666666666667
0 0.6846875 0.325 0.056875 0.08333333333333333
0 0.223125 0.23375 0.07 0.09583333333333334
0 0.59625 0.8570833333333333 0.06875 0.09416666666666666
0 0.0796875 0.825 0.073125 0.10166666666666667
0 0.8996875 0.17125 0.068125 0.09083333333333334
0 0.325625 0.13125 0.0625 0.0925
0 0.9540625 0.12791666666666668 0.061875 0.0925
0 0.164375 0.89 0.06875 0.08833333333333333
0 0.225 0.7241666666666666 0.08 0.07833333333333334
0 0.044375 0.20041666666666666 0.07875 0.0975
0 0.614375 0.13583333333333333 0.06625 0.085
0 0.1040625 0.10708333333333334 0.058125 0.0825
0 0.5196875 0.7095833333333333 0.075625 0.1025
0 0.2865625 0.5758333333333333 0.078125 0.1
0 0.6478125 0.24541666666666667 0.074375 0.0825
0 0.079375 0.61875 0.07625 0.0875
0 0.915 0.6375 0.0725 0.115
0 0.3775 0.34541666666666665 0.07 0.09583333333333334
0 0.943125 0.755 0.0625 0.105
0 0.0978125 0.3304166666666667 0.063125 0.1175
0 0.669375 0.4979166666666667 0.07 0.08083333333333333
0 0.4571875 0.17916666666666667 0.066875 0.08333333333333333
0 0.7240625 0.8858333333333334 0.059375 0.10333333333333333
1 0.88 0.2625 0.0875 0.11
0 0.5178125 0.19583333333333333 0.066875 0.09166666666666666
0 0.73 0.56625 0.04625 0.07916666666666666
0 0.4971875 0.225 0.073125 0.08666666666666667