0 0.484375 0.8341666666666666 0.08625 0.115
0 0.7253125 0.44375 0.099375 0.1325
0 0.543125 0.4191666666666667 0.08625 0.115
0 0.5084375 0.5466666666666666 0.081875 0.10833333333333334
0 0.4465625 0.4708333333333333 0.085625 0.115
0 0.4225 0.5491666666666667 0.08875 0.11833333333333333
0 0.8359375 0.09708333333333333 0.085625 0.11416666666666667
0 0.2096875 0.8804166666666666 0.085625 0.11416666666666667
0 0.1509375 0.34125 0.089375 0.11916666666666667
0 0.3403125 0.6391666666666667 0.101875 0.13666666666666666
0 0.6559375 0.3545833333333333 0.080625 0.1075
0 0.290625 0.9170833333333334 0.09125 0.12083333333333333
0 0.3078125 0.19208333333333333 0.105625 0.14083333333333334
0 0.6034375 0.5558333333333333 0.089375 0.11833333333333333
0 0.7375 0.7425 0.095 0.12666666666666668
0 0.2346875 0.76875 0.095625 0.1275
0 0.385 0.0725 0.095 0.12666666666666668
0 0.1546875 0.66375 0.100625 0.13416666666666666
0 0.6465625 0.9345833333333333 0.084375 0.1125
0 0.1203125 0.40625 0.089375 0.11916666666666667
0 0.77875 0.27958333333333335 0.09 0.11916666666666667
0 0.0465625 0.6929166666666666 0.093125 0.12416666666666666
0 0.4303125 0.71 0.079375 0.105
0 0.4309375 0.17083333333333334 0.095625 0.12833333333333333
0 0.7946875 0.3854166666666667 0.088125 0.1175
0 0.621875 0.19333333333333333 0.09125 0.12166666666666667
0 0.42625 0.8316666666666667 0.0925 0.12333333333333334
0 0.3365625 0.29375 0.099375 0.1325
0 0.398125 0.79625 0.08 0.1075
0 0.330625 0.4608333333333333 0.08875 0.11833333333333333
0 0.3840625 0.2833333333333333 0.101875 0.13666666666666666
0 0.7553125 0.10208333333333333 0.085625 0.11416666666666667
0 0.7225 0.5483333333333333 0.09375 0.125
0 0.7965625 0.7304166666666667 0.085625 0.11416666666666667
1 0.7328125 0.21958333333333332 0.099375 0.1325
0 0.6215625 0.6295833333333334 0.095625 0.1275
0 0.9146875 0.4870833333333333 0.095625 0.1275
0 0.1746875 0.5479166666666667 0.094375 0.12583333333333332
0 0.9175 0.5775 0.09875 0.13166666666666665
0 0.2396875 0.36875 0.078125 0.10416666666666667
0 0.0996875 0.5445833333333333 0.095625 0.1275
0 0.6640625 0.19041666666666668 0.095625 0.1275
0 0.9175 0.21583333333333332 0.08875 0.11833333333333333
0 0.79125 0.17416666666666666 0.0975 0.13
0 0.8421875 0.5770833333333333 0.090625 0.12083333333333333
0 0.6775 0.65 0.0925 0.12333333333333334
0 0.7809375 0.64 0.095625 0.12666666666666668
0 0.9371875 0.28 0.091875 0.12166666666666667
0 0.6378125 0.87125 0.076875 0.1025
0 0.9328125 0.34125 0.075625 0.10083333333333333
0 0.9421875 0.4116666666666667 0.081875 0.10833333333333334
0 0.139375 0.7816666666666666 0.09 0.12
0 0.245 0.315 0.09375 0.125
0 0.3496875 0.9025 0.083125 0.11166666666666666
0 0.84625 0.5370833333333334 0.08625 0.11583333333333333
0 0.8403125 0.4395833333333333 0.095625 0.1275
0 0.4628125 0.08583333333333333 0.094375 0.125
0 0.7378125 0.6316666666666667 0.079375 0.10666666666666667
0 0.64875 0.7833333333333333 0.1075 0.14333333333333334