0 0.5634375 0.63375 0.090625 0.12083333333333333
0 0.40875 0.39875 0.10125 0.13416666666666666
0 0.464375 0.8283333333333334 0.09 0.12
0 0.404375 0.12 0.09 0.12
0 0.7740625 0.53125 0.104375 0.13916666666666666
0 0.9009375 0.23541666666666666 0.094375 0.12583333333333332
0 0.420625 0.7308333333333333 0.08625 0.115
0 0.096875 0.73375 0.08625 0.11583333333333333
0 0.0921875 0.5279166666666667 0.106875 0.1425
0 0.436875 0.9033333333333333 0.08875 0.11833333333333333
0 0.5421875 0.15791666666666668 0.085625 0.11416666666666667
0 0.558125 0.74625 0.09875 0.13083333333333333
0 0.1715625 0.6708333333333333 0.101875 0.13666666666666666
0 0.4125 0.57375 0.0825 0.11083333333333334
0 0.7803125 0.16708333333333333 0.086875 0.11583333333333333
0 0.6678125 0.8470833333333333 0.098125 0.13083333333333333
0 0.3496875 0.24041666666666667 0.093125 0.12416666666666666
0 0.8590625 0.41791666666666666 0.081875 0.10916666666666666
0 0.259375 0.8675 0.10125 0.135
0 0.83875 0.6158333333333333 0.10625 0.14166666666666666
0 0.2075 0.33916666666666667 0.07875 0.105
0 0.27125 0.7783333333333333 0.09875 0.13166666666666665
0 0.9028125 0.32125 0.091875 0.1225
0 0.1421875 0.8191666666666667 0.096875 0.13
0 0.85625 0.10208333333333333 0.09375 0.12583333333333332
0 0.3121875 0.5379166666666667 0.089375 0.11916666666666667
1 0.1253125 0.43125 0.100625 0.13416666666666666
0 0.235 0.27416666666666667 0.10375 0.13833333333333334
0 0.7934375 0.39208333333333334 0.085625 0.11416666666666667
1 0.218125 0.7783333333333333 0.1175 0.15666666666666668
0 0.6303125 0.18958333333333333 0.098125 0.13083333333333333
0 0.15625 0.44916666666666666 0.095 0.12666666666666668
0 0.4934375 0.5466666666666666 0.103125 0.13666666666666666
0 0.5928125 0.19291666666666665 0.083125 0.11083333333333334