0 0.4625 0.5983333333333334 0.105 0.14
0 0.335625 0.5983333333333334 0.08 0.10666666666666667
0 0.280625 0.43083333333333335 0.09875 0.13166666666666665
0 0.4315625 0.8791666666666667 0.080625 0.10666666666666667
0 0.746875 0.5045833333333334 0.0825 0.10916666666666666
0 0.431875 0.16083333333333333 0.08875 0.11833333333333333
0 0.5990625 0.3720833333333333 0.091875 0.1225
0 0.6746875 0.5808333333333333 0.088125 0.11666666666666667
0 0.4059375 0.2579166666666667 0.098125 0.13083333333333333
0 0.6909375 0.3854166666666667 0.085625 0.11416666666666667
0 0.2390625 0.7133333333333334 0.093125 0.125
0 0.554375 0.5154166666666666 0.0825 0.11083333333333334
0 0.513125 0.7804166666666666 0.08875 0.11916666666666667
0 0.7040625 0.21958333333333332 0.085625 0.11416666666666667
1 0.4971875 0.19208333333333333 0.111875 0.14916666666666667
0 0.6440625 0.51625 0.088125 0.1175
0 0.548125 0.7166666666666667 0.09 0.12
0 0.8871875 0.325 0.095625 0.12833333333333333
0 0.18625 0.4841666666666667 0.08375 0.11166666666666666
0 0.06125 0.5854166666666667 0.09875 0.13083333333333333
0 0.1053125 0.58125 0.095625 0.1275
0 0.3578125 0.43083333333333335 0.081875 0.11
0 0.285 0.2758333333333333 0.0825 0.11
0 0.809375 0.15375 0.08375 0.1125
0 0.2340625 0.305 0.075625 0.1
0 0.511875 0.6491666666666667 0.0875 0.11666666666666667
0 0.4578125 0.45416666666666666 0.081875 0.11
0 0.93125 0.45125 0.08625 0.11583333333333333
0 0.32125 0.925 0.08375 0.11166666666666666
0 0.6003125 0.11208333333333333 0.081875 0.10916666666666666
0 0.061875 0.455 0.0825 0.11
0 0.0865625 0.7270833333333333 0.079375 0.10583333333333333
0 0.61875 0.24333333333333335 0.08875 0.11833333333333333
0 0.318125 0.22916666666666666 0.08375 0.11166666666666666
0 0.51875 0.11666666666666667 0.0825 0.11
0 0.845625 0.2679166666666667 0.08375 0.11083333333333334
0 0.665625 0.10333333333333333 0.0975 0.13
0 0.721875 0.6479166666666667 0.085 0.1125
0 0.5415625 0.9354166666666667 0.084375 0.1125
0 0.81375 0.3858333333333333 0.0775 0.10333333333333333
0 0.3409375 0.6745833333333333 0.086875 0.11583333333333333
0 0.358125 0.14 0.08 0.10666666666666667
0 0.4959375 0.35041666666666665 0.081875 0.10916666666666666
0 0.2809375 0.17958333333333334 0.085625 0.11416666666666667
0 0.8359375 0.09833333333333333 0.089375 0.11833333333333333
0 0.6109375 0.7170833333333333 0.098125 0.13083333333333333
0 0.650625 0.3325 0.0775 0.10333333333333333
0 0.528125 0.4475 0.08375 0.11166666666666666
0 0.88875 0.395 0.08875 0.11833333333333333
0 0.1509375 0.6079166666666667 0.079375 0.10583333333333333
1 0.3728125 0.32458333333333333 0.118125 0.1575
0 0.153125 0.8225 0.09625 0.12833333333333333
0 0.689375 0.8116666666666666 0.075 0.1
0 0.576875 0.88375 0.0875 0.1175
0 0.280625 0.7666666666666667 0.07875 0.105
0 0.7565625 0.06625 0.088125 0.1175
0 0.394375 0.6754166666666667 0.0875 0.11583333333333333
0 0.2571875 0.82375 0.075625 0.10083333333333333
0 0.9103125 0.49833333333333335 0.080625 0.10833333333333334
0 0.305 0.8520833333333333 0.07375 0.0975
0 0.811875 0.5475 0.07625 0.10166666666666667
0 0.475 0.7129166666666666 0.0825 0.10916666666666666
0 0.791875 0.4820833333333333 0.08 0.1075
0 0.530625 0.2575 0.06875 0.09166666666666666
0 0.2103125 0.5595833333333333 0.090625 0.12083333333333333
0 0.2115625 0.7933333333333333 0.084375 0.11166666666666666
1 0.31375 0.14291666666666666 0.1125 0.15083333333333335
0 0.5759375 0.1125 0.093125 0.12333333333333334
0 0.674375 0.27375 0.08625 0.11416666666666667
0 0.7228125 0.09291666666666666 0.076875 0.1025
0 0.8025 0.7179166666666666 0.08875 0.1175
0 0.6509375 0.85875 0.075625 0.10083333333333333
0 0.0896875 0.8370833333333333 0.086875 0.11583333333333333
0 0.8390625 0.5054166666666666 0.085625 0.11416666666666667