0 0.448125 0.3129166666666667 0.0725 0.0975
0 0.4071875 0.40458333333333335 0.084375 0.11416666666666667
0 0.3234375 0.42083333333333334 0.079375 0.11
0 0.80875 0.43666666666666665 0.06875 0.10666666666666667
0 0.315 0.06125 0.08875 0.10416666666666667
0 0.6190625 0.8133333333333334 0.065625 0.09
0 0.17625 0.5679166666666666 0.085 0.10583333333333333
0 0.1725 0.08791666666666667 0.07375 0.0975
0 0.19125 0.18 0.07625 0.09333333333333334
0 0.364375 0.21125 0.07875 0.10083333333333333
0 0.5153125 0.5345833333333333 0.090625 0.11083333333333334
0 0.3265625 0.5291666666666667 0.076875 0.09333333333333334
0 0.4428125 0.06625 0.076875 0.0925
0 0.25375 0.655 0.07125 0.11166666666666666
0 0.7975 0.12208333333333334 0.0725 0.09416666666666666
0 0.565 0.86375 0.0725 0.0925
0 0.3146875 0.9220833333333334 0.070625 0.10083333333333333
0 0.6225 0.6241666666666666 0.07625 0.10333333333333333
0 0.60375 0.505 0.07375 0.11
0 0.7328125 0.44916666666666666 0.068125 0.10166666666666667
0 0.2878125 0.16625 0.075625 0.1025
0 0.2715625 0.3129166666666667 0.078125 0.09583333333333334
0 0.69875 0.8491666666666666 0.08125 0.105
0 0.3315625 0.6466666666666666 0.083125 0.10166666666666667
0 0.3903125 0.7254166666666667 0.089375 0.09916666666666667
0 0.6775 0.7170833333333333 0.07625 0.10416666666666667
0 0.7771875 0.65125 0.076875 0.10416666666666667
0 0.4528125 0.49291666666666667 0.088125 0.09916666666666667
0 0.3953125 0.9175 0.096875 0.08
0 0.33125 0.8616666666666667 0.0775 0.075