0 0.2128125 0.57875 0.071875 0.0875
0 0.7346875 0.2554166666666667 0.060625 0.08083333333333333
0 0.575 0.2920833333333333 0.06125 0.08083333333333333
0 0.7115625 0.8825 0.063125 0.07666666666666666
0 0.33 0.09041666666666667 0.06 0.07583333333333334
0 0.808125 0.5625 0.0575 0.07833333333333334
0 0.2028125 0.6841666666666667 0.068125 0.08
0 0.6265625 0.14958333333333335 0.059375 0.07083333333333333
0 0.44125 0.5566666666666666 0.06375 0.07833333333333334
0 0.2 0.3545833333333333 0.0625 0.08083333333333333
0 0.2175 0.7704166666666666 0.05875 0.08083333333333333
0 0.466875 0.765 0.065 0.095
0 0.81625 0.77625 0.065 0.0775
0 0.28125 0.3670833333333333 0.07 0.08083333333333333
0 0.0484375 0.46 0.060625 0.08166666666666667
0 0.3809375 0.7691666666666667 0.069375 0.08666666666666667
0 0.454375 0.40708333333333335 0.075 0.09416666666666666
0 0.254375 0.43583333333333335 0.065 0.07666666666666666
0 0.3 0.8866666666666667 0.06375 0.085
0 0.32625 0.45625 0.06125 0.0875
0 0.8 0.175 0.06 0.08666666666666667
0 0.0921875 0.31416666666666665 0.065625 0.09
0 0.295625 0.7291666666666666 0.06625 0.08333333333333333
0 0.1134375 0.65125 0.071875 0.08583333333333333
0 0.3621875 0.3929166666666667 0.061875 0.07916666666666666
0 0.6428125 0.9275 0.070625 0.09166666666666666
0 0.10125 0.42083333333333334 0.07375 0.09333333333333334
0 0.540625 0.5775 0.0625 0.08666666666666667
0 0.640625 0.3595833333333333 0.0725 0.08083333333333333
1 0.4471875 0.6545833333333333 0.081875 0.09916666666666667
0 0.401875 0.3025 0.075 0.07666666666666666
0 0.434375 0.855 0.06 0.08833333333333333
0 0.4821875 0.04833333333333333 0.059375 0.08166666666666667
0 0.6246875 0.725 0.078125 0.09
0 0.50625 0.5033333333333333 0.065 0.08
0 0.823125 0.8595833333333334 0.06 0.08083333333333333
0 0.81625 0.08625 0.06875 0.09416666666666666
0 0.5875 0.66375 0.0875 0.08916666666666667
0 0.880625 0.12875 0.07375 0.0925
0 0.1271875 0.82375 0.070625 0.0925
0 0.8259375 0.49291666666666667 0.055625 0.0825
0 0.6865625 0.5945833333333334 0.068125 0.0725
0 0.6028125 0.6325 0.068125 0.08666666666666667
0 0.5209375 0.435 0.080625 0.08
0 0.9596875 0.675 0.065625 0.1
0 0.900625 0.1575 0.06625 0.08166666666666667
0 0.85875 0.84625 0.0675 0.0925
0 0.035 0.9229166666666667 0.07 0.10583333333333333
0 0.7696875 0.5075 0.069375 0.09666666666666666
0 0.3821875 0.8420833333333333 0.068125 0.0675
0 0.64 0.2866666666666667 0.06 0.07166666666666667
0 0.7115625 0.6541666666666667 0.070625 0.06666666666666667
0 0.1528125 0.7541666666666667 0.068125 0.08166666666666667
0 0.785625 0.95625 0.07125 0.08416666666666667
0 0.9090625 0.71375 0.073125 0.07916666666666666
0 0.6421875 0.41791666666666666 0.060625 0.08083333333333333
0 0.8559375 0.51375 0.063125 0.0825
1 0.2634375 0.19833333333333333 0.075625 0.14333333333333334