0 0.8853125 0.5245833333333333 0.091875 0.1225
0 0.1634375 0.40041666666666664 0.094375 0.12583333333333332
0 0.4846875 0.09875 0.095625 0.1275
0 0.7425 0.32083333333333336 0.08875 0.11833333333333333
0 0.2103125 0.33541666666666664 0.084375 0.1125
0 0.10375 0.4425 0.09125 0.12166666666666667
0 0.9071875 0.43125 0.093125 0.12416666666666666
0 0.63 0.5054166666666666 0.1025 0.1375
0 0.1428125 0.7470833333333333 0.101875 0.13583333333333333
0 0.1884375 0.5191666666666667 0.089375 0.11833333333333333
0 0.2015625 0.60125 0.086875 0.11583333333333333
0 0.6984375 0.2658333333333333 0.085625 0.115
0 0.5959375 0.23583333333333334 0.110625 0.14666666666666667
0 0.859375 0.36916666666666664 0.09625 0.12833333333333333
0 0.1528125 0.6779166666666666 0.091875 0.1225
0 0.2196875 0.6758333333333333 0.100625 0.13333333333333333
0 0.255 0.5479166666666667 0.10125 0.13416666666666666
0 0.719375 0.5875 0.095 0.12666666666666668
0 0.7953125 0.7204166666666667 0.098125 0.13083333333333333
0 0.4640625 0.20875 0.090625 0.12083333333333333
0 0.7734375 0.47833333333333333 0.099375 0.13333333333333333
0 0.293125 0.6579166666666667 0.1075 0.1425
0 0.43375 0.635 0.10125 0.135
0 0.8196875 0.5370833333333334 0.078125 0.10416666666666667
0 0.291875 0.5629166666666666 0.1025 0.1375
0 0.335 0.3258333333333333 0.0925 0.12333333333333334
0 0.4515625 0.89375 0.106875 0.1425
0 0.3740625 0.7420833333333333 0.110625 0.1475
0 0.38625 0.38458333333333333 0.0975 0.13083333333333333
0 0.7084375 0.5054166666666666 0.098125 0.13083333333333333
0 0.805 0.62625 0.09375 0.12416666666666666
0 0.7965625 0.19625 0.096875 0.12916666666666668
0 0.633125 0.7929166666666667 0.09625 0.1275
0 0.808125 0.15916666666666668 0.10125 0.135
0 0.809375 0.2866666666666667 0.1025 0.13666666666666666
0 0.063125 0.74375 0.0975 0.12916666666666668
0 0.8509375 0.29125 0.079375 0.10583333333333333
0 0.7346875 0.40041666666666664 0.094375 0.12583333333333332
0 0.53875 0.23041666666666666 0.08 0.1075
0 0.3484375 0.18666666666666668 0.083125 0.11
0 0.5021875 0.59125 0.104375 0.13916666666666666
0 0.3096875 0.13791666666666666 0.090625 0.12083333333333333
0 0.384375 0.5945833333333334 0.105 0.14083333333333334
0 0.365 0.41833333333333333 0.09375 0.125
0 0.7078125 0.8495833333333334 0.098125 0.13083333333333333
1 0.2496875 0.2575 0.115625 0.155
0 0.92625 0.2658333333333333 0.08625 0.115
0 0.38875 0.18125 0.09 0.11916666666666667
0 0.5834375 0.7254166666666667 0.096875 0.12916666666666668
0 0.393125 0.275 0.09875 0.13166666666666665
0 0.375625 0.6420833333333333 0.11 0.1475
0 0.2196875 0.8229166666666666 0.095625 0.1275
0 0.855 0.5945833333333334 0.08375 0.1125
0 0.7665625 0.10375 0.093125 0.12416666666666666
0 0.253125 0.17791666666666667 0.08 0.1075
0 0.889375 0.25083333333333335 0.0875 0.11666666666666667
0 0.42875 0.13333333333333333 0.08 0.10666666666666667
0 0.671875 0.6875 0.09125 0.12166666666666667
1 0.4975 0.7925 0.11375 0.15166666666666667
1 0.2865625 0.7520833333333333 0.149375 0.19916666666666666
0 0.9471875 0.3620833333333333 0.103125 0.1375
0 0.83875 0.62375 0.095 0.12583333333333332
0 0.554375 0.6991666666666667 0.09375 0.125
0 0.5334375 0.6658333333333334 0.088125 0.11833333333333333
0 0.4971875 0.6675 0.086875 0.11666666666666667
0 0.8321875 0.20333333333333334 0.100625 0.135
0 0.2896875 0.29375 0.083125 0.11083333333333334
0 0.1634375 0.915 0.090625 0.12
0 0.1984375 0.87875 0.081875 0.10916666666666666
0 0.241875 0.91625 0.08375 0.1125
0 0.6721875 0.8195833333333333 0.099375 0.1325
0 0.409375 0.24666666666666667 0.085 0.11333333333333333
0 0.44625 0.22458333333333333 0.09125 0.12083333333333333
0 0.0740625 0.7933333333333333 0.100625 0.13333333333333333
0 0.305 0.9170833333333334 0.095 0.12583333333333332