0 0.940625 0.25708333333333333 0.07625 0.09416666666666666
0 0.0378125 0.7929166666666667 0.069375 0.10083333333333333
0 0.8440625 0.8308333333333333 0.063125 0.09166666666666666
0 0.36 0.5679166666666666 0.07375 0.0975
0 0.42875 0.6229166666666667 0.08625 0.1125
0 0.4409375 0.7341666666666666 0.081875 0.105
0 0.4525 0.0875 0.08 0.09166666666666666
0 0.1709375 0.745 0.078125 0.11833333333333333
0 0.7353125 0.34041666666666665 0.066875 0.0875
0 0.5509375 0.9304166666666667 0.079375 0.1125
0 0.129375 0.8841666666666667 0.07375 0.11
0 0.1909375 0.935 0.073125 0.09833333333333333
0 0.26 0.91 0.07 0.10166666666666667
0 0.2834375 0.6791666666666667 0.075625 0.105
0 0.5259375 0.47875 0.083125 0.12083333333333333
0 0.5221875 0.73 0.069375 0.10166666666666667
0 0.1746875 0.5745833333333333 0.069375 0.1025
0 0.61625 0.8275 0.08375 0.095
0 0.2165625 0.1025 0.070625 0.09666666666666666
0 0.773125 0.4125 0.06875 0.09666666666666666
0 0.905 0.16041666666666668 0.08375 0.1025
0 0.1 0.3408333333333333 0.08 0.09333333333333334
0 0.14125 0.13166666666666665 0.08 0.10666666666666667
0 0.8165625 0.74625 0.075625 0.09416666666666666
0 0.8496875 0.2866666666666667 0.061875 0.095
0 0.593125 0.3358333333333333 0.0775 0.10166666666666667
0 0.50375 0.36083333333333334 0.0825 0.09833333333333333
0 0.461875 0.18875 0.07625 0.09083333333333334
0 0.2496875 0.78125 0.076875 0.10083333333333333
0 0.3596875 0.8029166666666666 0.071875 0.10416666666666667
0 0.7625 0.23416666666666666 0.07875 0.10833333333333334
0 0.8796875 0.60375 0.078125 0.09916666666666667
0 0.909375 0.895 0.07375 0.095
0 0.6103125 0.72375 0.075625 0.11083333333333334
0 0.955625 0.81625 0.075 0.09916666666666667
0 0.6690625 0.6454166666666666 0.074375 0.11916666666666667
0 0.1015625 0.6520833333333333 0.069375 0.09083333333333334
0 0.935625 0.47041666666666665 0.065 0.11416666666666667
0 0.663125 0.2625 0.07875 0.10166666666666667
0 0.899375 0.41625 0.07625 0.0875
0 0.61375 0.12958333333333333 0.07875 0.1025
0 0.495 0.5620833333333334 0.075 0.1175
0 0.0759375 0.3775 0.065625 0.12333333333333334
0 0.11625 0.2658333333333333 0.08 0.09833333333333333
0 0.813125 0.63875 0.06 0.12916666666666668
0 0.913125 0.30833333333333335 0.06625 0.105
0 0.77125 0.7241666666666666 0.05625 0.10333333333333333