0 0.50625 0.31916666666666665 0.10625 0.14166666666666666
0 0.6065625 0.46958333333333335 0.108125 0.14416666666666667
0 0.638125 0.31333333333333335 0.1125 0.15
0 0.895625 0.5608333333333333 0.1025 0.13666666666666666
0 0.5959375 0.11208333333333333 0.098125 0.13083333333333333
0 0.5778125 0.9204166666666667 0.099375 0.1325
0 0.7209375 0.82875 0.098125 0.13083333333333333
0 0.109375 0.18833333333333332 0.09375 0.125
0 0.73375 0.47583333333333333 0.10625 0.14166666666666666
0 0.88625 0.6266666666666667 0.1025 0.13666666666666666
0 0.648125 0.6516666666666666 0.10375 0.13833333333333334
0 0.374375 0.385 0.1175 0.15666666666666668
0 0.5190625 0.7616666666666667 0.103125 0.13666666666666666
0 0.0940625 0.3641666666666667 0.105625 0.14
0 0.226875 0.11791666666666667 0.115 0.1525
0 0.349375 0.285 0.09625 0.12833333333333333
0 0.2565625 0.4041666666666667 0.106875 0.14333333333333334
0 0.5075 0.21833333333333332 0.1 0.13333333333333333
0 0.231875 0.28708333333333336 0.09875 0.1325
0 0.2365625 0.7466666666666667 0.110625 0.14666666666666667
0 0.45125 0.82875 0.11625 0.15583333333333332
0 0.733125 0.31875 0.10375 0.1375
0 0.5284375 0.55125 0.098125 0.13083333333333333
0 0.7190625 0.24666666666666667 0.096875 0.12833333333333333
0 0.278125 0.5079166666666667 0.1 0.13416666666666666
0 0.7740625 0.74875 0.089375 0.11916666666666667
0 0.675 0.625 0.1 0.13333333333333333
0 0.7771875 0.2970833333333333 0.104375 0.13916666666666666
0 0.158125 0.25833333333333336 0.1075 0.14333333333333334
0 0.215 0.6020833333333333 0.09375 0.12583333333333332
0 0.8359375 0.7579166666666667 0.098125 0.13083333333333333
0 0.60125 0.7254166666666667 0.10875 0.14416666666666667
0 0.49125 0.4175 0.10625 0.14166666666666666
0 0.7040625 0.7220833333333333 0.108125 0.14416666666666667
0 0.1071875 0.5520833333333334 0.106875 0.1425
0 0.3971875 0.78125 0.093125 0.12416666666666666
0 0.4046875 0.7245833333333334 0.104375 0.13916666666666666
0 0.4534375 0.6904166666666667 0.108125 0.14416666666666667
0 0.92875 0.49166666666666664 0.1 0.13333333333333333
0 0.8378125 0.34958333333333336 0.105625 0.14083333333333334
0 0.74 0.9208333333333333 0.095 0.12666666666666668
0 0.5859375 0.76 0.093125 0.12333333333333334
0 0.2490625 0.6266666666666667 0.091875 0.12333333333333334
0 0.91125 0.8229166666666666 0.0975 0.13083333333333333
0 0.9115625 0.7491666666666666 0.100625 0.13333333333333333
0 0.8721875 0.4995833333333333 0.100625 0.13416666666666666
0 0.871875 0.7554166666666666 0.10125 0.13583333333333333
0 0.480625 0.6158333333333333 0.09125 0.12166666666666667
1 0.4290625 0.60625 0.120625 0.16083333333333333