0 0.3975 0.25958333333333333 0.10375 0.13916666666666666
0 0.3425 0.5941666666666666 0.1 0.13333333333333333
0 0.85875 0.09958333333333333 0.0975 0.12916666666666668
0 0.74875 0.10916666666666666 0.10375 0.13833333333333334
0 0.815 0.4066666666666667 0.0925 0.12333333333333334
0 0.2425 0.765 0.095 0.12666666666666668
0 0.93375 0.4166666666666667 0.10125 0.135
0 0.309375 0.12916666666666668 0.0925 0.12333333333333334
0 0.431875 0.43333333333333335 0.1 0.13333333333333333
0 0.81125 0.17791666666666667 0.1025 0.13583333333333333
0 0.47 0.8608333333333333 0.10875 0.145
0 0.724375 0.7208333333333333 0.095 0.12666666666666668
0 0.64625 0.6616666666666666 0.09375 0.125
0 0.8009375 0.25833333333333336 0.091875 0.12166666666666667
0 0.086875 0.7925 0.095 0.12666666666666668
0 0.8709375 0.35291666666666666 0.103125 0.1375
0 0.33125 0.31708333333333333 0.1025 0.1375
0 0.85 0.6383333333333333 0.09875 0.13166666666666665
0 0.26 0.91875 0.09 0.12083333333333333
0 0.5940625 0.46 0.114375 0.15333333333333332
0 0.219375 0.645 0.1 0.13333333333333333
0 0.6015625 0.7045833333333333 0.098125 0.13083333333333333
0 0.3659375 0.8429166666666666 0.096875 0.12916666666666668
0 0.403125 0.9170833333333334 0.0975 0.12916666666666668
0 0.2046875 0.6995833333333333 0.103125 0.1375
0 0.550625 0.7775 0.1025 0.13666666666666666
0 0.2396875 0.5170833333333333 0.099375 0.1325
0 0.6946875 0.19458333333333333 0.103125 0.1375
0 0.495625 0.21625 0.1025 0.13583333333333333
0 0.715 0.6375 0.095 0.12666666666666668
0 0.7525 0.5966666666666667 0.10125 0.135
0 0.3165625 0.48041666666666666 0.086875 0.11583333333333333
0 0.6728125 0.7520833333333333 0.095625 0.1275
0 0.455 0.7716666666666666 0.1025 0.13666666666666666
0 0.7484375 0.7991666666666667 0.106875 0.14166666666666666
0 0.759375 0.18416666666666667 0.09375 0.125
0 0.3384375 0.9104166666666667 0.094375 0.12583333333333332
0 0.28875 0.6845833333333333 0.1025 0.13583333333333333
0 0.5140625 0.7329166666666667 0.094375 0.12583333333333332
0 0.829375 0.5933333333333334 0.10625 0.14166666666666666
0 0.69625 0.8791666666666667 0.10375 0.13833333333333334
0 0.325625 0.7804166666666666 0.11 0.14583333333333334
0 0.2303125 0.4608333333333333 0.086875 0.115
0 0.271875 0.44166666666666665 0.10875 0.145
1 0.701875 0.31 0.10375 0.13833333333333334