0 0.50625 0.2708333333333333 0.0675 0.09833333333333333
0 0.523125 0.16416666666666666 0.065 0.085
0 0.824375 0.7016666666666667 0.07 0.085
0 0.0653125 0.09833333333333333 0.059375 0.08666666666666667
0 0.9025 0.535 0.0575 0.085
0 0.244375 0.6145833333333334 0.06375 0.0975
0 0.8715625 0.8704166666666666 0.064375 0.0825
0 0.785 0.8891666666666667 0.06625 0.08833333333333333
0 0.8434375 0.5741666666666667 0.063125 0.09333333333333334
0 0.4728125 0.09125 0.065625 0.09583333333333334
0 0.4615625 0.20583333333333334 0.054375 0.08166666666666667
0 0.6378125 0.23875 0.054375 0.0725
0 0.305 0.18166666666666667 0.0775 0.10833333333333334
0 0.9496875 0.16875 0.071875 0.10416666666666667
0 0.5309375 0.40958333333333335 0.061875 0.09083333333333334
0 0.1309375 0.7045833333333333 0.069375 0.0825
0 0.17875 0.6391666666666667 0.0725 0.09333333333333334
0 0.6928125 0.8016666666666666 0.059375 0.08333333333333333
0 0.736875 0.95625 0.05 0.07416666666666667
0 0.3109375 0.2629166666666667 0.058125 0.08416666666666667
0 0.80875 0.31333333333333335 0.07125 0.09
0 0.9584375 0.3541666666666667 0.070625 0.08833333333333333
0 0.576875 0.22333333333333333 0.05625 0.085
0 0.1765625 0.5554166666666667 0.054375 0.06916666666666667
0 0.9440625 0.9154166666666667 0.064375 0.08416666666666667
0 0.3103125 0.9179166666666667 0.065625 0.08583333333333333
0 0.6184375 0.74625 0.059375 0.0825
0 0.34125 0.33166666666666667 0.0575 0.08166666666666667
0 0.87125 0.6370833333333333 0.05625 0.09083333333333334
0 0.945 0.08541666666666667 0.055 0.08416666666666667
0 0.3709375 0.08708333333333333 0.071875 0.08583333333333333
0 0.8825 0.34458333333333335 0.06625 0.08916666666666667
0 0.1828125 0.8525 0.058125 0.08833333333333333
0 0.34 0.83625 0.07 0.0775
0 0.546875 0.5575 0.06 0.07166666666666667
0 0.4871875 0.7995833333333333 0.064375 0.0875
0 0.843125 0.79 0.065 0.08666666666666667
0 0.4253125 0.6666666666666666 0.065625 0.07833333333333334
0 0.0875 0.33958333333333335 0.05 0.0925
0 0.5784375 0.08458333333333333 0.066875 0.0775
0 0.794375 0.4 0.0575 0.065
0 0.91875 0.7941666666666667 0.0725 0.08166666666666667
0 0.126875 0.4345833333333333 0.0575 0.07083333333333333
0 0.6728125 0.31583333333333335 0.088125 0.07666666666666666
0 0.2084375 0.38375 0.056875 0.07583333333333334
0 0.5875 0.31875 0.0625 0.08416666666666667
0 0.944375 0.4725 0.06125 0.085
0 0.1671875 0.7970833333333334 0.059375 0.09083333333333334
0 0.5653125 0.46375 0.070625 0.0975
0 0.5378125 0.8595833333333334 0.054375 0.08416666666666667
0 0.4590625 0.40875 0.064375 0.0875
0 0.089375 0.6008333333333333 0.0575 0.07666666666666666
0 0.5653125 0.7920833333333334 0.055625 0.0875
0 0.3884375 0.6958333333333333 0.053125 0.08
0 0.683125 0.16166666666666665 0.07 0.09333333333333334
0 0.7734375 0.78375 0.073125 0.0825
0 0.27875 0.36083333333333334 0.06375 0.095
0 0.465 0.5670833333333334 0.065 0.0725
0 0.6278125 0.83125 0.065625 0.0875
0 0.1115625 0.8258333333333333 0.055625 0.08666666666666667
0 0.5075 0.6658333333333334 0.05875 0.07166666666666667
0 0.5621875 0.9483333333333334 0.075625 0.09
0 0.375625 0.2604166666666667 0.07125 0.08083333333333333
0 0.2146875 0.10041666666666667 0.063125 0.0875
0 0.7590625 0.8454166666666667 0.064375 0.08416666666666667
0 0.6659375 0.63 0.063125 0.07666666666666666
0 0.6884375 0.54625 0.063125 0.09583333333333334
0 0.6734375 0.9020833333333333 0.065625 0.08416666666666667
0 0.2234375 0.7 0.054375 0.08
0 0.748125 0.5279166666666667 0.05625 0.07083333333333333
0 0.7821875 0.08708333333333333 0.055625 0.07083333333333333
0 0.8803125 0.18 0.061875 0.06833333333333333
0 0.6275 0.4345833333333333 0.06875 0.0825
0 0.7284375 0.44166666666666665 0.071875 0.085
0 0.1621875 0.155 0.069375 0.085
0 0.1171875 0.08083333333333333 0.074375 0.09
0 0.405625 0.06041666666666667 0.06375 0.0775
0 0.8059375 0.4820833333333333 0.046875 0.0825
0 0.455625 0.4845833333333333 0.06 0.07583333333333334
0 0.735 0.27125 0.06 0.0725
0 0.1028125 0.8779166666666667 0.058125 0.07916666666666666
0 0.8509375 0.25 0.063125 0.09
0 0.576875 0.6370833333333333 0.05875 0.0725
0 0.4190625 0.4083333333333333 0.063125 0.07833333333333334
0 0.214375 0.7295833333333334 0.05 0.08583333333333333
0 0.3621875 0.18166666666666667 0.059375 0.07166666666666667
0 0.736875 0.6575 0.06 0.08166666666666667
0 0.3859375 0.44458333333333333 0.059375 0.07583333333333334
0 0.3690625 0.54875 0.065625 0.0825
0 0.1590625 0.29083333333333333 0.065625 0.07333333333333333
0 0.923125 0.45 0.0725 0.08333333333333333
0 0.9134375 0.6470833333333333 0.060625 0.09083333333333334
0 0.809375 0.15833333333333333 0.0575 0.07
0 0.2759375 0.52875 0.061875 0.0925
0 0.043125 0.9508333333333333 0.06125 0.07666666666666666
0 0.8784375 0.71625 0.065625 0.06583333333333333
0 0.3115625 0.7191666666666666 0.073125 0.08666666666666667
0 0.4071875 0.32958333333333334 0.060625 0.09916666666666667
0 0.4828125 0.9316666666666666 0.060625 0.08166666666666667
0 0.4634375 0.33416666666666667 0.069375 0.095
0 0.2265625 0.4633333333333333 0.063125 0.08333333333333333
0 0.8065625 0.7883333333333333 0.064375 0.09333333333333334
0 0.3046875 0.11125 0.054375 0.07583333333333334
0 0.39375 0.7983333333333333 0.0575 0.075
0 0.0603125 0.18666666666666668 0.068125 0.075
0 0.2925 0.6933333333333334 0.06 0.08166666666666667
0 0.9575 0.5795833333333333 0.0525 0.10083333333333333
0 0.7234375 0.05708333333333333 0.055625 0.0775
0 0.555 0.7120833333333333 0.0625 0.0825
0 0.3103125 0.6083333333333333 0.059375 0.095
0 0.9296875 0.23916666666666667 0.074375 0.08333333333333333
0 0.1071875 0.4995833333333333 0.055625 0.0725
0 0.15375 0.3575 0.06125 0.11166666666666666
0 0.6528125 0.41083333333333333 0.050625 0.07666666666666666
0 0.448125 0.615 0.06375 0.08666666666666667
0 0.688125 0.75 0.055 0.07333333333333333
0 0.0475 0.5475 0.06125 0.08333333333333333
0 0.7684375 0.64375 0.066875 0.09083333333333334
0 0.5015625 0.5458333333333333 0.059375 0.09166666666666666
0 0.6434375 0.08666666666666667 0.054375 0.09833333333333333
0 0.41375 0.16875 0.06875 0.07916666666666666
0 0.6034375 0.9579166666666666 0.064375 0.0825
1 0.375625 0.9179166666666667 0.0875 0.08083333333333333
0 0.9365625 0.8191666666666667 0.074375 0.07833333333333334
0 0.8584375 0.87625 0.053125 0.07416666666666667
0 0.0321875 0.76875 0.056875 0.08083333333333333
0 0.2265625 0.9204166666666667 0.059375 0.059166666666666666
1 0.38875 0.8716666666666667 0.09625 0.08
1 0.5975 0.15041666666666667 0.08875 0.10083333333333333
1 0.7884375 0.23625 0.073125 0.1275
0 0.7234375 0.17708333333333334 0.063125 0.0775
0 0.8953125 0.4504166666666667 0.065625 0.08416666666666667
0 0.9671875 0.66125 0.055625 0.0825
0 0.9015625 0.73875 0.070625 0.08583333333333333
0 0.7640625 0.7575 0.055625 0.08
0 0.6115625 0.8591666666666666 0.064375 0.08166666666666667
0 0.653125 0.9066666666666666 0.0675 0.07833333333333334
0 0.5559375 0.8325 0.055625 0.07333333333333333
0 0.619375 0.7058333333333333 0.06 0.09833333333333333
0 0.7015625 0.66 0.069375 0.08333333333333333
0 0.6603125 0.5916666666666667 0.060625 0.08
0 0.675625 0.5075 0.0525 0.08333333333333333
0 0.235625 0.29625 0.06125 0.09583333333333334
0 0.76 0.5641666666666667 0.07625 0.07
0 0.7771875 0.595 0.061875 0.08
0 0.82625 0.9591666666666666 0.08 0.08
0 0.1284375 0.9120833333333334 0.064375 0.08583333333333333
0 0.05875 0.9445833333333333 0.0525 0.0625
0 0.1865625 0.9458333333333333 0.056875 0.07666666666666666
0 0.0303125 0.6345833333333334 0.055625 0.08583333333333333
0 0.0334375 0.5816666666666667 0.063125 0.09166666666666666
0 0.106875 0.5933333333333334 0.06 0.07166666666666667
0 0.1975 0.5508333333333333 0.06125 0.07
0 0.1046875 0.4175 0.064375 0.07833333333333334
0 0.0671875 0.34708333333333335 0.049375 0.07416666666666667
0 0.0346875 0.19416666666666665 0.054375 0.09
0 0.188125 0.06375 0.06125 0.08416666666666667
0 0.526875 0.06541666666666666 0.05875 0.0725
0 0.7459375 0.08208333333333333 0.066875 0.0925
0 0.919375 0.08291666666666667 0.06375 0.08083333333333333
0 0.8978125 0.24333333333333335 0.074375 0.06833333333333333
0 0.739375 0.31625 0.055 0.07083333333333333
0 0.8321875 0.22541666666666665 0.059375 0.0725
0 0.8315625 0.1325 0.058125 0.08666666666666667
0 0.864375 0.1175 0.05875 0.07666666666666666
0 0.6540625 0.1325 0.059375 0.08833333333333333
0 0.8203125 0.46375 0.064375 0.07583333333333334
0 0.7 0.46208333333333335 0.0675 0.07916666666666666
0 0.86375 0.4379166666666667 0.06875 0.07416666666666667
0 0.708125 0.37166666666666665 0.0575 0.075
0 0.3859375 0.5725 0.048125 0.07333333333333333
0 0.606875 0.4554166666666667 0.05875 0.0675
0 0.5659375 0.32666666666666666 0.051875 0.065
0 0.4921875 0.4841666666666667 0.078125 0.07
0 0.47625 0.37166666666666665 0.05 0.06333333333333334
0 0.3625 0.4033333333333333 0.0575 0.08
0 0.08875 0.81125 0.05625 0.07416666666666667
0 0.095 0.785 0.0575 0.085
0 0.4965625 0.6870833333333334 0.056875 0.0725
0 0.584375 0.6045833333333334 0.065 0.0875
0 0.59625 0.65625 0.06 0.09083333333333334
0 0.085 0.5166666666666667 0.07375 0.09333333333333334
0 0.14125 0.37833333333333335 0.05875 0.08333333333333333
0 0.141875 0.2658333333333333 0.0575 0.08333333333333333
0 0.1621875 0.25916666666666666 0.059375 0.06666666666666667
0 0.1259375 0.17041666666666666 0.063125 0.0725
0 0.1103125 0.037083333333333336 0.051875 0.06916666666666667
0 0.09375 0.18291666666666667 0.065 0.06583333333333333
0 0.3596875 0.44375 0.075625 0.059166666666666666
0 0.4259375 0.3125 0.063125 0.07333333333333333
0 0.40875 0.26875 0.065 0.08583333333333333
0 0.558125 0.23625 0.05 0.0675
0 0.8653125 0.3458333333333333 0.054375 0.07666666666666666
0 0.319375 0.03333333333333333 0.05625 0.065
0 0.2603125 0.38416666666666666 0.053125 0.09166666666666666
0 0.2309375 0.5379166666666667 0.074375 0.07583333333333334
0 0.3484375 0.5258333333333334 0.046875 0.07
0 0.280625 0.4220833333333333 0.06 0.08083333333333333
0 0.215625 0.41333333333333333 0.0525 0.085
0 0.2728125 0.46791666666666665 0.064375 0.08416666666666667
0 0.3809375 0.17166666666666666 0.069375 0.07833333333333334
0 0.03375 0.2775 0.06625 0.08333333333333333
0 0.696875 0.03916666666666667 0.05 0.065
0 0.41 0.8083333333333333 0.06125 0.06833333333333333
0 0.058125 0.5125 0.04875 0.058333333333333334
0 0.2703125 0.09916666666666667 0.034375 0.08666666666666667
0 0.6740625 0.3879166666666667 0.055625 0.060833333333333336
0 0.3496875 0.37041666666666667 0.055625 0.0875
0 0.4375 0.8070833333333334 0.05 0.0725
0 0.2478125 0.81625 0.065625 0.0725
0 0.2353125 0.7970833333333334 0.056875 0.0725
0 0.219375 0.7645833333333333 0.055 0.07583333333333334
0 0.32875 0.7779166666666667 0.06125 0.0575
0 0.3225 0.6658333333333334 0.06 0.08
0 0.4740625 0.8879166666666667 0.055625 0.07416666666666667
0 0.519375 0.7420833333333333 0.055 0.09583333333333334
0 0.478125 0.9075 0.0575 0.08333333333333333
0 0.7228125 0.9404166666666667 0.064375 0.07583333333333334
0 0.2959375 0.5658333333333333 0.061875 0.085
0 0.38 0.7304166666666667 0.05 0.09083333333333334
0 0.306875 0.14875 0.05875 0.0675
0 0.1665625 0.7754166666666666 0.051875 0.0825
0 0.1903125 0.8733333333333333 0.055625 0.07166666666666667