0 0.885 0.8195833333333333 0.07375 0.09583333333333334
0 0.9196875 0.15958333333333333 0.069375 0.0975
0 0.1834375 0.45708333333333334 0.071875 0.09416666666666666
0 0.4928125 0.34875 0.058125 0.0875
0 0.030625 0.23333333333333334 0.06 0.07166666666666667
0 0.91625 0.63375 0.0675 0.08416666666666667
0 0.4421875 0.27958333333333335 0.074375 0.09916666666666667
0 0.7159375 0.6604166666666667 0.075625 0.09083333333333334
0 0.4525 0.06041666666666667 0.06625 0.0875
0 0.3446875 0.44666666666666666 0.074375 0.09
0 0.6903125 0.8858333333333334 0.054375 0.07666666666666666
0 0.9290625 0.49 0.059375 0.08
0 0.6775 0.3616666666666667 0.075 0.10166666666666667
0 0.7375 0.27875 0.05375 0.08583333333333333
0 0.85 0.89625 0.07 0.0775
0 0.51875 0.74375 0.06625 0.08916666666666667
0 0.6259375 0.22583333333333333 0.066875 0.08666666666666667
0 0.58 0.7795833333333333 0.0625 0.0725
0 0.72625 0.54875 0.06375 0.09083333333333334
1 0.51 0.8825 0.075 0.10833333333333334
0 0.575 0.6854166666666667 0.0625 0.0775
0 0.6475 0.6925 0.06875 0.08833333333333333
0 0.794375 0.2816666666666667 0.0725 0.08333333333333333
0 0.5284375 0.5158333333333334 0.056875 0.08666666666666667
0 0.7690625 0.7525 0.061875 0.08833333333333333
0 0.836875 0.2629166666666667 0.07875 0.09083333333333334
0 0.7675 0.8691666666666666 0.06625 0.07333333333333333
0 0.35625 0.76875 0.05625 0.07916666666666666
0 0.62625 0.2975 0.07875 0.08166666666666667
0 0.1571875 0.36541666666666667 0.064375 0.07916666666666666
1 0.654375 0.5925 0.08625 0.10666666666666667
0 0.446875 0.9220833333333334 0.0575 0.06916666666666667
0 0.7553125 0.475 0.070625 0.08333333333333333
0 0.40375 0.6008333333333333 0.06 0.07333333333333333
0 0.8515625 0.58 0.065625 0.07666666666666666
0 0.1371875 0.185 0.075625 0.095
0 0.5071875 0.42791666666666667 0.060625 0.11416666666666667
0 0.1875 0.6441666666666667 0.06875 0.085
0 0.2103125 0.31166666666666665 0.063125 0.07166666666666667
0 0.23625 0.5566666666666666 0.0675 0.085
0 0.308125 0.4795833333333333 0.07 0.08416666666666667
0 0.96125 0.36666666666666664 0.04875 0.07
0 0.4184375 0.6920833333333334 0.070625 0.0975
0 0.6521875 0.05583333333333333 0.053125 0.075
0 0.7596875 0.08291666666666667 0.055625 0.0725
0 0.308125 0.15583333333333332 0.07 0.1
0 0.0546875 0.465 0.065625 0.085
0 0.2553125 0.7791666666666667 0.049375 0.07
0 0.308125 0.35125 0.0575 0.0775
0 0.8446875 0.14791666666666667 0.063125 0.08083333333333333
0 0.1984375 0.23291666666666666 0.068125 0.0725
0 0.673125 0.17291666666666666 0.055 0.06916666666666667
0 0.3565625 0.5654166666666667 0.069375 0.08583333333333333
0 0.2975 0.9104166666666667 0.04875 0.06916666666666667
0 0.704375 0.10708333333333334 0.06625 0.0925
0 0.9440625 0.7770833333333333 0.063125 0.07416666666666667
0 0.6303125 0.8825 0.056875 0.07333333333333333
0 0.2021875 0.9520833333333333 0.068125 0.07916666666666666
0 0.8253125 0.765 0.053125 0.07333333333333333
0 0.35375 0.2941666666666667 0.055 0.07333333333333333
0 0.63375 0.49875 0.0475 0.0625
0 0.8684375 0.4979166666666667 0.053125 0.0825
0 0.571875 0.8620833333333333 0.0575 0.0725
0 0.5775 0.5095833333333334 0.065 0.08583333333333333
0 0.77125 0.6104166666666667 0.0625 0.07416666666666667
0 0.5484375 0.22625 0.054375 0.10583333333333333
0 0.1153125 0.29541666666666666 0.064375 0.0775
0 0.94375 0.07166666666666667 0.05125 0.07833333333333334
0 0.724375 0.7995833333333333 0.0525 0.06916666666666667
0 0.9353125 0.245 0.048125 0.06833333333333333
0 0.243125 0.68 0.05375 0.07
0 0.22375 0.11333333333333333 0.06375 0.06666666666666667
0 0.0784375 0.89875 0.053125 0.0875
0 0.35375 0.20875 0.05375 0.0775
0 0.11125 0.8991666666666667 0.0525 0.08166666666666667
0 0.87375 0.40375 0.07875 0.07583333333333334
0 0.9546875 0.8329166666666666 0.053125 0.060833333333333336
0 0.041875 0.8633333333333333 0.05125 0.06833333333333333
0 0.0928125 0.8191666666666667 0.059375 0.07333333333333333
0 0.3584375 0.9420833333333334 0.060625 0.06416666666666666
0 0.06125 0.5816666666666667 0.06125 0.085
1 0.84 0.3729166666666667 0.08625 0.0975
0 0.0453125 0.31625 0.071875 0.09083333333333334
0 0.0884375 0.3908333333333333 0.069375 0.07833333333333334
0 0.386875 0.8533333333333334 0.06375 0.08833333333333333
0 0.1803125 0.5625 0.049375 0.06833333333333333
0 0.115 0.4575 0.0525 0.07
0 0.3678125 0.13583333333333333 0.054375 0.09833333333333333
0 0.5253125 0.9441666666666667 0.061875 0.07166666666666667
0 0.4059375 0.8295833333333333 0.069375 0.09583333333333334
0 0.2075 0.18666666666666668 0.065 0.09166666666666666
0 0.8159375 0.46125 0.053125 0.07916666666666666
0 0.7928125 0.5345833333333333 0.065625 0.0725
0 0.4025 0.21083333333333334 0.055 0.07333333333333333
0 0.66625 0.7708333333333334 0.04875 0.07
0 0.08875 0.34708333333333335 0.05375 0.07583333333333334
0 0.61 0.96375 0.05375 0.0675
0 0.374375 0.5925 0.055 0.06666666666666667
0 0.3821875 0.7158333333333333 0.063125 0.08
0 0.0234375 0.6758333333333333 0.046875 0.07166666666666667
0 0.11625 0.20958333333333334 0.055 0.060833333333333336
0 0.0996875 0.2704166666666667 0.061875 0.06416666666666666
0 0.0315625 0.345 0.058125 0.07666666666666666