0 0.7525 0.6033333333333334 0.1 0.13333333333333333
0 0.666875 0.5645833333333333 0.09875 0.1325
0 0.9284375 0.28958333333333336 0.098125 0.13083333333333333
0 0.53625 0.6120833333333333 0.1025 0.1375
0 0.628125 0.3408333333333333 0.09875 0.13166666666666665
0 0.499375 0.7554166666666666 0.11375 0.15083333333333335
0 0.08875 0.5025 0.10625 0.14166666666666666
0 0.7153125 0.19458333333333333 0.101875 0.13583333333333333
0 0.369375 0.5733333333333334 0.1025 0.13666666666666666
0 0.269375 0.6541666666666667 0.10125 0.135
0 0.143125 0.7170833333333333 0.1075 0.14416666666666667
0 0.4965625 0.47291666666666665 0.100625 0.13416666666666666
0 0.62625 0.10083333333333333 0.10875 0.145
0 0.44125 0.42375 0.09625 0.12916666666666668
0 0.34375 0.785 0.095 0.12666666666666668
0 0.6146875 0.4429166666666667 0.104375 0.13916666666666666
0 0.3290625 0.6120833333333333 0.095625 0.1275
0 0.3103125 0.27666666666666667 0.089375 0.12
0 0.2840625 0.7854166666666667 0.100625 0.13416666666666666
0 0.5559375 0.9220833333333334 0.098125 0.13083333333333333
0 0.3665625 0.22708333333333333 0.108125 0.14416666666666667
0 0.2225 0.8141666666666667 0.10125 0.135
0 0.718125 0.28458333333333335 0.1075 0.14416666666666667
0 0.2475 0.37916666666666665 0.09125 0.12166666666666667
0 0.3115625 0.37875 0.110625 0.1475
0 0.1915625 0.7558333333333334 0.098125 0.13
0 0.7415625 0.76625 0.090625 0.12083333333333333
0 0.5634375 0.27166666666666667 0.104375 0.13833333333333334
0 0.698125 0.37916666666666665 0.0925 0.12333333333333334
0 0.35125 0.30791666666666667 0.09125 0.1225
0 0.81125 0.6495833333333333 0.105 0.13916666666666666
0 0.4384375 0.31708333333333333 0.105625 0.14083333333333334
0 0.3178125 0.52125 0.089375 0.11916666666666667
0 0.4078125 0.68625 0.100625 0.13416666666666666
0 0.208125 0.465 0.085 0.11333333333333333
0 0.1978125 0.6016666666666667 0.094375 0.12666666666666668
0 0.3871875 0.4979166666666667 0.103125 0.1375
0 0.3909375 0.6283333333333333 0.098125 0.13
0 0.239375 0.57 0.08375 0.11166666666666666
0 0.33875 0.7391666666666666 0.10125 0.135
0 0.5271875 0.8170833333333334 0.100625 0.13416666666666666
0 0.34625 0.43083333333333335 0.1 0.13333333333333333
0 0.6884375 0.09333333333333334 0.108125 0.14333333333333334
0 0.084375 0.4395833333333333 0.1075 0.14416666666666667
0 0.1521875 0.5429166666666667 0.089375 0.11916666666666667
0 0.5759375 0.6654166666666667 0.104375 0.13916666666666666
0 0.2721875 0.49916666666666665 0.118125 0.15833333333333333
0 0.660625 0.8695833333333334 0.11 0.1475
0 0.5596875 0.4529166666666667 0.110625 0.1475
0 0.45125 0.89125 0.0975 0.13083333333333333
0 0.1975 0.3329166666666667 0.1225 0.1625
0 0.3965625 0.38208333333333333 0.091875 0.1225
0 0.89 0.5725 0.11375 0.15166666666666667
0 0.4903125 0.8895833333333333 0.104375 0.13916666666666666
0 0.2796875 0.7245833333333334 0.104375 0.13916666666666666
0 0.1671875 0.38458333333333333 0.121875 0.1625
0 0.7490625 0.33625 0.105625 0.14083333333333334
0 0.76625 0.06666666666666667 0.0975 0.13
0 0.1709375 0.5058333333333334 0.100625 0.13333333333333333
0 0.1465625 0.4116666666666667 0.094375 0.125
0 0.55375 0.335 0.10375 0.13833333333333334