0 0.2771875 0.09458333333333334 0.058125 0.0875
0 0.48125 0.7470833333333333 0.0575 0.08083333333333333
0 0.1928125 0.61375 0.064375 0.08583333333333333
0 0.36125 0.36625 0.06625 0.0875
0 0.6896875 0.6545833333333333 0.056875 0.08083333333333333
0 0.84 0.18375 0.06125 0.08083333333333333
0 0.4125 0.27166666666666667 0.06125 0.08
0 0.1375 0.7158333333333333 0.05375 0.07833333333333334
0 0.4784375 0.6520833333333333 0.073125 0.08583333333333333
0 0.5615625 0.83 0.058125 0.07833333333333334
0 0.94625 0.7108333333333333 0.07 0.1
0 0.7834375 0.6104166666666667 0.075625 0.09416666666666666
0 0.72375 0.08625 0.065 0.08083333333333333
0 0.6565625 0.5641666666666667 0.066875 0.08333333333333333
0 0.643125 0.9454166666666667 0.055 0.0775
0 0.638125 0.4220833333333333 0.08125 0.1025
0 0.0834375 0.9416666666666667 0.074375 0.09
0 0.346875 0.6875 0.055 0.09166666666666666
0 0.93375 0.4825 0.0675 0.09666666666666666
0 0.0753125 0.62875 0.064375 0.0875
0 0.72875 0.9104166666666667 0.055 0.0925
0 0.9115625 0.22291666666666668 0.073125 0.09083333333333334
0 0.9 0.9191666666666667 0.06375 0.09666666666666666
0 0.5128125 0.21208333333333335 0.066875 0.08583333333333333
0 0.73 0.425 0.07 0.08166666666666667
0 0.30375 0.25166666666666665 0.0725 0.08166666666666667
0 0.5090625 0.11041666666666666 0.069375 0.09416666666666666
0 0.6146875 0.6179166666666667 0.066875 0.08583333333333333
0 0.78875 0.23208333333333334 0.0675 0.08083333333333333
0 0.89375 0.3929166666666667 0.06625 0.09416666666666666
0 0.5028125 0.4716666666666667 0.058125 0.07833333333333334
0 0.1953125 0.06541666666666666 0.070625 0.09416666666666666
0 0.2209375 0.32958333333333334 0.069375 0.08916666666666667
0 0.7915625 0.9204166666666667 0.065625 0.0875
0 0.4040625 0.7329166666666667 0.059375 0.0975
0 0.455625 0.09041666666666667 0.0675 0.09083333333333334
0 0.530625 0.3475 0.06875 0.08666666666666667
0 0.8890625 0.11625 0.070625 0.0925
0 0.0915625 0.27708333333333335 0.071875 0.08916666666666667
0 0.5915625 0.19791666666666666 0.064375 0.09583333333333334
0 0.8934375 0.7683333333333333 0.068125 0.10333333333333333
0 0.325625 0.8808333333333334 0.0625 0.09166666666666666
0 0.1953125 0.17875 0.070625 0.09916666666666667
0 0.3953125 0.8758333333333334 0.056875 0.08166666666666667
0 0.618125 0.86625 0.06 0.08416666666666667
0 0.1315625 0.165 0.068125 0.08833333333333333
0 0.1325 0.2225 0.0675 0.07666666666666666
0 0.079375 0.7945833333333333 0.06625 0.08083333333333333
0 0.40875 0.4741666666666667 0.07 0.085
0 0.5709375 0.3745833333333333 0.068125 0.07416666666666667
0 0.813125 0.41083333333333333 0.07 0.08833333333333333
0 0.1925 0.7370833333333333 0.0575 0.07916666666666666
0 0.4453125 0.83625 0.053125 0.12416666666666666
0 0.0575 0.29791666666666666 0.06625 0.08583333333333333
0 0.284375 0.40166666666666667 0.0625 0.1
0 0.666875 0.8670833333333333 0.0625 0.09083333333333334
0 0.6946875 0.9241666666666667 0.056875 0.10166666666666667
0 0.05375 0.8891666666666667 0.0625 0.08
0 0.3528125 0.84375 0.054375 0.07916666666666666
0 0.793125 0.06708333333333333 0.06 0.08916666666666667
0 0.42 0.3329166666666667 0.06375 0.0725
0 0.44375 0.4241666666666667 0.055 0.095
0 0.27375 0.17958333333333334 0.06375 0.08083333333333333
0 0.9659375 0.3825 0.066875 0.085
0 0.2465625 0.0425 0.059375 0.08166666666666667