0 0.9303125 0.22458333333333333 0.068125 0.08416666666666667
0 0.7575 0.42125 0.06125 0.08083333333333333
0 0.4559375 0.7741666666666667 0.056875 0.08333333333333333
0 0.6815625 0.415 0.061875 0.08333333333333333
0 0.765625 0.7108333333333333 0.07125 0.08666666666666667
0 0.0621875 0.8241666666666667 0.066875 0.09
0 0.2553125 0.72 0.066875 0.08666666666666667
0 0.560625 0.4195833333333333 0.05875 0.07916666666666666
0 0.7440625 0.28458333333333335 0.058125 0.07916666666666666
0 0.9015625 0.7808333333333334 0.061875 0.08833333333333333
0 0.6284375 0.6766666666666666 0.073125 0.08833333333333333
0 0.30125 0.32958333333333334 0.07375 0.09416666666666666
0 0.4115625 0.9316666666666666 0.068125 0.08833333333333333
0 0.7346875 0.4945833333333333 0.069375 0.0775
0 0.341875 0.7433333333333333 0.06 0.08666666666666667
0 0.1171875 0.9433333333333334 0.075625 0.1
0 0.755 0.88625 0.06375 0.0825
0 0.295625 0.9295833333333333 0.065 0.0875
0 0.2803125 0.15083333333333335 0.073125 0.10666666666666667
0 0.699375 0.09291666666666666 0.07125 0.09583333333333334
0 0.9278125 0.5620833333333334 0.069375 0.09916666666666667
0 0.864375 0.5491666666666667 0.06375 0.08666666666666667
0 0.33125 0.11416666666666667 0.0675 0.08166666666666667
0 0.18625 0.6445833333333333 0.06625 0.08083333333333333
0 0.8009375 0.059583333333333335 0.063125 0.08083333333333333
1 0.8146875 0.47208333333333335 0.063125 0.07916666666666666
0 0.844375 0.14833333333333334 0.0725 0.09166666666666666
0 0.08125 0.22541666666666665 0.0625 0.0775
0 0.3915625 0.4666666666666667 0.068125 0.07333333333333333
0 0.056875 0.5858333333333333 0.08125 0.11833333333333333
0 0.6890625 0.8566666666666667 0.065625 0.08166666666666667
0 0.880625 0.11333333333333333 0.065 0.08333333333333333
0 0.05 0.14583333333333334 0.06875 0.09166666666666666
0 0.301875 0.6291666666666667 0.07125 0.08833333333333333
0 0.3534375 0.6620833333333334 0.063125 0.07916666666666666
0 0.1321875 0.8370833333333333 0.063125 0.07916666666666666
0 0.714375 0.57 0.075 0.08333333333333333
0 0.859375 0.3104166666666667 0.07 0.09416666666666666
0 0.485625 0.06041666666666667 0.06375 0.0725
0 0.1709375 0.10666666666666667 0.065625 0.07666666666666666
0 0.6503125 0.91125 0.064375 0.09416666666666666
0 0.7865625 0.955 0.058125 0.07666666666666666
0 0.6025 0.2658333333333333 0.06375 0.08166666666666667
0 0.799375 0.28375 0.0525 0.07416666666666667
0 0.4846875 0.4325 0.070625 0.085
0 0.5134375 0.6491666666666667 0.056875 0.07
0 0.925 0.08458333333333333 0.055 0.0775
0 0.82 0.38333333333333336 0.0725 0.10666666666666667
0 0.3984375 0.8416666666666667 0.071875 0.08833333333333333
0 0.1990625 0.5758333333333333 0.070625 0.07
0 0.6059375 0.8404166666666667 0.091875 0.07916666666666666
0 0.2009375 0.05458333333333333 0.060625 0.0675
0 0.3809375 0.5341666666666667 0.066875 0.07833333333333334
0 0.135 0.21833333333333332 0.07 0.10833333333333334
0 0.150625 0.7745833333333333 0.08 0.08916666666666667
0 0.1946875 0.1225 0.069375 0.07833333333333334
0 0.5365625 0.4608333333333333 0.064375 0.075
0 0.533125 0.085 0.0575 0.075
1 0.2209375 0.5125 0.091875 0.11166666666666666
0 0.0478125 0.4875 0.090625 0.07166666666666667
0 0.9646875 0.10041666666666667 0.048125 0.06916666666666667
0 0.165 0.18083333333333335 0.04625 0.08833333333333333
0 0.3790625 0.7729166666666667 0.068125 0.0825