0 0.804375 0.8258333333333333 0.1025 0.13666666666666666
0 0.208125 0.3958333333333333 0.1125 0.15
0 0.0921875 0.26375 0.105625 0.14083333333333334
0 0.6709375 0.6920833333333334 0.096875 0.12916666666666668
0 0.6865625 0.17875 0.106875 0.1425
0 0.2059375 0.62875 0.103125 0.1375
0 0.5 0.79375 0.1025 0.1375
0 0.6584375 0.6004166666666667 0.108125 0.14416666666666667
0 0.601875 0.7333333333333333 0.1075 0.14333333333333334
0 0.7746875 0.6341666666666667 0.105625 0.14
0 0.840625 0.7283333333333334 0.10625 0.14166666666666666
0 0.9340625 0.5691666666666667 0.106875 0.14166666666666666
0 0.7325 0.475 0.10875 0.145
1 0.3571875 0.64125 0.131875 0.17583333333333334
0 0.2303125 0.49583333333333335 0.108125 0.145
0 0.65875 0.81 0.09375 0.125
0 0.0896875 0.53625 0.098125 0.13083333333333333
0 0.484375 0.4483333333333333 0.10375 0.13833333333333334
0 0.4434375 0.7166666666666667 0.098125 0.13
0 0.748125 0.18958333333333333 0.10125 0.13583333333333333
0 0.2903125 0.3545833333333333 0.103125 0.1375
0 0.88375 0.8433333333333334 0.11375 0.15166666666666667
0 0.484375 0.24833333333333332 0.11375 0.15166666666666667
0 0.4996875 0.1475 0.104375 0.14
0 0.5715625 0.6425 0.118125 0.15833333333333333
0 0.2253125 0.31666666666666665 0.099375 0.13166666666666665
0 0.2346875 0.7625 0.111875 0.14833333333333334
0 0.5953125 0.3620833333333333 0.111875 0.14916666666666667
0 0.34125 0.29625 0.105 0.13916666666666666
0 0.5528125 0.8825 0.090625 0.12
0 0.2821875 0.2704166666666667 0.101875 0.13583333333333333
0 0.7503125 0.5454166666666667 0.113125 0.15083333333333335
0 0.145 0.6425 0.11 0.14666666666666667
0 0.1271875 0.32708333333333334 0.081875 0.10916666666666666