0 0.12875 0.225 0.06125 0.08666666666666667
0 0.5778125 0.7408333333333333 0.065625 0.08833333333333333
0 0.9565625 0.10041666666666667 0.064375 0.08916666666666667
0 0.1975 0.8733333333333333 0.065 0.09333333333333334
0 0.27875 0.8154166666666667 0.06 0.0875
0 0.338125 0.8220833333333334 0.05625 0.14416666666666667
0 0.041875 0.09541666666666666 0.07625 0.08583333333333333
0 0.8965625 0.49916666666666665 0.073125 0.095
0 0.63875 0.15625 0.05875 0.0975
0 0.6125 0.59625 0.0825 0.09583333333333334
0 0.2134375 0.24208333333333334 0.073125 0.09416666666666666
0 0.9296875 0.66625 0.066875 0.09583333333333334
0 0.6521875 0.7470833333333333 0.075625 0.10083333333333333
0 0.66625 0.5079166666666667 0.0725 0.1025
0 0.2665625 0.6566666666666666 0.063125 0.09333333333333334
0 0.5828125 0.4995833333333333 0.069375 0.0925
0 0.8434375 0.41833333333333333 0.060625 0.085
1 0.3178125 0.7133333333333334 0.076875 0.10833333333333334
0 0.719375 0.4579166666666667 0.06375 0.09083333333333334
0 0.5321875 0.37875 0.056875 0.0925
0 0.069375 0.3070833333333333 0.06375 0.0925
0 0.666875 0.83875 0.065 0.08583333333333333
0 0.716875 0.89875 0.06375 0.10083333333333333
0 0.5875 0.41583333333333333 0.06625 0.09333333333333334
0 0.75875 0.8025 0.08 0.09666666666666666
0 0.1040625 0.3641666666666667 0.084375 0.08833333333333333
0 0.76125 0.13958333333333334 0.07125 0.10083333333333333
0 0.6559375 0.38916666666666666 0.068125 0.08833333333333333
0 0.3965625 0.6904166666666667 0.064375 0.0925
0 0.911875 0.28208333333333335 0.065 0.09583333333333334
0 0.219375 0.7691666666666667 0.05375 0.09666666666666666
0 0.5121875 0.19625 0.068125 0.09916666666666667
0 0.14375 0.7295833333333334 0.06875 0.1075
0 0.7496875 0.325 0.061875 0.10333333333333333
0 0.950625 0.34833333333333333 0.06875 0.095
0 0.093125 0.69625 0.0625 0.09583333333333334
0 0.6909375 0.09583333333333334 0.063125 0.10833333333333334
0 0.383125 0.20625 0.06875 0.0875
0 0.0334375 0.18708333333333332 0.056875 0.10083333333333333
0 0.9615625 0.7379166666666667 0.065625 0.0775
0 0.090625 0.5975 0.07375 0.10166666666666667
0 0.7253125 0.2654166666666667 0.060625 0.1225