0 0.92125 0.5533333333333333 0.0625 0.09166666666666666
0 0.9146875 0.3525 0.068125 0.095
0 0.488125 0.38208333333333333 0.0675 0.09083333333333334
0 0.17875 0.4529166666666667 0.075 0.08916666666666667
0 0.888125 0.24041666666666667 0.06375 0.10083333333333333
0 0.5328125 0.6545833333333333 0.068125 0.08583333333333333
0 0.194375 0.5466666666666666 0.0675 0.08666666666666667
0 0.07125 0.8870833333333333 0.07 0.0825
0 0.1215625 0.3779166666666667 0.064375 0.1025
0 0.2540625 0.49333333333333335 0.063125 0.08166666666666667
0 0.8565625 0.75875 0.071875 0.0825
0 0.82 0.2608333333333333 0.06625 0.08
0 0.7153125 0.35791666666666666 0.066875 0.0875
0 0.63 0.88 0.0675 0.09
0 0.5725 0.14541666666666667 0.06875 0.08916666666666667
0 0.3640625 0.39125 0.065625 0.0925
0 0.4975 0.05375 0.06375 0.08583333333333333
0 0.3275 0.4891666666666667 0.0625 0.09333333333333334
0 0.19875 0.37 0.06625 0.08666666666666667
0 0.7315625 0.050833333333333335 0.068125 0.09833333333333333
0 0.056875 0.5720833333333334 0.0625 0.08416666666666667
0 0.0415625 0.3616666666666667 0.063125 0.08333333333333333
0 0.165 0.9270833333333334 0.06375 0.08583333333333333
0 0.80625 0.6583333333333333 0.0675 0.08333333333333333
0 0.7509375 0.7154166666666667 0.059375 0.06916666666666667
0 0.2471875 0.8870833333333333 0.063125 0.08083333333333333
0 0.50375 0.92125 0.065 0.0875
0 0.685625 0.6879166666666666 0.06 0.0825
0 0.5328125 0.31625 0.065625 0.07916666666666666
0 0.6271875 0.2529166666666667 0.074375 0.09583333333333334
0 0.2296875 0.8145833333333333 0.068125 0.08583333333333333
0 0.7784375 0.14208333333333334 0.068125 0.1025
0 0.413125 0.07125 0.05375 0.09416666666666666
0 0.5784375 0.5879166666666666 0.071875 0.08083333333333333
0 0.109375 0.26875 0.065 0.09916666666666667
0 0.4234375 0.43375 0.061875 0.0925
0 0.8534375 0.4191666666666667 0.060625 0.08333333333333333
0 0.5265625 0.47208333333333335 0.050625 0.07416666666666667
0 0.339375 0.2654166666666667 0.05875 0.08416666666666667
0 0.7865625 0.5670833333333334 0.064375 0.08583333333333333
0 0.6484375 0.5045833333333334 0.064375 0.09416666666666666
0 0.4040625 0.17541666666666667 0.066875 0.08416666666666667
0 0.471875 0.5983333333333334 0.06625 0.1
0 0.10625 0.7254166666666667 0.065 0.09916666666666667
0 0.7109375 0.4608333333333333 0.066875 0.07666666666666666
0 0.7853125 0.81875 0.063125 0.0925
0 0.295625 0.6058333333333333 0.06875 0.08333333333333333
0 0.856875 0.51875 0.06875 0.08916666666666667
0 0.78625 0.37125 0.05875 0.1075
0 0.1928125 0.7408333333333333 0.069375 0.08
0 0.4528125 0.2975 0.073125 0.08666666666666667
0 0.955 0.03916666666666667 0.06375 0.07833333333333334
0 0.67375 0.7775 0.06875 0.08
0 0.0634375 0.14208333333333334 0.065625 0.08916666666666667
0 0.09 0.09208333333333334 0.055 0.0975
0 0.3109375 0.09958333333333333 0.046875 0.0925
0 0.13625 0.15208333333333332 0.06875 0.08583333333333333
0 0.07875 0.49375 0.055 0.07416666666666667
0 0.24375 0.15583333333333332 0.05 0.09333333333333334
0 0.25875 0.3225 0.0775 0.08
0 0.314375 0.3595833333333333 0.06125 0.08416666666666667
0 0.6621875 0.13916666666666666 0.080625 0.07666666666666666
0 0.4178125 0.2425 0.068125 0.085
0 0.5853125 0.48041666666666666 0.059375 0.0925
0 0.48 0.1925 0.05125 0.09
0 0.3059375 0.7291666666666666 0.071875 0.08
0 0.3840625 0.82625 0.066875 0.08916666666666667
0 0.3128125 0.9158333333333334 0.058125 0.08166666666666667
0 0.1621875 0.2025 0.050625 0.09166666666666666
0 0.453125 0.4725 0.07 0.09
0 0.5490625 0.8583333333333333 0.059375 0.07833333333333334
0 0.9059375 0.9170833333333334 0.061875 0.0825
0 0.5 0.8008333333333333 0.0675 0.07166666666666667
0 0.93125 0.21875 0.0575 0.09583333333333334
0 0.87125 0.6175 0.05375 0.06166666666666667
0 0.6175 0.6141666666666666 0.06125 0.08666666666666667
0 0.8921875 0.6679166666666667 0.065625 0.0875
0 0.161875 0.060833333333333336 0.07375 0.09
0 0.2678125 0.3879166666666667 0.066875 0.08916666666666667
0 0.3640625 0.08416666666666667 0.060625 0.07333333333333333
1 0.3628125 0.13958333333333334 0.059375 0.08083333333333333
0 0.339375 0.9066666666666666 0.0575 0.08166666666666667
0 0.5221875 0.7666666666666667 0.065625 0.07666666666666666
0 0.345 0.8275 0.0575 0.08
0 0.119375 0.5020833333333333 0.0575 0.06916666666666667
0 0.4971875 0.16 0.054375 0.085
0 0.288125 0.12375 0.05875 0.0775
0 0.2209375 0.17791666666666667 0.055625 0.08416666666666667