0 0.6903125 0.4091666666666667 0.093125 0.125
0 0.4521875 0.6979166666666666 0.089375 0.11916666666666667
0 0.5796875 0.8045833333333333 0.090625 0.12083333333333333
0 0.36 0.8058333333333333 0.1025 0.13666666666666666
0 0.7040625 0.8991666666666667 0.090625 0.12166666666666667
0 0.51 0.1025 0.1025 0.13666666666666666
0 0.7784375 0.91625 0.095625 0.1275
0 0.336875 0.4225 0.1025 0.13666666666666666
0 0.671875 0.78375 0.0875 0.11583333333333333
0 0.7121875 0.7225 0.106875 0.14333333333333334
0 0.5990625 0.6158333333333333 0.098125 0.13
0 0.5303125 0.18458333333333332 0.099375 0.1325
0 0.6171875 0.72375 0.085625 0.11416666666666667
0 0.081875 0.5008333333333334 0.1125 0.15
0 0.59875 0.26166666666666666 0.09125 0.12166666666666667
0 0.7165625 0.5170833333333333 0.093125 0.12416666666666666
0 0.5840625 0.33916666666666667 0.091875 0.12333333333333334
0 0.18875 0.23083333333333333 0.09 0.12
0 0.601875 0.4404166666666667 0.08625 0.11583333333333333
0 0.6040625 0.11833333333333333 0.094375 0.125
0 0.2284375 0.37125 0.101875 0.13583333333333333
0 0.319375 0.3416666666666667 0.1025 0.13666666666666666
0 0.4378125 0.23958333333333334 0.119375 0.15916666666666668
0 0.700625 0.32166666666666666 0.105 0.14
0 0.5753125 0.8920833333333333 0.088125 0.1175
0 0.8246875 0.3729166666666667 0.105625 0.14083333333333334
0 0.2990625 0.5804166666666667 0.090625 0.12083333333333333
0 0.5178125 0.5629166666666666 0.115625 0.15416666666666667
0 0.63 0.8808333333333334 0.0975 0.13
0 0.5046875 0.7425 0.105625 0.14166666666666666
0 0.5946875 0.21416666666666667 0.098125 0.13166666666666665
0 0.34375 0.6658333333333334 0.09 0.12
0 0.16375 0.4579166666666667 0.09375 0.12416666666666666
0 0.3834375 0.17375 0.094375 0.12583333333333332
0 0.29625 0.6958333333333333 0.0875 0.11666666666666667
0 0.336875 0.10166666666666667 0.09875 0.13166666666666665
0 0.44375 0.78 0.1025 0.13666666666666666
0 0.625 0.49416666666666664 0.10875 0.145
0 0.5259375 0.6879166666666666 0.075625 0.10083333333333333
0 0.3040625 0.8629166666666667 0.103125 0.1375
0 0.281875 0.5333333333333333 0.09875 0.13166666666666665
0 0.7584375 0.20875 0.093125 0.12416666666666666
0 0.2265625 0.305 0.096875 0.12833333333333333
0 0.3690625 0.28708333333333336 0.090625 0.12083333333333333
0 0.4646875 0.8654166666666666 0.098125 0.13083333333333333
0 0.90125 0.43416666666666665 0.10875 0.145
0 0.185625 0.5183333333333333 0.09375 0.125
0 0.7784375 0.30583333333333335 0.085625 0.115
0 0.6596875 0.16333333333333333 0.093125 0.12333333333333334
0 0.2475 0.7725 0.095 0.12666666666666668
0 0.420625 0.865 0.0975 0.13
0 0.2009375 0.6383333333333333 0.089375 0.12
0 0.4978125 0.4216666666666667 0.100625 0.135
0 0.450625 0.14708333333333334 0.1025 0.13583333333333333
1 0.15875 0.5879166666666666 0.11875 0.15916666666666668
0 0.7265625 0.27625 0.088125 0.1175
0 0.4084375 0.5825 0.080625 0.10833333333333334
0 0.6884375 0.17875 0.088125 0.1175
0 0.6584375 0.08791666666666667 0.085625 0.11416666666666667
0 0.1096875 0.20416666666666666 0.095625 0.12833333333333333
0 0.370625 0.6241666666666666 0.1025 0.13666666666666666
0 0.2459375 0.52125 0.100625 0.13416666666666666
0 0.4209375 0.07875 0.110625 0.1475
1 0.4759375 0.5154166666666666 0.138125 0.18416666666666667
0 0.065625 0.25875 0.09375 0.12416666666666666
0 0.0875 0.19416666666666665 0.09625 0.12833333333333333
0 0.155625 0.6816666666666666 0.09125 0.12166666666666667
0 0.5425 0.44875 0.09625 0.12916666666666668
0 0.274375 0.8208333333333333 0.10375 0.13833333333333334
0 0.7925 0.24916666666666668 0.0975 0.13
0 0.2515625 0.7458333333333333 0.093125 0.125