0 0.5128125 0.65125 0.094375 0.12583333333333332
0 0.25625 0.5395833333333333 0.08 0.1075
0 0.631875 0.20916666666666667 0.09375 0.125
0 0.3584375 0.7208333333333333 0.081875 0.11
0 0.7584375 0.42875 0.089375 0.11916666666666667
0 0.391875 0.6066666666666667 0.09 0.12
0 0.41375 0.7091666666666666 0.08375 0.11166666666666666
0 0.830625 0.4058333333333333 0.105 0.14
0 0.3078125 0.65 0.100625 0.135
0 0.4465625 0.51375 0.083125 0.11083333333333334
0 0.2815625 0.16541666666666666 0.095625 0.1275
0 0.335 0.08583333333333333 0.10125 0.135
0 0.7503125 0.25875 0.081875 0.10916666666666666
0 0.5659375 0.87125 0.091875 0.1225
0 0.6859375 0.27125 0.095625 0.1275
0 0.78375 0.5525 0.11125 0.14833333333333334
0 0.4478125 0.3 0.080625 0.10666666666666667
0 0.5640625 0.5079166666666667 0.100625 0.13416666666666666
0 0.2184375 0.17833333333333334 0.084375 0.11333333333333333
0 0.22625 0.24583333333333332 0.08875 0.11833333333333333
0 0.8734375 0.8504166666666667 0.080625 0.1075
0 0.3784375 0.44625 0.083125 0.11083333333333334
0 0.5440625 0.17041666666666666 0.086875 0.11583333333333333
0 0.340625 0.18833333333333332 0.08125 0.10833333333333334
0 0.5321875 0.07125 0.101875 0.13583333333333333
0 0.4446875 0.225 0.088125 0.11833333333333333
0 0.463125 0.36 0.0825 0.11
0 0.5065625 0.50625 0.086875 0.11583333333333333
0 0.9425 0.61625 0.10875 0.14583333333333334
0 0.6659375 0.7345833333333334 0.075625 0.10083333333333333
0 0.5159375 0.7704166666666666 0.085625 0.11416666666666667
0 0.25875 0.8116666666666666 0.0875 0.11666666666666667
0 0.278125 0.39416666666666667 0.0825 0.11
0 0.3009375 0.2475 0.081875 0.10833333333333334
0 0.9021875 0.62625 0.108125 0.14416666666666667
0 0.245625 0.06875 0.075 0.09916666666666667
0 0.5840625 0.4075 0.079375 0.105
0 0.6409375 0.6979166666666666 0.094375 0.12583333333333332
0 0.4559375 0.45708333333333334 0.076875 0.1025
0 0.193125 0.24166666666666667 0.08125 0.10833333333333334
1 0.6603125 0.81375 0.118125 0.1575
0 0.625 0.1025 0.075 0.1
0 0.575 0.19916666666666666 0.08 0.10666666666666667
0 0.591875 0.7291666666666666 0.075 0.1
0 0.5371875 0.2608333333333333 0.086875 0.11666666666666667
0 0.3390625 0.455 0.073125 0.09833333333333333
0 0.435625 0.9445833333333333 0.0825 0.10916666666666666
0 0.1303125 0.09541666666666666 0.075625 0.10083333333333333
0 0.08375 0.52875 0.0725 0.09583333333333334
0 0.6865625 0.17 0.076875 0.10166666666666667
0 0.28 0.06208333333333333 0.06625 0.0875
0 0.2978125 0.49 0.078125 0.105
0 0.7696875 0.2025 0.076875 0.10333333333333333
0 0.70875 0.215 0.085 0.11333333333333333
0 0.239375 0.6420833333333333 0.0975 0.13083333333333333