0 0.5403125 0.82 0.073125 0.09833333333333333
0 0.1746875 0.6079166666666667 0.068125 0.0925
0 0.6371875 0.615 0.084375 0.11666666666666667
0 0.725625 0.79625 0.0775 0.11083333333333334
0 0.4284375 0.675 0.078125 0.10666666666666667
0 0.213125 0.31333333333333335 0.0825 0.105
0 0.90625 0.50875 0.0775 0.1025
0 0.320625 0.74625 0.0725 0.10583333333333333
0 0.385625 0.415 0.075 0.09833333333333333
0 0.1746875 0.7808333333333334 0.086875 0.10166666666666667
0 0.141875 0.25916666666666666 0.08 0.115
0 0.27625 0.215 0.0725 0.12166666666666667
0 0.96 0.9420833333333334 0.0725 0.1075
0 0.0909375 0.6066666666666667 0.075625 0.105
0 0.4540625 0.79875 0.079375 0.1075
0 0.4540625 0.30875 0.088125 0.07916666666666666
0 0.501875 0.74 0.09125 0.09
0 0.5428125 0.4508333333333333 0.068125 0.09666666666666666
0 0.5534375 0.52625 0.078125 0.10083333333333333
0 0.389375 0.8470833333333333 0.0725 0.10583333333333333
0 0.4884375 0.5383333333333333 0.078125 0.09
0 0.0859375 0.49333333333333335 0.068125 0.11666666666666667
0 0.5284375 0.6429166666666667 0.093125 0.1025
0 0.1478125 0.5179166666666667 0.070625 0.1325
0 0.22875 0.7033333333333334 0.0725 0.08666666666666667
0 0.63875 0.27166666666666667 0.0675 0.09666666666666666
0 0.875625 0.36041666666666666 0.07875 0.08916666666666667
0 0.87625 0.44208333333333333 0.0925 0.10416666666666667
0 0.616875 0.6979166666666666 0.08 0.1175
0 0.49375 0.38416666666666666 0.105 0.07333333333333333
0 0.4859375 0.44625 0.066875 0.09583333333333334
0 0.118125 0.6845833333333333 0.0725 0.11583333333333333
0 0.1546875 0.7154166666666667 0.073125 0.1075