0 0.3446875 0.30583333333333335 0.093125 0.12333333333333334
0 0.17625 0.47583333333333333 0.0925 0.12333333333333334
0 0.7496875 0.14583333333333334 0.089375 0.12
0 0.1634375 0.70625 0.099375 0.1325
0 0.6975 0.3625 0.08875 0.11833333333333333
0 0.2971875 0.13916666666666666 0.095625 0.12666666666666668
0 0.5278125 0.92625 0.090625 0.12083333333333333
0 0.580625 0.64625 0.105 0.13916666666666666
0 0.7534375 0.5695833333333333 0.104375 0.13916666666666666
0 0.47125 0.39208333333333334 0.1175 0.15583333333333332
0 0.291875 0.45708333333333334 0.10625 0.1425
0 0.405625 0.5841666666666666 0.11 0.14666666666666667