0 0.42875 0.80625 0.0525 0.0675
0 0.43375 0.63625 0.07125 0.09416666666666666
0 0.629375 0.9025 0.065 0.07666666666666666
0 0.418125 0.9158333333333334 0.07 0.10166666666666667
0 0.47125 0.7133333333333334 0.07125 0.08333333333333333
0 0.8278125 0.88375 0.065625 0.09583333333333334
0 0.2821875 0.7816666666666666 0.081875 0.115
0 0.2571875 0.5983333333333334 0.080625 0.11
0 0.1775 0.50375 0.07625 0.10083333333333333
0 0.199375 0.33 0.065 0.08666666666666667
0 0.27625 0.23041666666666666 0.085 0.11083333333333334
0 0.3403125 0.08416666666666667 0.066875 0.09
0 0.2021875 0.18875 0.056875 0.07916666666666666
0 0.690625 0.8491666666666666 0.0575 0.08
0 0.758125 0.8391666666666666 0.07375 0.09833333333333333
0 0.3465625 0.3229166666666667 0.076875 0.10416666666666667
0 0.7053125 0.7654166666666666 0.063125 0.09083333333333334
0 0.1878125 0.91875 0.063125 0.08916666666666667
0 0.2146875 0.4125 0.066875 0.09
0 0.4825 0.94375 0.065 0.10416666666666667
0 0.514375 0.8991666666666667 0.07625 0.09166666666666666
0 0.3325 0.59 0.07125 0.09
0 0.49625 0.09291666666666666 0.0825 0.10916666666666666
0 0.714375 0.6791666666666667 0.07 0.10666666666666667
0 0.4028125 0.29041666666666666 0.068125 0.1025
0 0.2721875 0.8970833333333333 0.081875 0.1025
0 0.3784375 0.47583333333333333 0.060625 0.09166666666666666
0 0.574375 0.8641666666666666 0.07 0.105
0 0.5090625 0.6275 0.055625 0.09666666666666666
0 0.5140625 0.7829166666666667 0.066875 0.10416666666666667
0 0.2828125 0.3770833333333333 0.065625 0.08083333333333333
0 0.3621875 0.60625 0.066875 0.09416666666666666
0 0.4046875 0.43041666666666667 0.059375 0.08083333333333333
0 0.76875 0.935 0.06125 0.08166666666666667
0 0.325625 0.4658333333333333 0.05375 0.09666666666666666
0 0.4828125 0.94375 0.050625 0.09416666666666666
0 0.54875 0.73375 0.07625 0.08083333333333333
0 0.3559375 0.24041666666666667 0.065625 0.08416666666666667
0 0.7646875 0.7429166666666667 0.051875 0.0925
0 0.2865625 0.31916666666666665 0.059375 0.07833333333333334
0 0.8003125 0.83 0.069375 0.095
0 0.214375 0.8158333333333333 0.07 0.09666666666666666
0 0.2065625 0.6841666666666667 0.060625 0.10333333333333333
0 0.425 0.34708333333333335 0.06625 0.0975
0 0.460625 0.28291666666666665 0.0625 0.09416666666666666
0 0.8090625 0.7245833333333334 0.070625 0.07583333333333334
1 0.338125 0.7229166666666667 0.10625 0.12083333333333333
0 0.45875 0.5633333333333334 0.06625 0.08166666666666667
0 0.3496875 0.9391666666666667 0.049375 0.07333333333333333
1 0.4925 0.5558333333333333 0.08625 0.08833333333333333