0 0.21375 0.1975 0.095 0.12666666666666668
0 0.3990625 0.5008333333333334 0.090625 0.12
0 0.724375 0.31625 0.095 0.12583333333333332
0 0.3834375 0.22875 0.099375 0.1325
0 0.8840625 0.4041666666666667 0.095625 0.12833333333333333
0 0.466875 0.895 0.1 0.13333333333333333
0 0.3859375 0.88875 0.105625 0.14083333333333334
0 0.3453125 0.60375 0.098125 0.13083333333333333
0 0.4875 0.5375 0.09375 0.125
0 0.64875 0.51375 0.095 0.12583333333333332
0 0.5734375 0.08625 0.091875 0.1225
0 0.7665625 0.49 0.086875 0.11666666666666667
0 0.7621875 0.9245833333333333 0.098125 0.13083333333333333
0 0.631875 0.7845833333333333 0.09875 0.13083333333333333
0 0.5325 0.6975 0.09 0.12
0 0.59 0.2941666666666667 0.095 0.12666666666666668
0 0.6596875 0.87375 0.095625 0.1275
0 0.7334375 0.4245833333333333 0.088125 0.1175
0 0.1659375 0.6125 0.089375 0.12
0 0.415625 0.08833333333333333 0.08375 0.11166666666666666
1 0.433125 0.7666666666666667 0.11375 0.15166666666666667
0 0.5159375 0.14541666666666667 0.085625 0.11416666666666667
0 0.421875 0.3675 0.09125 0.12166666666666667
0 0.1834375 0.27958333333333335 0.086875 0.11583333333333333
0 0.3478125 0.40541666666666665 0.099375 0.1325
0 0.2309375 0.48875 0.094375 0.12583333333333332
0 0.2421875 0.6845833333333333 0.084375 0.1125
0 0.2653125 0.74875 0.094375 0.12583333333333332
0 0.406875 0.6308333333333334 0.08125 0.10833333333333334
0 0.229375 0.33375 0.0975 0.12916666666666668
0 0.105625 0.17916666666666667 0.09875 0.13166666666666665
0 0.6 0.9175 0.09875 0.13166666666666665
0 0.171875 0.335 0.095 0.12666666666666668
0 0.761875 0.6016666666666667 0.09375 0.125
0 0.323125 0.8541666666666666 0.09125 0.12166666666666667
0 0.368125 0.07875 0.08625 0.11416666666666667
1 0.580625 0.7641666666666667 0.1125 0.15
0 0.5040625 0.3475 0.095625 0.12833333333333333
0 0.8265625 0.62625 0.098125 0.13083333333333333
0 0.2225 0.5354166666666667 0.0975 0.13083333333333333
0 0.2821875 0.18625 0.096875 0.12916666666666668
0 0.275625 0.28541666666666665 0.0875 0.11583333333333333
0 0.658125 0.6441666666666667 0.085 0.11333333333333333
0 0.5625 0.35 0.08625 0.115
0 0.393125 0.6979166666666666 0.07875 0.10416666666666667
0 0.7165625 0.5545833333333333 0.091875 0.1225
0 0.58875 0.49 0.08375 0.11166666666666666
0 0.3225 0.7508333333333334 0.07625 0.10166666666666667
0 0.055625 0.26416666666666666 0.08 0.10666666666666667
0 0.8540625 0.5254166666666666 0.074375 0.09916666666666667
0 0.15875 0.6883333333333334 0.085 0.11333333333333333
0 0.459375 0.48583333333333334 0.07 0.09333333333333334
0 0.609375 0.5966666666666667 0.0875 0.11666666666666667
0 0.910625 0.4816666666666667 0.0875 0.11666666666666667
0 0.0665625 0.31 0.083125 0.11
0 0.22875 0.7716666666666666 0.1 0.13333333333333333
0 0.9271875 0.6495833333333333 0.088125 0.1175
0 0.6365625 0.4345833333333333 0.073125 0.0975
0 0.1471875 0.09541666666666666 0.093125 0.12416666666666666
0 0.815625 0.8566666666666667 0.08125 0.10833333333333334
0 0.7103125 0.7133333333333334 0.094375 0.125
0 0.5303125 0.052083333333333336 0.078125 0.10416666666666667
0 0.106875 0.26458333333333334 0.07625 0.10083333333333333
0 0.5759375 0.5333333333333333 0.066875 0.09
0 0.6734375 0.7370833333333333 0.078125 0.10416666666666667