0 0.941875 0.67375 0.06875 0.1025
0 0.6290625 0.3625 0.059375 0.08333333333333333
0 0.5775 0.7541666666666667 0.06625 0.09833333333333333
0 0.1396875 0.8158333333333333 0.065625 0.08833333333333333
0 0.6275 0.9241666666666667 0.0675 0.10833333333333334
0 0.045 0.905 0.06625 0.08166666666666667
0 0.0746875 0.79 0.064375 0.08666666666666667
0 0.6903125 0.37 0.058125 0.08
0 0.4934375 0.16458333333333333 0.055625 0.07583333333333334
0 0.434375 0.8375 0.07 0.09833333333333333
0 0.271875 0.7829166666666667 0.055 0.07416666666666667
0 0.20875 0.85625 0.06625 0.0725
0 0.311875 0.8470833333333333 0.055 0.07083333333333333
0 0.0525 0.3458333333333333 0.06375 0.08833333333333333
0 0.341875 0.13208333333333333 0.0525 0.07583333333333334
0 0.6471875 0.08916666666666667 0.053125 0.08333333333333333
0 0.5315625 0.23583333333333334 0.076875 0.105
0 0.7725 0.5225 0.07 0.08833333333333333
0 0.39 0.8029166666666666 0.05875 0.0775
0 0.5709375 0.3075 0.075625 0.09333333333333334
0 0.67375 0.2775 0.06625 0.08333333333333333
0 0.224375 0.5991666666666666 0.05625 0.07666666666666666
0 0.1084375 0.6225 0.066875 0.08
0 0.3428125 0.66375 0.061875 0.0875
0 0.685 0.7954166666666667 0.075 0.0975
0 0.2375 0.08 0.06375 0.08666666666666667
0 0.179375 0.43333333333333335 0.06 0.07666666666666666
0 0.51125 0.9125 0.065 0.075
0 0.7834375 0.9308333333333333 0.060625 0.08833333333333333
0 0.310625 0.29375 0.06 0.10083333333333333
0 0.9125 0.42583333333333334 0.0675 0.10666666666666667
0 0.9540625 0.27291666666666664 0.058125 0.08583333333333333
0 0.566875 0.58 0.05875 0.08
0 0.1203125 0.13833333333333334 0.068125 0.08333333333333333
0 0.96375 0.06125 0.05875 0.0875
0 0.4109375 0.6395833333333333 0.060625 0.0725
0 0.3209375 0.1975 0.059375 0.08333333333333333
0 0.426875 0.15875 0.06125 0.0875
0 0.276875 0.11208333333333333 0.07375 0.09416666666666666
0 0.548125 0.485 0.0675 0.08
0 0.24 0.6920833333333334 0.05625 0.0875
0 0.8915625 0.33375 0.069375 0.07416666666666667
0 0.9675 0.40791666666666665 0.05625 0.07916666666666666
0 0.2890625 0.5779166666666666 0.054375 0.07583333333333334
0 0.1965625 0.3179166666666667 0.065625 0.08916666666666667
0 0.8571875 0.25125 0.068125 0.10083333333333333
0 0.244375 0.42125 0.06375 0.08916666666666667
0 0.5959375 0.19291666666666665 0.063125 0.09583333333333334
0 0.73375 0.13166666666666665 0.06625 0.085
0 0.5571875 0.8945833333333333 0.058125 0.07916666666666666
0 0.6578125 0.44458333333333333 0.056875 0.08083333333333333
0 0.71375 0.22166666666666668 0.0675 0.07666666666666666
0 0.91375 0.9504166666666667 0.0575 0.0775
0 0.426875 0.40958333333333335 0.05875 0.0775
0 0.805625 0.20833333333333334 0.065 0.08666666666666667
0 0.2015625 0.5191666666666667 0.055625 0.07666666666666666
0 0.3628125 0.7004166666666667 0.055625 0.08416666666666667
0 0.499375 0.68 0.075 0.07166666666666667
0 0.5434375 0.3879166666666667 0.066875 0.0825
0 0.374375 0.205 0.06 0.11166666666666666
0 0.5884375 0.09625 0.053125 0.08416666666666667
0 0.260625 0.91125 0.06 0.07583333333333334
0 0.704375 0.5345833333333333 0.07 0.09583333333333334
0 0.085 0.7316666666666667 0.06875 0.08833333333333333
0 0.6603125 0.625 0.053125 0.07
0 0.1190625 0.33125 0.059375 0.08583333333333333
0 0.48875 0.3475 0.06 0.08333333333333333
0 0.8584375 0.13666666666666666 0.055625 0.09
0 0.4853125 0.5929166666666666 0.064375 0.0875
0 0.4559375 0.25875 0.063125 0.07416666666666667
0 0.723125 0.47 0.06125 0.08666666666666667
0 0.423125 0.7358333333333333 0.05 0.07
0 0.71875 0.88125 0.065 0.07916666666666666
0 0.8421875 0.7041666666666667 0.059375 0.075
0 0.3015625 0.059583333333333335 0.054375 0.08583333333333333
0 0.4953125 0.7216666666666667 0.056875 0.075
0 0.0315625 0.6858333333333333 0.049375 0.08166666666666667
0 0.6375 0.71125 0.0675 0.08416666666666667
0 0.3259375 0.7729166666666667 0.061875 0.0725
0 0.24 0.3308333333333333 0.0725 0.07833333333333334
0 0.8990625 0.5075 0.059375 0.08
0 0.449375 0.06041666666666667 0.05875 0.07916666666666666
0 0.8109375 0.5554166666666667 0.061875 0.10416666666666667
0 0.7890625 0.045 0.055625 0.08
0 0.8996875 0.08958333333333333 0.055625 0.08916666666666667
0 0.69875 0.7491666666666666 0.05875 0.08333333333333333
0 0.8390625 0.41333333333333333 0.061875 0.085
0 0.193125 0.7579166666666667 0.0575 0.08583333333333333
0 0.373125 0.92 0.06125 0.07833333333333334
0 0.663125 0.15791666666666668 0.055 0.08916666666666667
0 0.5271875 0.8170833333333334 0.061875 0.0775
0 0.2875 0.5116666666666667 0.06625 0.08333333333333333
0 0.81375 0.8383333333333334 0.0625 0.075
0 0.5365625 0.07041666666666667 0.060625 0.07916666666666666
0 0.753125 0.3375 0.06125 0.06666666666666667
0 0.7778125 0.12291666666666666 0.063125 0.0725
0 0.74625 0.26416666666666666 0.06125 0.09
0 0.8696875 0.7804166666666666 0.056875 0.0725
0 0.075 0.43916666666666665 0.06875 0.09833333333333333
0 0.7875 0.6095833333333334 0.0625 0.07916666666666666
0 0.48875 0.54875 0.06875 0.0825
0 0.7828125 0.7408333333333333 0.064375 0.08166666666666667
0 0.2290625 0.21541666666666667 0.063125 0.08916666666666667
0 0.0865625 0.25416666666666665 0.051875 0.085
0 0.5903125 0.6458333333333334 0.081875 0.058333333333333334
0 0.359375 0.05458333333333333 0.06125 0.08416666666666667
0 0.0325 0.21125 0.05875 0.07083333333333333
0 0.361875 0.5091666666666667 0.06 0.06666666666666667
0 0.171875 0.18458333333333332 0.055 0.06916666666666667
0 0.953125 0.8508333333333333 0.0675 0.07666666666666666
0 0.7903125 0.3375 0.056875 0.08166666666666667
0 0.1684375 0.04583333333333333 0.056875 0.075
0 0.09375 0.5441666666666667 0.06 0.065
0 0.0321875 0.5466666666666666 0.060625 0.08166666666666667
0 0.9475 0.14291666666666666 0.04875 0.07083333333333333
0 0.89875 0.04791666666666667 0.05125 0.08916666666666667
0 0.754375 0.07916666666666666 0.05625 0.08666666666666667
0 0.813125 0.05416666666666667 0.06 0.08
0 0.329375 0.285 0.055 0.08
0 0.346875 0.3545833333333333 0.0575 0.0775
0 0.3640625 0.3829166666666667 0.055625 0.0925
0 0.43 0.2525 0.0625 0.08333333333333333
0 0.49875 0.1375 0.05375 0.09
0 0.579375 0.11916666666666667 0.05 0.07666666666666666
0 0.5615625 0.0925 0.051875 0.08833333333333333
0 0.3809375 0.045 0.053125 0.07166666666666667
0 0.4140625 0.07166666666666667 0.064375 0.06833333333333333
0 0.3896875 0.06333333333333334 0.066875 0.08166666666666667
0 0.4375 0.09416666666666666 0.06 0.08
0 0.3996875 0.17208333333333334 0.064375 0.0725
0 0.426875 0.27458333333333335 0.06125 0.0975
0 0.4565625 0.34 0.061875 0.07166666666666667
0 0.396875 0.40208333333333335 0.06125 0.07083333333333333
0 0.1825 0.3333333333333333 0.05125 0.09
0 0.2053125 0.18791666666666668 0.050625 0.09583333333333334
0 0.2296875 0.17458333333333334 0.053125 0.06416666666666666
0 0.15 0.13416666666666666 0.0625 0.07666666666666666
0 0.1846875 0.13875 0.065625 0.08583333333333333
0 0.1465625 0.042916666666666665 0.064375 0.0725
0 0.2825 0.60375 0.05125 0.08583333333333333
0 0.1403125 0.5104166666666666 0.055625 0.08916666666666667
0 0.2653125 0.4575 0.063125 0.07833333333333334
0 0.059375 0.6120833333333333 0.065 0.0875
0 0.21875 0.5633333333333334 0.06125 0.08
0 0.189375 0.485 0.0625 0.08166666666666667
0 0.0440625 0.41333333333333333 0.064375 0.075
0 0.0515625 0.4945833333333333 0.058125 0.0875
0 0.114375 0.52375 0.06125 0.08916666666666667
0 0.125625 0.4816666666666667 0.0475 0.08166666666666667
0 0.1015625 0.425 0.066875 0.07833333333333334
0 0.108125 0.2708333333333333 0.0575 0.09
0 0.1125 0.29833333333333334 0.04875 0.08833333333333333
0 0.6815625 0.18916666666666668 0.073125 0.08
0 0.9603125 0.185 0.069375 0.08166666666666667
0 0.93375 0.1725 0.06625 0.07666666666666666
0 0.9634375 0.5525 0.056875 0.06666666666666667
0 0.8071875 0.6933333333333334 0.070625 0.07833333333333334
0 0.5546875 0.85625 0.064375 0.09583333333333334
0 0.510625 0.7545833333333334 0.0575 0.07416666666666667
0 0.6171875 0.705 0.064375 0.09
0 0.5853125 0.61 0.061875 0.08166666666666667
0 0.6440625 0.505 0.050625 0.105
0 0.934375 0.2683333333333333 0.05625 0.08166666666666667
0 0.85625 0.19208333333333333 0.04875 0.08583333333333333
0 0.8240625 0.14125 0.064375 0.0825
0 0.784375 0.2725 0.05625 0.06333333333333334
0 0.91375 0.3591666666666667 0.0575 0.08333333333333333
0 0.823125 0.4345833333333333 0.05875 0.07083333333333333
0 0.949375 0.60125 0.06875 0.09583333333333334
0 0.8728125 0.48875 0.055625 0.08083333333333333
0 0.8425 0.46375 0.06 0.08416666666666667
0 0.7753125 0.63625 0.065625 0.0775
0 0.74625 0.6154166666666666 0.06 0.0675
0 0.5765625 0.48291666666666666 0.061875 0.09083333333333334
0 0.60375 0.23416666666666666 0.055 0.08166666666666667
0 0.614375 0.27458333333333335 0.085 0.0775
0 0.7515625 0.8795833333333334 0.064375 0.0725
0 0.68875 0.8679166666666667 0.06125 0.06916666666666667
0 0.8465625 0.7495833333333334 0.056875 0.0875
0 0.7521875 0.7829166666666667 0.068125 0.0825
0 0.904375 0.7975 0.055 0.07666666666666666
0 0.9328125 0.7741666666666667 0.064375 0.08333333333333333
0 0.830625 0.865 0.06 0.075
0 0.8525 0.8591666666666666 0.07125 0.06666666666666667
0 0.885625 0.8533333333333334 0.06125 0.085
0 0.7209375 0.7229166666666667 0.051875 0.08083333333333333
0 0.6825 0.6366666666666667 0.06875 0.07833333333333334
0 0.713125 0.64375 0.05875 0.08583333333333333
0 0.3284375 0.8483333333333334 0.064375 0.065
0 0.28875 0.9408333333333333 0.0675 0.09333333333333334
0 0.275 0.9041666666666667 0.07125 0.06833333333333333
0 0.18125 0.9404166666666667 0.07 0.08416666666666667
0 0.1509375 0.9066666666666666 0.065625 0.07
0 0.11375 0.8904166666666666 0.0575 0.06916666666666667
0 0.21875 0.7233333333333334 0.07625 0.065
0 0.0284375 0.77875 0.053125 0.08583333333333333
0 0.0828125 0.82875 0.055625 0.0925
0 0.4434375 0.95625 0.063125 0.0825
0 0.969375 0.81375 0.06 0.08583333333333333
0 0.6584375 0.4716666666666667 0.050625 0.08
0 0.6103125 0.5429166666666667 0.069375 0.10916666666666666
0 0.63625 0.54375 0.06125 0.06916666666666667
0 0.4196875 0.545 0.064375 0.06666666666666667
0 0.39625 0.5958333333333333 0.06 0.09333333333333334
0 0.41625 0.6904166666666667 0.08 0.08416666666666667
0 0.3521875 0.7629166666666667 0.065625 0.0875
0 0.3875 0.49916666666666665 0.065 0.075
0 0.35375 0.43333333333333335 0.055 0.08833333333333333
0 0.219375 0.8325 0.055 0.07833333333333334
0 0.2003125 0.8220833333333334 0.053125 0.08083333333333333
0 0.0475 0.66 0.05875 0.08
0 0.0378125 0.6420833333333333 0.063125 0.07416666666666667
0 0.1653125 0.4033333333333333 0.063125 0.08
0 0.92875 0.19916666666666666 0.0675 0.08833333333333333
0 0.373125 0.9525 0.07 0.08166666666666667
0 0.4071875 0.9241666666666667 0.070625 0.07833333333333334
0 0.505 0.3858333333333333 0.07 0.08333333333333333
0 0.485 0.4116666666666667 0.0525 0.07833333333333334
0 0.4621875 0.5470833333333334 0.066875 0.08583333333333333