0 0.5565625 0.40291666666666665 0.106875 0.1425
0 0.215625 0.25875 0.11 0.14583333333333334
0 0.4353125 0.20291666666666666 0.088125 0.1175
0 0.5009375 0.4708333333333333 0.104375 0.13833333333333334
0 0.1984375 0.5570833333333334 0.103125 0.1375
0 0.7925 0.20166666666666666 0.1025 0.13666666666666666
0 0.2915625 0.8225 0.111875 0.15
0 0.65125 0.1925 0.10875 0.145
0 0.5903125 0.7558333333333334 0.104375 0.14
0 0.8571875 0.6525 0.109375 0.14666666666666667
0 0.48 0.2966666666666667 0.09375 0.125
0 0.3903125 0.4166666666666667 0.109375 0.14666666666666667
0 0.5725 0.09666666666666666 0.1075 0.14333333333333334
0 0.66125 0.45 0.1025 0.13666666666666666
0 0.3640625 0.5216666666666666 0.111875 0.15
0 0.5109375 0.6566666666666666 0.110625 0.14833333333333334
0 0.173125 0.44458333333333333 0.105 0.13916666666666666
0 0.44375 0.8958333333333334 0.10125 0.135
0 0.240625 0.4141666666666667 0.09625 0.12833333333333333
0 0.4390625 0.77 0.113125 0.15166666666666667
0 0.9115625 0.27625 0.108125 0.14416666666666667
0 0.444375 0.5358333333333334 0.11125 0.14833333333333334
0 0.614375 0.5108333333333334 0.10125 0.135
0 0.9378125 0.51375 0.109375 0.14583333333333334
0 0.1178125 0.4166666666666667 0.108125 0.14333333333333334
0 0.7303125 0.31375 0.110625 0.1475
0 0.29875 0.21916666666666668 0.11125 0.14833333333333334
0 0.22 0.8495833333333334 0.095 0.1275
0 0.7953125 0.53 0.106875 0.14166666666666666
0 0.4315625 0.60875 0.090625 0.12083333333333333
0 0.545 0.79625 0.1075 0.14416666666666667
0 0.7234375 0.5191666666666667 0.105625 0.14
0 0.4021875 0.8520833333333333 0.105625 0.14083333333333334
0 0.7253125 0.34 0.095625 0.12666666666666668
0 0.8521875 0.14208333333333334 0.106875 0.1425
0 0.5940625 0.40958333333333335 0.108125 0.14416666666666667
0 0.3178125 0.2654166666666667 0.105625 0.14083333333333334
0 0.7653125 0.4245833333333333 0.113125 0.15083333333333335
0 0.4196875 0.1025 0.098125 0.13166666666666665
0 0.744375 0.5625 0.09625 0.12833333333333333
0 0.168125 0.34375 0.1 0.13416666666666666
0 0.576875 0.5745833333333333 0.1025 0.1375
0 0.6278125 0.8583333333333333 0.091875 0.12166666666666667
0 0.51875 0.5766666666666667 0.1 0.13333333333333333
0 0.2075 0.7175 0.1 0.13333333333333333
0 0.5790625 0.8791666666666667 0.106875 0.14166666666666666
0 0.4684375 0.73 0.114375 0.15166666666666667
0 0.66125 0.37875 0.10375 0.1375
0 0.514375 0.7595833333333334 0.09 0.12083333333333333
0 0.3915625 0.12541666666666668 0.101875 0.13583333333333333
0 0.885625 0.20333333333333334 0.11 0.14666666666666667
0 0.8509375 0.2704166666666667 0.083125 0.11083333333333334
0 0.3446875 0.7579166666666667 0.096875 0.12916666666666668
0 0.94125 0.33666666666666667 0.1075 0.14333333333333334
0 0.3803125 0.7445833333333334 0.089375 0.11916666666666667
0 0.1925 0.7025 0.10375 0.13833333333333334