0 0.1834375 0.14625 0.091875 0.1225
0 0.30875 0.08833333333333333 0.0825 0.11
0 0.750625 0.32916666666666666 0.105 0.14
1 0.590625 0.25708333333333333 0.1025 0.13583333333333333
0 0.7921875 0.92375 0.091875 0.1225
0 0.3815625 0.3020833333333333 0.095625 0.1275
0 0.6975 0.14333333333333334 0.09125 0.12166666666666667
0 0.2415625 0.31958333333333333 0.103125 0.1375
0 0.236875 0.6475 0.08625 0.115
0 0.6996875 0.88125 0.104375 0.13916666666666666
0 0.2109375 0.3975 0.086875 0.11666666666666667
0 0.926875 0.43041666666666667 0.0975 0.13083333333333333
0 0.5228125 0.21166666666666667 0.090625 0.12166666666666667
0 0.6865625 0.6095833333333334 0.080625 0.1075
0 0.5446875 0.7854166666666667 0.089375 0.11916666666666667
0 0.365 0.7516666666666667 0.09875 0.13166666666666665
0 0.55875 0.5116666666666667 0.0875 0.11666666666666667
0 0.1453125 0.5066666666666667 0.095625 0.12833333333333333
0 0.341875 0.12583333333333332 0.09125 0.12166666666666667
0 0.750625 0.8554166666666667 0.08375 0.11083333333333334
0 0.2465625 0.5675 0.089375 0.11833333333333333
0 0.9046875 0.54125 0.091875 0.1225
0 0.8078125 0.27166666666666667 0.096875 0.12833333333333333
0 0.7840625 0.51625 0.090625 0.12083333333333333
0 0.1878125 0.30083333333333334 0.103125 0.13666666666666666
0 0.463125 0.17875 0.10125 0.13583333333333333
0 0.5046875 0.53625 0.099375 0.1325
0 0.5428125 0.58875 0.065625 0.0875
0 0.5234375 0.08666666666666667 0.100625 0.135
0 0.6753125 0.69125 0.093125 0.12416666666666666
0 0.7496875 0.6245833333333334 0.094375 0.12583333333333332
0 0.8428125 0.6445833333333333 0.096875 0.12916666666666668
0 0.085 0.19916666666666666 0.115 0.15333333333333332
0 0.601875 0.0775 0.08375 0.11166666666666666
0 0.4728125 0.81125 0.086875 0.11583333333333333
0 0.8403125 0.4970833333333333 0.098125 0.13083333333333333
0 0.2440625 0.7454166666666666 0.081875 0.10916666666666666
0 0.459375 0.6570833333333334 0.09375 0.12416666666666666
0 0.12125 0.42583333333333334 0.085 0.11333333333333333
0 0.4946875 0.40291666666666665 0.095625 0.1275
0 0.135 0.27666666666666667 0.10625 0.14166666666666666
0 0.464375 0.41833333333333333 0.1025 0.13666666666666666
0 0.4728125 0.8920833333333333 0.081875 0.10916666666666666
0 0.76875 0.7666666666666667 0.10375 0.13833333333333334
0 0.14 0.3441666666666667 0.08625 0.115
0 0.191875 0.5341666666666667 0.09875 0.13166666666666665
0 0.5628125 0.67875 0.091875 0.1225
0 0.38375 0.5516666666666666 0.0725 0.09666666666666666
0 0.42125 0.23041666666666666 0.08125 0.1075
0 0.085625 0.3725 0.08125 0.10833333333333334
0 0.4028125 0.67625 0.070625 0.09416666666666666
0 0.559375 0.38166666666666665 0.07875 0.105
0 0.60125 0.3408333333333333 0.08125 0.10833333333333334
0 0.3078125 0.34708333333333335 0.085625 0.11416666666666667
0 0.8665625 0.8179166666666666 0.084375 0.1125
0 0.079375 0.5033333333333333 0.0775 0.10333333333333333
0 0.3534375 0.4354166666666667 0.083125 0.11083333333333334
0 0.873125 0.6116666666666667 0.0875 0.11666666666666667
0 0.641875 0.2791666666666667 0.07625 0.10166666666666667
0 0.46375 0.69875 0.0975 0.12916666666666668
0 0.5190625 0.11708333333333333 0.104375 0.13916666666666666
0 0.74875 0.7245833333333334 0.0775 0.1025
0 0.8803125 0.7279166666666667 0.078125 0.10416666666666667
0 0.431875 0.575 0.085 0.11333333333333333
0 0.7075 0.79625 0.07 0.0925
0 0.6521875 0.35208333333333336 0.089375 0.11916666666666667
0 0.775 0.41833333333333333 0.07625 0.10166666666666667
0 0.23125 0.05458333333333333 0.06875 0.09083333333333334
0 0.688125 0.12041666666666667 0.095 0.1275
0 0.8121875 0.36541666666666667 0.074375 0.09916666666666667
0 0.2034375 0.695 0.066875 0.08833333333333333
0 0.3946875 0.88125 0.071875 0.09583333333333334
0 0.533125 0.4533333333333333 0.07875 0.105
0 0.429375 0.9279166666666666 0.075 0.09916666666666667
0 0.899375 0.6758333333333333 0.07625 0.10166666666666667
0 0.3578125 0.7 0.068125 0.09166666666666666