0 0.4284375 0.30375 0.070625 0.08916666666666667
0 0.101875 0.16625 0.07125 0.0975
0 0.403125 0.39916666666666667 0.07625 0.09666666666666666
0 0.52875 0.8220833333333334 0.05875 0.09583333333333334
0 0.4815625 0.7395833333333334 0.060625 0.08083333333333333
0 0.5890625 0.24958333333333332 0.069375 0.09583333333333334
0 0.0640625 0.70625 0.078125 0.09583333333333334
0 0.0621875 0.45625 0.076875 0.08583333333333333
0 0.6903125 0.8241666666666667 0.051875 0.08166666666666667
0 0.58375 0.38958333333333334 0.05625 0.07416666666666667
0 0.23625 0.4066666666666667 0.0725 0.09833333333333333
0 0.9353125 0.7445833333333334 0.063125 0.0925
0 0.76375 0.31083333333333335 0.065 0.07666666666666666
0 0.6759375 0.9075 0.069375 0.08333333333333333
0 0.8709375 0.11 0.070625 0.08
0 0.5209375 0.5766666666666667 0.069375 0.10166666666666667
0 0.2525 0.18041666666666667 0.06 0.07916666666666666
0 0.5928125 0.7783333333333333 0.055625 0.08166666666666667
0 0.6175 0.5308333333333334 0.055 0.08
0 0.95 0.2654166666666667 0.0625 0.06916666666666667
0 0.2275 0.74375 0.05875 0.09083333333333334
0 0.170625 0.5629166666666666 0.05375 0.0725
0 0.1903125 0.14875 0.061875 0.07583333333333334
0 0.6540625 0.6775 0.068125 0.08
0 0.803125 0.8229166666666666 0.05 0.06916666666666667
0 0.8684375 0.7866666666666666 0.063125 0.07333333333333333
0 0.6071875 0.8545833333333334 0.064375 0.08416666666666667
0 0.495625 0.30875 0.065 0.0825
1 0.0575 0.55125 0.06625 0.1125
0 0.318125 0.17583333333333334 0.07375 0.09166666666666666
0 0.7378125 0.04958333333333333 0.064375 0.09416666666666666
0 0.84625 0.37083333333333335 0.055 0.07833333333333334
0 0.4071875 0.7 0.063125 0.07833333333333334
0 0.804375 0.11916666666666667 0.06875 0.08333333333333333
0 0.9653125 0.12791666666666668 0.061875 0.08416666666666667
0 0.6034375 0.10083333333333333 0.061875 0.07666666666666666
0 0.3559375 0.68 0.069375 0.08333333333333333
0 0.695 0.48083333333333333 0.06625 0.08166666666666667
0 0.47625 0.16791666666666666 0.0625 0.07416666666666667
0 0.6459375 0.42625 0.063125 0.09416666666666666
0 0.1809375 0.9408333333333333 0.070625 0.085
0 0.4184375 0.12458333333333334 0.064375 0.0825
0 0.185625 0.70125 0.065 0.0875
0 0.2509375 0.07583333333333334 0.054375 0.07833333333333334
0 0.15375 0.7829166666666667 0.0725 0.1025
0 0.915625 0.395 0.05375 0.07666666666666666
0 0.7628125 0.6470833333333333 0.050625 0.06916666666666667
1 0.7915625 0.4066666666666667 0.075625 0.10166666666666667
0 0.296875 0.6179166666666667 0.0525 0.0825
1 0.9290625 0.5591666666666667 0.074375 0.10833333333333334
0 0.683125 0.0725 0.0525 0.065
0 0.30125 0.3825 0.05625 0.07833333333333334
0 0.89375 0.46416666666666667 0.06 0.06666666666666667
0 0.5646875 0.5029166666666667 0.063125 0.08916666666666667
0 0.74125 0.44666666666666666 0.05875 0.07
0 0.5040625 0.07583333333333334 0.061875 0.09666666666666666
0 0.31625 0.9491666666666667 0.06 0.07666666666666666
0 0.40125 0.48 0.06625 0.06666666666666667
0 0.569375 0.8808333333333334 0.0525 0.08166666666666667
0 0.88125 0.21708333333333332 0.05375 0.06583333333333333
0 0.071875 0.24791666666666667 0.065 0.08416666666666667
0 0.5384375 0.11833333333333333 0.059375 0.08333333333333333
0 0.753125 0.8304166666666667 0.06125 0.07916666666666666
0 0.1296875 0.2475 0.055625 0.07666666666666666
0 0.740625 0.7304166666666667 0.06875 0.0725
0 0.9 0.8958333333333334 0.05875 0.095
0 0.5828125 0.16166666666666665 0.055625 0.07333333333333333
0 0.2309375 0.92875 0.060625 0.08583333333333333
0 0.588125 0.5829166666666666 0.06875 0.08416666666666667
0 0.1175 0.40541666666666665 0.0675 0.05416666666666667
0 0.7978125 0.20791666666666667 0.054375 0.07583333333333334
0 0.0640625 0.3075 0.059375 0.08
0 0.93375 0.3275 0.05375 0.065
0 0.3540625 0.11458333333333333 0.056875 0.07916666666666666
0 0.608125 0.8745833333333334 0.06375 0.09416666666666666
0 0.813125 0.7195833333333334 0.0525 0.1075
0 0.371875 0.59125 0.05875 0.0775
0 0.965625 0.19958333333333333 0.06 0.07083333333333333
0 0.87875 0.5733333333333334 0.05375 0.07
0 0.7509375 0.5216666666666666 0.048125 0.06333333333333334
0 0.6365625 0.36291666666666667 0.053125 0.0675
0 0.446875 0.05583333333333333 0.05 0.07333333333333333
0 0.33875 0.06 0.04875 0.056666666666666664
0 0.1215625 0.5283333333333333 0.045625 0.14166666666666666
0 0.1884375 0.8495833333333334 0.063125 0.09083333333333334
0 0.3134375 0.54375 0.081875 0.05416666666666667
0 0.2784375 0.9104166666666667 0.058125 0.08083333333333333
0 0.275625 0.8520833333333333 0.06375 0.06416666666666666
0 0.190625 0.47041666666666665 0.0525 0.12583333333333332
0 0.35 0.37125 0.04 0.08083333333333333
0 0.6728125 0.545 0.056875 0.07666666666666666
0 0.656875 0.6016666666666667 0.05875 0.06833333333333333
0 0.203125 0.26458333333333334 0.0575 0.07583333333333334
0 0.17875 0.23208333333333334 0.0475 0.0675
0 0.1653125 0.31916666666666665 0.060625 0.07
0 0.160625 0.43833333333333335 0.05875 0.07166666666666667
0 0.1775 0.37625 0.0525 0.06583333333333333
0 0.531875 0.16041666666666668 0.0575 0.08583333333333333
0 0.4684375 0.10291666666666667 0.063125 0.07916666666666666
0 0.85875 0.31625 0.05 0.060833333333333336
0 0.9565625 0.9241666666666667 0.064375 0.07166666666666667
0 0.955 0.8666666666666667 0.05875 0.09333333333333334
0 0.8315625 0.9316666666666666 0.059375 0.06666666666666667
0 0.87375 0.96625 0.07125 0.06583333333333333
0 0.754375 0.895 0.055 0.075
0 0.8615625 0.88 0.051875 0.06666666666666667
0 0.8096875 0.8854166666666666 0.059375 0.0775
0 0.6640625 0.050833333333333335 0.049375 0.06166666666666667
0 0.291875 0.06791666666666667 0.05375 0.10916666666666666