0 0.3784375 0.5995833333333334 0.079375 0.0875
0 0.674375 0.95875 0.06375 0.08083333333333333
0 0.3353125 0.6745833333333333 0.059375 0.0825
0 0.7815625 0.69375 0.079375 0.09416666666666666
0 0.364375 0.18958333333333333 0.0725 0.1025
0 0.45125 0.42916666666666664 0.0675 0.09333333333333334
0 0.26625 0.9216666666666666 0.07 0.09833333333333333
0 0.6103125 0.6054166666666667 0.060625 0.09416666666666666
0 0.7953125 0.18833333333333332 0.070625 0.09
0 0.4315625 0.71 0.074375 0.10833333333333334
0 0.22875 0.46541666666666665 0.08 0.0975
0 0.16375 0.47041666666666665 0.065 0.09916666666666667
0 0.4425 0.10541666666666667 0.075 0.10583333333333333
0 0.5521875 0.49625 0.068125 0.09083333333333334
0 0.2103125 0.8041666666666667 0.069375 0.09166666666666666
0 0.2628125 0.07333333333333333 0.054375 0.08
0 0.2528125 0.21041666666666667 0.071875 0.10083333333333333
0 0.3203125 0.52 0.061875 0.08666666666666667
0 0.184375 0.29041666666666666 0.075 0.08916666666666667
0 0.5821875 0.39166666666666666 0.064375 0.085
0 0.6909375 0.4504166666666667 0.074375 0.08416666666666667
0 0.2259375 0.5683333333333334 0.059375 0.09166666666666666
0 0.1925 0.7020833333333333 0.08 0.08916666666666667
0 0.2146875 0.6508333333333334 0.079375 0.08333333333333333
0 0.7953125 0.5858333333333333 0.069375 0.10166666666666667
0 0.2790625 0.6995833333333333 0.071875 0.11416666666666667
0 0.3021875 0.6 0.068125 0.08833333333333333
0 0.755625 0.92125 0.06375 0.1075
0 0.335 0.7670833333333333 0.07125 0.11583333333333333
0 0.598125 0.15583333333333332 0.07875 0.095
0 0.730625 0.3570833333333333 0.06625 0.0975
0 0.8365625 0.3466666666666667 0.054375 0.15
0 0.3428125 0.48375 0.083125 0.0875
0 0.6278125 0.48375 0.069375 0.0775
0 0.5221875 0.29875 0.070625 0.08083333333333333
0 0.826875 0.29125 0.08625 0.07916666666666666
0 0.3540625 0.9229166666666667 0.081875 0.08583333333333333
0 0.534375 0.71 0.08125 0.1
0 0.7659375 0.2525 0.073125 0.11666666666666667
0 0.6690625 0.27125 0.063125 0.09083333333333334
0 0.34375 0.38916666666666666 0.0675 0.11
0 0.415 0.32916666666666666 0.04875 0.12166666666666667
0 0.605 0.7116666666666667 0.0775 0.09
0 0.205625 0.08166666666666667 0.07125 0.09833333333333333
0 0.67625 0.7304166666666667 0.075 0.08416666666666667
0 0.7109375 0.52875 0.074375 0.10583333333333333
0 0.72125 0.175 0.065 0.10333333333333333
0 0.666875 0.085 0.07625 0.07666666666666666
0 0.1740625 0.2225 0.071875 0.08333333333333333
0 0.581875 0.32083333333333336 0.06875 0.08333333333333333
0 0.244375 0.15708333333333332 0.07625 0.0925
0 0.54875 0.9004166666666666 0.0725 0.1025
0 0.52375 0.38083333333333336 0.07375 0.09333333333333334
0 0.6725 0.3720833333333333 0.06 0.09583333333333334
0 0.819375 0.6045833333333334 0.0575 0.14083333333333334
0 0.545625 0.18083333333333335 0.07125 0.09666666666666666
0 0.6378125 0.22291666666666668 0.046875 0.0975
0 0.264375 0.4345833333333333 0.08 0.0875
0 0.74 0.6120833333333333 0.06375 0.10083333333333333
0 0.8271875 0.8970833333333333 0.066875 0.1425
0 0.3075 0.20291666666666666 0.04375 0.1725
0 0.71875 0.85875 0.04875 0.13916666666666666
0 0.475 0.36541666666666667 0.07375 0.0875
0 0.8325 0.78125 0.06875 0.1125
0 0.595 0.7516666666666667 0.075 0.08666666666666667
0 0.210625 0.605 0.06 0.07833333333333334
0 0.155625 0.74125 0.06125 0.09083333333333334
0 0.685625 0.6125 0.0675 0.13333333333333333
0 0.3728125 0.335 0.066875 0.10666666666666667
0 0.3890625 0.335 0.065625 0.11666666666666667
0 0.280625 0.58125 0.06875 0.11416666666666667
0 0.72125 0.58125 0.07 0.0975
0 0.7265625 0.32875 0.063125 0.07583333333333334
0 0.6384375 0.43166666666666664 0.070625 0.12666666666666668
0 0.1865625 0.1925 0.070625 0.09833333333333333
0 0.19875 0.10041666666666667 0.08875 0.08583333333333333