0 0.3446875 0.5004166666666666 0.074375 0.09916666666666667
0 0.3178125 0.29041666666666666 0.068125 0.08416666666666667
0 0.2690625 0.8179166666666666 0.061875 0.0875
0 0.2415625 0.65125 0.061875 0.0875
0 0.3759375 0.3358333333333333 0.063125 0.09
0 0.3446875 0.8058333333333333 0.066875 0.085
0 0.3653125 0.5966666666666667 0.055625 0.09166666666666666
0 0.0390625 0.82375 0.060625 0.09416666666666666
0 0.25125 0.12541666666666668 0.06375 0.08916666666666667
0 0.079375 0.515 0.06 0.095
0 0.731875 0.9195833333333333 0.065 0.0975
0 0.1475 0.06583333333333333 0.07 0.1
0 0.9396875 0.9225 0.055625 0.085
0 0.693125 0.11166666666666666 0.065 0.09
0 0.265 0.55375 0.0675 0.09083333333333334
0 0.171875 0.87 0.06 0.095
0 0.4309375 0.9054166666666666 0.051875 0.09916666666666667
0 0.1715625 0.2970833333333333 0.056875 0.0825
0 0.496875 0.5725 0.0525 0.07166666666666667
0 0.2796875 0.9341666666666667 0.053125 0.07333333333333333
0 0.3784375 0.1775 0.055625 0.07166666666666667
0 0.7465625 0.3570833333333333 0.064375 0.09416666666666666
0 0.7534375 0.06166666666666667 0.075625 0.08666666666666667
0 0.2978125 0.59625 0.065625 0.0875
0 0.3 0.06458333333333334 0.0625 0.08583333333333333
0 0.821875 0.4970833333333333 0.065 0.07583333333333334
0 0.34375 0.8954166666666666 0.05375 0.06583333333333333
0 0.48125 0.6704166666666667 0.065 0.09083333333333334
0 0.190625 0.7841666666666667 0.04875 0.095
0 0.5753125 0.335 0.066875 0.08666666666666667
0 0.833125 0.27166666666666667 0.07 0.085
0 0.961875 0.66125 0.05875 0.08916666666666667
0 0.7940625 0.19333333333333333 0.068125 0.08666666666666667
0 0.788125 0.2783333333333333 0.05875 0.07833333333333334
0 0.2396875 0.2841666666666667 0.063125 0.08166666666666667
0 0.68375 0.4970833333333333 0.06125 0.07916666666666666
0 0.08 0.9291666666666667 0.07875 0.11333333333333333
0 0.4128125 0.24291666666666667 0.065625 0.08916666666666667
0 0.091875 0.8766666666666667 0.05875 0.09166666666666666
0 0.11875 0.17708333333333334 0.065 0.08916666666666667
0 0.421875 0.6329166666666667 0.05625 0.0775
0 0.7534375 0.7725 0.060625 0.09666666666666666
0 0.92 0.20625 0.07 0.07916666666666666
0 0.2896875 0.3854166666666667 0.061875 0.07916666666666666
0 0.4365625 0.77375 0.064375 0.0875
0 0.1453125 0.6779166666666666 0.056875 0.07416666666666667
0 0.363125 0.7283333333333334 0.06375 0.06
0 0.4521875 0.7195833333333334 0.060625 0.08416666666666667
0 0.67125 0.8854166666666666 0.0575 0.08416666666666667
0 0.541875 0.22583333333333333 0.055 0.07666666666666666
0 0.5215625 0.405 0.060625 0.08333333333333333
0 0.44875 0.38375 0.06 0.08416666666666667
0 0.0990625 0.4395833333333333 0.068125 0.0875
0 0.5059375 0.9470833333333334 0.075625 0.0975
0 0.8559375 0.38916666666666666 0.061875 0.08
0 0.6059375 0.6029166666666667 0.080625 0.0725
0 0.5578125 0.71875 0.056875 0.07416666666666667
0 0.4015625 0.09166666666666666 0.065625 0.07833333333333334
0 0.1615625 0.3875 0.058125 0.08
0 0.80875 0.06041666666666667 0.06 0.08083333333333333
0 0.864375 0.7629166666666667 0.06375 0.08416666666666667
0 0.58 0.8625 0.06375 0.085
0 0.2521875 0.45458333333333334 0.068125 0.07583333333333334
0 0.769375 0.58125 0.055 0.0775
0 0.6409375 0.09958333333333333 0.061875 0.09416666666666666
0 0.6478125 0.4033333333333333 0.074375 0.07333333333333333
0 0.60125 0.6779166666666666 0.065 0.0825
0 0.7228125 0.2075 0.066875 0.08333333333333333
0 0.3275 0.68125 0.0675 0.0675
0 0.0621875 0.06791666666666667 0.055625 0.07583333333333334
0 0.305 0.19875 0.06875 0.07916666666666666
0 0.7978125 0.47125 0.066875 0.07416666666666667
0 0.525625 0.08083333333333333 0.07125 0.08
0 0.5678125 0.5708333333333333 0.064375 0.08333333333333333
0 0.71125 0.5620833333333334 0.06 0.0825
0 0.24 0.89125 0.05875 0.09083333333333334
0 0.735625 0.6108333333333333 0.0475 0.10666666666666667
0 0.0328125 0.5975 0.064375 0.08666666666666667
0 0.420625 0.1925 0.05875 0.07
0 0.8184375 0.6495833333333333 0.058125 0.0825
0 0.5584375 0.13583333333333333 0.054375 0.08
0 0.9334375 0.4033333333333333 0.056875 0.075
0 0.7228125 0.25166666666666665 0.053125 0.08166666666666667
0 0.2615625 0.7345833333333334 0.053125 0.07583333333333334
0 0.865625 0.9558333333333333 0.0675 0.06666666666666667
0 0.89375 0.32666666666666666 0.05375 0.07166666666666667
0 0.4821875 0.24 0.053125 0.07
0 0.6296875 0.145 0.068125 0.08166666666666667
0 0.6746875 0.5495833333333333 0.066875 0.0925
0 0.6378125 0.21958333333333332 0.060625 0.07583333333333334
0 0.8934375 0.6345833333333334 0.054375 0.08916666666666667
0 0.6015625 0.80875 0.050625 0.07583333333333334
0 0.7590625 0.8970833333333333 0.066875 0.08416666666666667
0 0.955 0.4970833333333333 0.0625 0.07416666666666667
0 0.773125 0.70625 0.0675 0.07916666666666666
0 0.0515625 0.3279166666666667 0.064375 0.059166666666666666
0 0.944375 0.26458333333333334 0.06125 0.08916666666666667
0 0.51 0.7875 0.0475 0.07666666666666666
1 0.870625 0.855 0.1 0.105
0 0.4384375 0.54625 0.044375 0.0775
0 0.65875 0.9429166666666666 0.06125 0.09416666666666666
0 0.6803125 0.3279166666666667 0.053125 0.07083333333333333
0 0.966875 0.7991666666666667 0.06375 0.08333333333333333
0 0.345625 0.3933333333333333 0.0675 0.085
0 0.5115625 0.8116666666666666 0.058125 0.07833333333333334
0 0.51375 0.8341666666666666 0.05375 0.07833333333333334
0 0.2065625 0.9 0.063125 0.09833333333333333
0 0.191875 0.7229166666666667 0.04 0.09583333333333334
0 0.0315625 0.6354166666666666 0.053125 0.09083333333333334
0 0.06875 0.42583333333333334 0.06375 0.08
0 0.0840625 0.3383333333333333 0.064375 0.08
0 0.089375 0.4041666666666667 0.05375 0.07833333333333334
0 0.18375 0.4116666666666667 0.04625 0.075
0 0.221875 0.23333333333333334 0.04875 0.07666666666666666
0 0.1 0.14291666666666666 0.0625 0.0925
0 0.0675 0.1125 0.0625 0.085
0 0.27 0.09416666666666666 0.0575 0.08
0 0.296875 0.18041666666666667 0.05 0.08416666666666667
0 0.316875 0.17291666666666666 0.05875 0.0725
0 0.2103125 0.04375 0.048125 0.0825
0 0.405625 0.058333333333333334 0.05 0.07
0 0.4415625 0.16875 0.056875 0.07916666666666666
0 0.47 0.19541666666666666 0.0575 0.0725
0 0.514375 0.44583333333333336 0.06 0.09333333333333334
0 0.425 0.365 0.07 0.08833333333333333
0 0.64125 0.59375 0.0675 0.0575
0 0.604375 0.7729166666666667 0.05 0.0725
0 0.8325 0.7791666666666667 0.07125 0.07333333333333333
0 0.95 0.7766666666666666 0.05625 0.06833333333333333
0 0.9228125 0.7945833333333333 0.055625 0.0625
0 0.924375 0.6266666666666667 0.065 0.09666666666666666
0 0.9734375 0.57 0.043125 0.051666666666666666
0 0.9228125 0.48875 0.061875 0.06916666666666667
0 0.7925 0.6708333333333333 0.06 0.07833333333333334
0 0.6771875 0.3829166666666667 0.044375 0.10083333333333333
0 0.65625 0.3020833333333333 0.055 0.060833333333333336
0 0.585 0.2966666666666667 0.06125 0.08
0 0.604375 0.19416666666666665 0.0575 0.08166666666666667
0 0.874375 0.35541666666666666 0.05625 0.0725
0 0.9734375 0.18 0.046875 0.125
0 0.52 0.05708333333333333 0.0425 0.07083333333333333
0 0.5196875 0.24958333333333332 0.035625 0.11583333333333333
0 0.6325 0.2725 0.065 0.07333333333333333
0 0.0334375 0.9420833333333334 0.063125 0.08083333333333333
0 0.3021875 0.94625 0.059375 0.0725
0 0.3628125 0.9004166666666666 0.066875 0.07583333333333334
0 0.530625 0.9491666666666667 0.05625 0.06666666666666667
0 0.60375 0.73375 0.05125 0.0975
0 0.2771875 0.72375 0.055625 0.07083333333333333
0 0.369375 0.6970833333333334 0.065 0.07416666666666667
0 0.31875 0.37166666666666665 0.05875 0.06666666666666667
0 0.220625 0.41041666666666665 0.05125 0.07583333333333334
0 0.2309375 0.44875 0.071875 0.09083333333333334
0 0.9671875 0.41458333333333336 0.064375 0.0575
0 0.9071875 0.31666666666666665 0.053125 0.07833333333333334
0 0.7421875 0.27708333333333335 0.063125 0.0875
0 0.63625 0.18375 0.06375 0.08416666666666667
0 0.5696875 0.16416666666666666 0.064375 0.09