0 0.38875 0.6583333333333333 0.08 0.10333333333333333
0 0.768125 0.6333333333333333 0.08125 0.10666666666666667
0 0.8003125 0.7308333333333333 0.079375 0.1
0 0.5334375 0.8104166666666667 0.094375 0.0975
0 0.473125 0.34 0.0775 0.08666666666666667
0 0.1103125 0.10666666666666667 0.084375 0.115
0 0.2178125 0.8933333333333333 0.080625 0.10333333333333333
0 0.1109375 0.30791666666666667 0.080625 0.10583333333333333
0 0.5184375 0.5566666666666666 0.079375 0.10166666666666667
1 0.6840625 0.7766666666666666 0.096875 0.12166666666666667
0 0.9121875 0.41333333333333333 0.076875 0.11
0 0.6346875 0.35041666666666665 0.068125 0.0875
0 0.2525 0.6045833333333334 0.085 0.09583333333333334
0 0.0696875 0.5145833333333333 0.069375 0.09583333333333334
0 0.38875 0.12208333333333334 0.075 0.0925
0 0.0978125 0.7833333333333333 0.085625 0.10333333333333333
0 0.3821875 0.20541666666666666 0.080625 0.0975
0 0.5209375 0.2708333333333333 0.081875 0.09
0 0.37 0.42375 0.09 0.09583333333333334
0 0.6115625 0.8791666666666667 0.076875 0.09666666666666666
0 0.0553125 0.405 0.078125 0.12333333333333334
1 0.515625 0.41291666666666665 0.0925 0.11416666666666667
0 0.790625 0.42833333333333334 0.07625 0.10833333333333334
0 0.7690625 0.9554166666666667 0.074375 0.0875
0 0.9203125 0.21416666666666667 0.071875 0.135
0 0.6275 0.13083333333333333 0.07875 0.10666666666666667
0 0.434375 0.46 0.07625 0.11
1 0.2665625 0.31625 0.098125 0.13916666666666666
0 0.7403125 0.24125 0.074375 0.12416666666666666
0 0.6090625 0.5729166666666666 0.089375 0.1075
0 0.3284375 0.3229166666666667 0.055625 0.11416666666666667
0 0.3628125 0.545 0.093125 0.10833333333333334
1 0.553125 0.17 0.0975 0.125
0 0.1009375 0.8770833333333333 0.089375 0.0925
0 0.57875 0.08958333333333333 0.09 0.08416666666666667
0 0.7878125 0.1 0.091875 0.10333333333333333
0 0.2684375 0.6941666666666667 0.095625 0.095
0 0.85375 0.40875 0.0725 0.12416666666666666
0 0.46875 0.059583333333333335 0.0875 0.10416666666666667
0 0.344375 0.8166666666666667 0.0725 0.09666666666666666
0 0.288125 0.83125 0.0875 0.0975
0 0.2665625 0.5145833333333333 0.069375 0.10083333333333333