0 0.526875 0.6075 0.0725 0.10833333333333334
0 0.5065625 0.74 0.080625 0.10333333333333333
0 0.741875 0.20916666666666667 0.08375 0.11666666666666667
0 0.610625 0.6983333333333334 0.0725 0.09333333333333334
0 0.3309375 0.6425 0.071875 0.1
0 0.325 0.7825 0.08 0.105
0 0.4178125 0.7354166666666667 0.074375 0.10083333333333333
0 0.43875 0.25708333333333333 0.08 0.11083333333333334
0 0.195 0.87875 0.07125 0.09083333333333334
0 0.7334375 0.7191666666666666 0.076875 0.09666666666666666
0 0.2390625 0.60125 0.070625 0.10416666666666667
0 0.1584375 0.30541666666666667 0.060625 0.09916666666666667
0 0.30625 0.06791666666666667 0.0625 0.08583333333333333
0 0.30125 0.5358333333333334 0.08375 0.105
0 0.28125 0.19083333333333333 0.08375 0.1
0 0.2 0.945 0.0625 0.07
0 0.5471875 0.16791666666666666 0.079375 0.1025
0 0.495 0.41125 0.0825 0.0875
0 0.4265625 0.065 0.065625 0.11166666666666666
0 0.6934375 0.13541666666666666 0.073125 0.09416666666666666
0 0.6834375 0.6670833333333334 0.073125 0.1125
0 0.594375 0.295 0.07875 0.115
0 0.568125 0.07708333333333334 0.08375 0.10416666666666667
0 0.2946875 0.4575 0.070625 0.09833333333333333
0 0.7171875 0.5829166666666666 0.076875 0.09916666666666667
0 0.8065625 0.9066666666666666 0.075625 0.11166666666666666
0 0.193125 0.67875 0.07375 0.09083333333333334
0 0.1846875 0.46708333333333335 0.076875 0.13083333333333333
0 0.5525 0.25833333333333336 0.0675 0.07666666666666666
0 0.18375 0.26125 0.07875 0.09416666666666666
0 0.2778125 0.29375 0.073125 0.10583333333333333
0 0.4321875 0.9175 0.084375 0.095
0 0.64375 0.4920833333333333 0.07375 0.1025
0 0.6071875 0.39458333333333334 0.076875 0.0875
0 0.65375 0.39125 0.08 0.10916666666666666
0 0.375625 0.8558333333333333 0.06875 0.11666666666666667
0 0.319375 0.29541666666666666 0.0925 0.0925