0 0.2453125 0.5854166666666667 0.105625 0.14083333333333334
0 0.1340625 0.36541666666666667 0.105625 0.14083333333333334
0 0.3196875 0.13875 0.110625 0.1475
0 0.3921875 0.42041666666666666 0.104375 0.13916666666666666
0 0.8515625 0.1475 0.096875 0.12833333333333333
0 0.3271875 0.5654166666666667 0.113125 0.15083333333333335
0 0.4378125 0.8591666666666666 0.108125 0.14333333333333334
0 0.6221875 0.5795833333333333 0.099375 0.1325
0 0.3046875 0.46708333333333335 0.101875 0.13583333333333333
0 0.6396875 0.4008333333333333 0.110625 0.14666666666666667
0 0.78625 0.5845833333333333 0.1125 0.14916666666666667
0 0.4853125 0.9170833333333334 0.089375 0.11916666666666667
0 0.6775 0.5716666666666667 0.08875 0.11833333333333333
0 0.57375 0.49 0.095 0.12666666666666668
0 0.5971875 0.39125 0.100625 0.13416666666666666