0 0.9588477366255144 0.7382501807664498 0.06481481481481481 0.09544468546637744
0 0.9444444444444444 0.5632682574114244 0.06790123456790123 0.08387563268257411
0 0.12474279835390946 0.7505422993492408 0.0684156378600823 0.09833694866232827
0 0.8317901234567902 0.34454085321764283 0.07098765432098765 0.09761388286334056
0 0.10905349794238683 0.47433116413593635 0.07510288065843622 0.09833694866232827
0 0.23405349794238683 0.39117859725235 0.06481481481481481 0.1012292118582791
0 0.8446502057613169 0.2664497469269704 0.08127572016460906 0.09038322487346348
0 0.8233024691358025 0.1749819233550253 0.06532921810699588 0.0824295010845987
0 0.555298353909465 0.9038322487346349 0.07664609053497942 0.09689081706435286
0 0.2006172839506173 0.5318148951554591 0.06790123456790123 0.1019522776572668
0 0.8474794238683128 0.09219088937093275 0.07767489711934156 0.09906001446131597
0 0.8960905349794238 0.48698481561822127 0.07716049382716049 0.1005061460592914
0 0.14094650205761317 0.5629067245119306 0.07613168724279835 0.1005061460592914
0 0.6579218106995884 0.30151843817787416 0.07304526748971193 0.1012292118582791
0 0.4498456790123457 0.7288503253796096 0.0684156378600823 0.11569052783803326
0 0.45113168724279834 0.3600867678958785 0.07818930041152264 0.10412147505422993
0 0.24537037037037038 0.839117859725235 0.0668724279835391 0.08459869848156182
0 0.746141975308642 0.6409978308026031 0.07767489711934156 0.10484454085321765
0 0.35905349794238683 0.9193781634128706 0.08127572016460906 0.11062906724511931
0 0.7551440329218106 0.24222704266088213 0.07716049382716049 0.1099060014461316
0 0.3670267489711934 0.6872740419378164 0.0787037037037037 0.0918293564714389
0 0.45010288065843623 0.4786695589298626 0.07818930041152264 0.09689081706435286
0 0.2492283950617284 0.5853217642805495 0.062242798353909466 0.11496746203904555
0 0.6113683127572016 0.5491684743311641 0.07458847736625514 0.09472161966738973
0 0.4102366255144033 0.6080983369486623 0.08076131687242798 0.08676789587852494
0 0.29475308641975306 0.6102675343456254 0.06995884773662552 0.09833694866232827
0 0.2857510288065844 0.470354302241504 0.073559670781893 0.0730296456977585
0 0.404320987654321 0.4128705712219812 0.07510288065843622 0.08966015907447578
1 0.36882716049382713 0.3405639913232104 0.08127572016460906 0.11279826464208242
1 0.2934670781893004 0.37129428778018797 0.06635802469135803 0.1467823571945047
0 0.3184156378600823 0.5401301518438177 0.08024691358024691 0.10267534345625452
0 0.4079218106995885 0.5155459146782357 0.07613168724279835 0.11279826464208242
0 0.3387345679012346 0.6290672451193059 0.07458847736625514 0.12002892263195951
0 0.34953703703703703 0.4511930585683297 0.06430041152263374 0.10267534345625452