1 0.3259375 0.21708333333333332 0.078125 0.1075
0 0.5221875 0.20875 0.058125 0.08083333333333333
0 0.6390625 0.8375 0.066875 0.08333333333333333
0 0.6715625 0.575 0.059375 0.09
0 0.305 0.3416666666666667 0.06 0.07833333333333334
0 0.19375 0.44625 0.0625 0.09583333333333334
0 0.2825 0.7425 0.05875 0.08
0 0.6521875 0.08916666666666667 0.056875 0.07833333333333334
0 0.4434375 0.15041666666666667 0.074375 0.09916666666666667
0 0.368125 0.9533333333333334 0.06625 0.08666666666666667
0 0.3925 0.41833333333333333 0.0625 0.07833333333333334
0 0.4165625 0.24291666666666667 0.070625 0.1025
0 0.6071875 0.68875 0.065625 0.0775
0 0.730625 0.16375 0.0575 0.08916666666666667
0 0.1621875 0.7454166666666666 0.063125 0.07916666666666666
0 0.5815625 0.10875 0.070625 0.09583333333333334
0 0.609375 0.35583333333333333 0.0675 0.08333333333333333
0 0.2203125 0.5958333333333333 0.055625 0.08333333333333333
0 0.2728125 0.6104166666666667 0.059375 0.08583333333333333
0 0.3459375 0.5625 0.065625 0.085
0 0.831875 0.4891666666666667 0.0775 0.10333333333333333
0 0.320625 0.09166666666666666 0.06 0.07833333333333334
0 0.788125 0.55875 0.0675 0.0925
0 0.7325 0.6125 0.06125 0.1
0 0.6159375 0.4216666666666667 0.063125 0.08
0 0.2853125 0.9395833333333333 0.068125 0.10083333333333333
0 0.4853125 0.5166666666666667 0.074375 0.09166666666666666
0 0.5459375 0.06625 0.053125 0.07916666666666666
0 0.828125 0.33708333333333335 0.0675 0.0875
0 0.795625 0.18666666666666668 0.06875 0.1
0 0.80125 0.6925 0.06625 0.085
0 0.8103125 0.9445833333333333 0.060625 0.09416666666666666
0 0.663125 0.4533333333333333 0.0675 0.08166666666666667
0 0.415625 0.47208333333333335 0.0725 0.09916666666666667
0 0.239375 0.38416666666666666 0.0625 0.07833333333333334
0 0.159375 0.05458333333333333 0.0525 0.06916666666666667
0 0.158125 0.5691666666666667 0.065 0.07833333333333334
0 0.165 0.6520833333333333 0.0675 0.08916666666666667
0 0.3890625 0.8025 0.078125 0.08166666666666667
0 0.1978125 0.32666666666666666 0.059375 0.07833333333333334
0 0.2975 0.8233333333333334 0.05625 0.08166666666666667
0 0.309375 0.8670833333333333 0.0575 0.07583333333333334
0 0.4084375 0.7379166666666667 0.056875 0.0725
0 0.2078125 0.07875 0.060625 0.09416666666666666
0 0.2390625 0.10916666666666666 0.091875 0.11333333333333333
0 0.6009375 0.7675 0.059375 0.08333333333333333
0 0.1890625 0.6683333333333333 0.068125 0.08666666666666667
0 0.586875 0.5970833333333333 0.05875 0.08583333333333333
0 0.3746875 0.85125 0.055625 0.07916666666666666
0 0.5578125 0.6345833333333334 0.064375 0.08916666666666667
0 0.785 0.6529166666666667 0.0625 0.09083333333333334
0 0.205 0.27416666666666667 0.0575 0.09333333333333334
0 0.815 0.6416666666666667 0.06875 0.08666666666666667
0 0.420625 0.5954166666666667 0.06375 0.1375