0 0.209375 0.6908333333333333 0.085 0.11333333333333333
0 0.2028125 0.39125 0.095625 0.1275
0 0.3471875 0.4245833333333333 0.098125 0.13083333333333333
0 0.418125 0.8791666666666667 0.10125 0.135
0 0.8071875 0.5120833333333333 0.098125 0.13083333333333333
0 0.44625 0.1075 0.095 0.12666666666666668
0 0.65375 0.7954166666666667 0.0925 0.12416666666666666
0 0.6553125 0.8929166666666667 0.094375 0.12583333333333332
0 0.77625 0.6495833333333333 0.0875 0.11583333333333333
0 0.9146875 0.5745833333333333 0.098125 0.13083333333333333
0 0.2828125 0.3904166666666667 0.093125 0.12416666666666666
0 0.3090625 0.7175 0.098125 0.13
0 0.8409375 0.6045833333333334 0.090625 0.12083333333333333
0 0.225 0.12 0.09875 0.13166666666666665
0 0.573125 0.4741666666666667 0.0875 0.11666666666666667
0 0.3884375 0.7408333333333333 0.100625 0.135
0 0.1471875 0.21291666666666667 0.096875 0.12916666666666668
0 0.6 0.29333333333333333 0.09375 0.125
0 0.2490625 0.46958333333333335 0.091875 0.1225
0 0.24375 0.5908333333333333 0.0925 0.12333333333333334
0 0.579375 0.87 0.085 0.11333333333333333
0 0.4640625 0.70875 0.099375 0.1325
0 0.059375 0.5108333333333334 0.09375 0.125
0 0.38 0.5108333333333334 0.08875 0.11833333333333333
0 0.6571875 0.6691666666666667 0.090625 0.12
0 0.1653125 0.2920833333333333 0.091875 0.1225
0 0.9384375 0.48041666666666666 0.085625 0.11416666666666667
0 0.30875 0.82875 0.09125 0.1225
0 0.240625 0.3145833333333333 0.0875 0.1175
0 0.3840625 0.28708333333333336 0.089375 0.11916666666666667
0 0.5325 0.2654166666666667 0.095 0.12583333333333332
0 0.6578125 0.47125 0.091875 0.1225
0 0.8959375 0.79375 0.096875 0.12916666666666668
0 0.453125 0.3233333333333333 0.09125 0.12166666666666667
0 0.6671875 0.30875 0.088125 0.1175
0 0.929375 0.70625 0.08875 0.11916666666666667
0 0.1390625 0.6466666666666666 0.100625 0.13333333333333333
0 0.3153125 0.25708333333333333 0.085625 0.11416666666666667
0 0.7553125 0.46041666666666664 0.079375 0.10583333333333333
0 0.7125 0.23916666666666667 0.0975 0.13
0 0.280625 0.17333333333333334 0.09 0.12
0 0.7071875 0.7529166666666667 0.091875 0.1225
0 0.5253125 0.5766666666666667 0.089375 0.12
0 0.6303125 0.07708333333333334 0.096875 0.12916666666666668
0 0.5596875 0.17375 0.091875 0.1225
0 0.44375 0.6241666666666666 0.09 0.12
0 0.710625 0.4058333333333333 0.0975 0.13
0 0.156875 0.07666666666666666 0.0925 0.12333333333333334
0 0.54 0.38625 0.0925 0.1225
0 0.83375 0.415 0.08875 0.11833333333333333
0 0.761875 0.3358333333333333 0.09125 0.12166666666666667
0 0.3728125 0.6175 0.086875 0.115
0 0.5971875 0.53375 0.089375 0.11916666666666667
0 0.5603125 0.77875 0.104375 0.13916666666666666
0 0.420625 0.20416666666666666 0.09375 0.125
0 0.109375 0.44875 0.08875 0.11916666666666667
0 0.5096875 0.5170833333333333 0.094375 0.12583333333333332
0 0.5290625 0.6483333333333333 0.090625 0.12
0 0.3678125 0.12458333333333334 0.095625 0.1275
0 0.4328125 0.37958333333333333 0.088125 0.1175
0 0.579375 0.7325 0.0925 0.12333333333333334
0 0.5671875 0.655 0.099375 0.13333333333333333
0 0.7353125 0.90375 0.076875 0.1025
0 0.6571875 0.25458333333333333 0.078125 0.10416666666666667
1 0.7190625 0.8466666666666667 0.080625 0.10833333333333334
0 0.48375 0.195 0.0875 0.11666666666666667
0 0.748125 0.17791666666666667 0.07625 0.10083333333333333
0 0.2790625 0.25083333333333335 0.074375 0.09833333333333333
0 0.8921875 0.36666666666666664 0.078125 0.10333333333333333