0 0.2325 0.5641666666666667 0.06375 0.08
0 0.2446875 0.34708333333333335 0.074375 0.08916666666666667
0 0.665 0.20958333333333334 0.0625 0.08583333333333333
0 0.87375 0.9141666666666667 0.06125 0.07833333333333334
0 0.75375 0.3383333333333333 0.0675 0.09
0 0.565 0.25166666666666665 0.07 0.07833333333333334
0 0.1140625 0.85875 0.078125 0.10583333333333333
0 0.7015625 0.8520833333333333 0.064375 0.08083333333333333
0 0.52375 0.5995833333333334 0.08375 0.1025
0 0.5484375 0.7441666666666666 0.064375 0.08166666666666667
0 0.664375 0.21041666666666667 0.0775 0.10416666666666667
0 0.7040625 0.6866666666666666 0.069375 0.085
0 0.8984375 0.6475 0.083125 0.09833333333333333
0 0.759375 0.9383333333333334 0.06875 0.08666666666666667
0 0.48625 0.6995833333333333 0.07875 0.09916666666666667
0 0.5990625 0.60875 0.071875 0.1025
0 0.543125 0.17291666666666666 0.07625 0.10083333333333333
0 0.6059375 0.47625 0.083125 0.10083333333333333
0 0.7640625 0.5858333333333333 0.075625 0.10333333333333333
0 0.6996875 0.45666666666666667 0.061875 0.08
0 0.4871875 0.24291666666666667 0.080625 0.09916666666666667
0 0.7634375 0.4245833333333333 0.069375 0.09416666666666666
0 0.6190625 0.8320833333333333 0.076875 0.0925
0 0.9103125 0.2920833333333333 0.069375 0.0925
0 0.833125 0.46458333333333335 0.06875 0.0875
0 0.826875 0.36625 0.05875 0.08083333333333333
0 0.16125 0.5608333333333333 0.075 0.095
0 0.2990625 0.28791666666666665 0.065625 0.0875
0 0.96125 0.6929166666666666 0.06625 0.0675
0 0.035625 0.42041666666666666 0.06125 0.08416666666666667
0 0.648125 0.8666666666666667 0.0675 0.095
0 0.2371875 0.435 0.074375 0.09333333333333334
0 0.2184375 0.21375 0.076875 0.10583333333333333
0 0.90375 0.4295833333333333 0.06125 0.0825
0 0.6121875 0.7241666666666666 0.084375 0.1
0 0.526875 0.925 0.07625 0.105
0 0.6459375 0.3045833333333333 0.080625 0.10583333333333333
0 0.423125 0.7529166666666667 0.07375 0.0925
0 0.5240625 0.39125 0.068125 0.0825
0 0.2978125 0.11583333333333333 0.076875 0.095
0 0.26 0.7933333333333333 0.08625 0.10833333333333334
0 0.135625 0.20041666666666666 0.07375 0.09916666666666667
0 0.6659375 0.4058333333333333 0.074375 0.10333333333333333
0 0.04 0.495 0.0725 0.08
0 0.2253125 0.63875 0.068125 0.08916666666666667
0 0.3596875 0.25916666666666666 0.063125 0.09
0 0.708125 0.09875 0.07875 0.0925
0 0.19875 0.8729166666666667 0.06375 0.08583333333333333
0 0.26875 0.4816666666666667 0.06375 0.07833333333333334
0 0.95 0.8620833333333333 0.0675 0.08416666666666667
0 0.5796875 0.08833333333333333 0.079375 0.10166666666666667
0 0.154375 0.2683333333333333 0.07875 0.09833333333333333
0 0.6465625 0.5083333333333333 0.078125 0.095
0 0.0859375 0.53375 0.065625 0.0875
0 0.5434375 0.4666666666666667 0.066875 0.085
0 0.04875 0.9445833333333333 0.06875 0.09083333333333334
0 0.0471875 0.8804166666666666 0.076875 0.09916666666666667
0 0.4365625 0.32416666666666666 0.048125 0.08333333333333333
0 0.3075 0.6420833333333333 0.07 0.08916666666666667
1 0.075625 0.1525 0.07625 0.11
0 0.0646875 0.36083333333333334 0.063125 0.07833333333333334
0 0.0725 0.2425 0.0775 0.105
0 0.2671875 0.7066666666666667 0.066875 0.11166666666666666
0 0.69375 0.735 0.075 0.09666666666666666
0 0.395 0.2708333333333333 0.07375 0.1
0 0.6821875 0.11666666666666667 0.066875 0.09666666666666666
0 0.6340625 0.12791666666666668 0.061875 0.07916666666666666
0 0.2925 0.7429166666666667 0.0725 0.08083333333333333
0 0.33875 0.6770833333333334 0.07125 0.0975
0 0.736875 0.5120833333333333 0.06625 0.09416666666666666
0 0.4896875 0.325 0.070625 0.09
0 0.793125 0.41041666666666665 0.06 0.08916666666666667
0 0.814375 0.5216666666666666 0.06875 0.08333333333333333
0 0.063125 0.7379166666666667 0.09625 0.1275
1 0.26875 0.15666666666666668 0.08875 0.125
0 0.1465625 0.9475 0.068125 0.09833333333333333
0 0.2809375 0.2579166666666667 0.071875 0.09083333333333334