0 0.1934375 0.26458333333333334 0.068125 0.09083333333333334
0 0.345 0.3458333333333333 0.0725 0.09833333333333333
0 0.8084375 0.27625 0.058125 0.07916666666666666
0 0.3734375 0.265 0.066875 0.09
0 0.3403125 0.4725 0.075625 0.1
0 0.3290625 0.6008333333333333 0.069375 0.1
0 0.4490625 0.37083333333333335 0.070625 0.10333333333333333
0 0.4459375 0.2654166666666667 0.070625 0.10416666666666667
0 0.26375 0.6229166666666667 0.07 0.10416666666666667
0 0.508125 0.8320833333333333 0.07125 0.09416666666666666
0 0.6215625 0.4575 0.071875 0.105
0 0.65 0.5433333333333333 0.07375 0.09166666666666666
0 0.170625 0.6625 0.0675 0.1
0 0.5128125 0.925 0.074375 0.09666666666666666
0 0.686875 0.43166666666666664 0.0625 0.09
0 0.5815625 0.34708333333333335 0.065625 0.1025
0 0.4403125 0.7595833333333334 0.055625 0.0775
0 0.28875 0.9166666666666666 0.05875 0.08833333333333333
0 0.400625 0.8204166666666667 0.0575 0.06916666666666667
0 0.4325 0.16666666666666666 0.07375 0.09333333333333334
0 0.36375 0.7645833333333333 0.07125 0.0975
0 0.64 0.08375 0.065 0.0875
0 0.6753125 0.34458333333333335 0.068125 0.10083333333333333
0 0.33625 0.11833333333333333 0.055 0.07333333333333333
0 0.16125 0.7766666666666666 0.0675 0.1
0 0.396875 0.90375 0.0625 0.09083333333333334
0 0.304375 0.7145833333333333 0.07125 0.09083333333333334
0 0.3475 0.92 0.05125 0.08666666666666667
0 0.5621875 0.5341666666666667 0.068125 0.08833333333333333
0 0.556875 0.23541666666666666 0.06625 0.0925
1 0.248125 0.8016666666666666 0.0875 0.1
0 0.2778125 0.2529166666666667 0.065625 0.09583333333333334
0 0.284375 0.06875 0.0625 0.07416666666666667
0 0.4953125 0.17083333333333334 0.069375 0.085
0 0.7328125 0.2970833333333333 0.056875 0.08083333333333333
0 0.363125 0.20708333333333334 0.06875 0.09916666666666667
0 0.264375 0.2916666666666667 0.07 0.085
0 0.64125 0.18583333333333332 0.0625 0.09
0 0.7603125 0.20541666666666666 0.078125 0.09583333333333334
0 0.644375 0.29333333333333333 0.06875 0.08166666666666667
0 0.615625 0.37166666666666665 0.07 0.065
0 0.5096875 0.73125 0.070625 0.10416666666666667
0 0.535 0.69375 0.06875 0.09916666666666667
0 0.2290625 0.06791666666666667 0.068125 0.08583333333333333
0 0.4628125 0.6870833333333334 0.060625 0.07583333333333334
1 0.73125 0.5125 0.09375 0.10333333333333333
0 0.498125 0.5341666666666667 0.0575 0.085
0 0.8190625 0.495 0.069375 0.10833333333333334
0 0.4971875 0.44708333333333333 0.069375 0.09083333333333334
0 0.523125 0.45166666666666666 0.07125 0.08833333333333333
0 0.1653125 0.8966666666666666 0.069375 0.09333333333333334
0 0.77875 0.5954166666666667 0.055 0.08916666666666667
1 0.81 0.1575 0.0775 0.085
0 0.415 0.92375 0.06375 0.0925
0 0.2759375 0.8604166666666667 0.069375 0.09083333333333334
0 0.23125 0.8833333333333333 0.0675 0.08333333333333333
0 0.5259375 0.6220833333333333 0.068125 0.0775
0 0.55375 0.4454166666666667 0.06375 0.07916666666666666
0 0.7003125 0.23666666666666666 0.059375 0.085
0 0.5371875 0.15708333333333332 0.056875 0.08083333333333333
0 0.5146875 0.23583333333333334 0.068125 0.08333333333333333
0 0.8275 0.115 0.065 0.08666666666666667