0 0.0590625 0.33458333333333334 0.100625 0.13416666666666666
0 0.77 0.4075 0.11125 0.14833333333333334
0 0.53 0.9083333333333333 0.09875 0.13166666666666665
0 0.20625 0.6791666666666667 0.10125 0.135
0 0.396875 0.7016666666666667 0.10375 0.13833333333333334
0 0.2525 0.13666666666666666 0.09875 0.13166666666666665
0 0.8603125 0.5941666666666666 0.094375 0.12666666666666668
0 0.078125 0.2625 0.105 0.14
0 0.585625 0.41875 0.1075 0.1425
0 0.435 0.86125 0.10875 0.14583333333333334
0 0.7021875 0.45458333333333334 0.115625 0.15416666666666667
0 0.7628125 0.6158333333333333 0.105625 0.14166666666666666
0 0.7634375 0.34041666666666665 0.104375 0.13916666666666666
0 0.314375 0.5316666666666666 0.10625 0.14166666666666666
0 0.6065625 0.7320833333333333 0.099375 0.1325
0 0.1721875 0.3775 0.104375 0.14
0 0.4625 0.5208333333333334 0.11375 0.15166666666666667
0 0.7059375 0.17875 0.116875 0.15583333333333332
0 0.3353125 0.4395833333333333 0.111875 0.14916666666666667
0 0.6059375 0.8783333333333333 0.111875 0.14833333333333334
0 0.57125 0.5083333333333333 0.10875 0.145
0 0.6253125 0.24875 0.111875 0.14916666666666667
0 0.5746875 0.6491666666666667 0.109375 0.145
0 0.4734375 0.2579166666666667 0.115625 0.15416666666666667
0 0.3878125 0.5916666666666667 0.106875 0.14333333333333334
0 0.91875 0.79875 0.0975 0.13083333333333333
0 0.829375 0.4325 0.10625 0.14166666666666666
0 0.7696875 0.75125 0.106875 0.1425
0 0.1534375 0.6241666666666666 0.110625 0.14666666666666667
0 0.2415625 0.42 0.109375 0.145
0 0.9071875 0.6979166666666666 0.100625 0.13416666666666666
0 0.3878125 0.7929166666666667 0.104375 0.13916666666666666
0 0.149375 0.4716666666666667 0.0925 0.12333333333333334
0 0.5703125 0.8204166666666667 0.113125 0.15083333333333335
0 0.2325 0.2504166666666667 0.10125 0.13583333333333333
0 0.2609375 0.7245833333333334 0.086875 0.11583333333333333
0 0.1503125 0.24958333333333332 0.111875 0.14916666666666667
0 0.6446875 0.34291666666666665 0.101875 0.13583333333333333
0 0.15125 0.3975 0.0975 0.13
0 0.4921875 0.6008333333333333 0.103125 0.13666666666666666
0 0.8171875 0.8095833333333333 0.096875 0.12916666666666668
0 0.65375 0.37583333333333335 0.09875 0.13166666666666665