0 0.6396875 0.40458333333333335 0.108125 0.14416666666666667
0 0.20625 0.7245833333333334 0.11 0.1475
0 0.6775 0.15041666666666667 0.1075 0.14416666666666667
0 0.4625 0.6791666666666667 0.11125 0.14833333333333334
0 0.8146875 0.5108333333333334 0.098125 0.13166666666666665
0 0.2465625 0.49875 0.108125 0.14416666666666667
0 0.114375 0.545 0.10125 0.135
0 0.2690625 0.19958333333333333 0.106875 0.1425
0 0.7140625 0.44958333333333333 0.114375 0.1525
0 0.5378125 0.5108333333333334 0.105625 0.14
0 0.8475 0.1075 0.0975 0.13
0 0.74 0.23291666666666666 0.09625 0.1275
0 0.3890625 0.27291666666666664 0.105625 0.14083333333333334
0 0.4490625 0.545 0.108125 0.14333333333333334
0 0.8778125 0.33541666666666664 0.103125 0.1375
0 0.48125 0.07916666666666666 0.105 0.14
0 0.794375 0.7383333333333333 0.10125 0.135
0 0.37125 0.62125 0.11 0.14583333333333334
0 0.19875 0.5316666666666666 0.125 0.16666666666666666
0 0.1846875 0.78 0.108125 0.145
0 0.4403125 0.4429166666666667 0.103125 0.1375
0 0.9115625 0.41625 0.103125 0.1375
0 0.119375 0.8495833333333334 0.1 0.13416666666666666
0 0.31625 0.5358333333333334 0.1 0.13333333333333333
0 0.78125 0.6141666666666666 0.11 0.14666666666666667
0 0.7175 0.2941666666666667 0.09875 0.13166666666666665
0 0.2834375 0.3929166666666667 0.088125 0.1175
0 0.5640625 0.125 0.100625 0.135
0 0.37625 0.7691666666666667 0.10375 0.13833333333333334
0 0.4978125 0.39875 0.100625 0.13416666666666666
0 0.1490625 0.6695833333333333 0.088125 0.1175
1 0.568125 0.21583333333333332 0.13875 0.185
0 0.305 0.5779166666666666 0.09125 0.1225