0 0.7209375 0.18333333333333332 0.106875 0.14333333333333334
0 0.7975 0.19416666666666665 0.10875 0.145
0 0.1565625 0.85 0.101875 0.13666666666666666
1 0.47375 0.435 0.1225 0.16333333333333333
0 0.6725 0.2841666666666667 0.09875 0.13166666666666665
0 0.685625 0.81 0.11 0.14666666666666667
0 0.8215625 0.10125 0.078125 0.10416666666666667
0 0.87125 0.15833333333333333 0.1025 0.13666666666666666
0 0.7828125 0.38208333333333333 0.111875 0.14916666666666667
0 0.71625 0.47583333333333333 0.11 0.14666666666666667
0 0.7609375 0.08791666666666667 0.105625 0.14083333333333334
0 0.2096875 0.6316666666666667 0.100625 0.135
0 0.419375 0.8495833333333334 0.10125 0.13416666666666666
0 0.1065625 0.6479166666666667 0.095625 0.1275
0 0.098125 0.795 0.0975 0.13
0 0.1928125 0.7725 0.094375 0.12666666666666668
0 0.2346875 0.8920833333333333 0.109375 0.14583333333333334
0 0.244375 0.8341666666666666 0.085 0.11333333333333333
0 0.415 0.355 0.11375 0.15166666666666667
0 0.763125 0.73125 0.11625 0.15583333333333332
0 0.37625 0.7933333333333333 0.08125 0.10833333333333334
0 0.20125 0.5241666666666667 0.10875 0.145
0 0.258125 0.7408333333333333 0.0975 0.13
0 0.5278125 0.9204166666666667 0.084375 0.1125
0 0.3196875 0.6620833333333334 0.113125 0.15083333333333335
0 0.6359375 0.5441666666666667 0.111875 0.14833333333333334
0 0.8453125 0.36125 0.096875 0.12916666666666668
0 0.79875 0.28583333333333333 0.11125 0.14833333333333334
0 0.7221875 0.6054166666666667 0.105625 0.14083333333333334
1 0.13875 0.71 0.12375 0.165
1 0.301875 0.13291666666666666 0.11375 0.15083333333333335
1 0.393125 0.275 0.075 0.1
1 0.76 0.27416666666666667 0.11625 0.155
0 0.1665625 0.5529166666666666 0.104375 0.13916666666666666
0 0.286875 0.46958333333333335 0.095 0.12583333333333332
0 0.67 0.5533333333333333 0.09875 0.13166666666666665
0 0.673125 0.6366666666666667 0.105 0.14
0 0.5978125 0.83625 0.078125 0.10416666666666667
0 0.329375 0.8441666666666666 0.0875 0.11666666666666667
0 0.65125 0.9266666666666666 0.0875 0.11666666666666667
0 0.4659375 0.9204166666666667 0.106875 0.1425
0 0.3221875 0.7383333333333333 0.100625 0.135
0 0.6165625 0.92875 0.096875 0.12916666666666668
0 0.5853125 0.9195833333333333 0.091875 0.1225
0 0.30625 0.8166666666666667 0.09375 0.125
0 0.3690625 0.07166666666666667 0.093125 0.125
0 0.345 0.09 0.09375 0.125