0 0.431875 0.6433333333333333 0.095 0.12666666666666668
0 0.5346875 0.40791666666666665 0.090625 0.12083333333333333
0 0.60375 0.3958333333333333 0.09 0.12
0 0.8434375 0.7179166666666666 0.085625 0.11416666666666667
0 0.4075 0.2608333333333333 0.09 0.12
0 0.6828125 0.42791666666666667 0.089375 0.11916666666666667
0 0.3159375 0.3958333333333333 0.093125 0.125
0 0.7271875 0.48875 0.089375 0.11916666666666667
0 0.6946875 0.3154166666666667 0.084375 0.1125
0 0.9425 0.4816666666666667 0.08625 0.115
0 0.375 0.07458333333333333 0.1 0.13416666666666666
0 0.9534375 0.6641666666666667 0.089375 0.11833333333333333
0 0.9103125 0.5845833333333333 0.090625 0.12083333333333333
0 0.498125 0.66 0.08875 0.11833333333333333
0 0.215625 0.6583333333333333 0.08875 0.11833333333333333
0 0.4628125 0.14958333333333335 0.089375 0.11916666666666667
0 0.29 0.10833333333333334 0.08375 0.11166666666666666
0 0.7653125 0.87375 0.086875 0.11583333333333333
0 0.6775 0.22 0.10125 0.135
0 0.2590625 0.7154166666666667 0.093125 0.12416666666666666
0 0.5146875 0.9320833333333334 0.100625 0.13416666666666666
0 0.4734375 0.45458333333333334 0.101875 0.13583333333333333
0 0.443125 0.36916666666666664 0.1 0.13333333333333333
0 0.6425 0.7066666666666667 0.0925 0.12333333333333334
0 0.690625 0.9375 0.09 0.12
0 0.9103125 0.7041666666666667 0.094375 0.12666666666666668
0 0.2759375 0.62625 0.083125 0.11083333333333334
0 0.375 0.6620833333333334 0.09875 0.13083333333333333
0 0.7703125 0.58875 0.099375 0.1325
0 0.28875 0.4741666666666667 0.08125 0.10833333333333334
0 0.2075 0.24333333333333335 0.085 0.11333333333333333
0 0.171875 0.3179166666666667 0.10125 0.13416666666666666
0 0.5790625 0.49083333333333334 0.109375 0.14666666666666667
0 0.494375 0.23833333333333334 0.1 0.13333333333333333
0 0.7934375 0.44375 0.084375 0.1125
0 0.1553125 0.6495833333333333 0.085625 0.11416666666666667
0 0.4725 0.5595833333333333 0.095 0.12583333333333332
0 0.8696875 0.6229166666666667 0.094375 0.12583333333333332
0 0.6825 0.62125 0.1 0.13416666666666666
0 0.8003125 0.3670833333333333 0.079375 0.10583333333333333
0 0.77 0.7708333333333334 0.1025 0.13666666666666666
0 0.1946875 0.07083333333333333 0.089375 0.11833333333333333
0 0.33625 0.17875 0.0825 0.10916666666666666
0 0.61125 0.2575 0.0925 0.12333333333333334
0 0.4509375 0.9120833333333334 0.086875 0.11583333333333333
0 0.066875 0.5120833333333333 0.08375 0.1125
0 0.6946875 0.13791666666666666 0.079375 0.10583333333333333
0 0.8975 0.7975 0.0775 0.10333333333333333
0 0.2190625 0.15875 0.091875 0.1225
0 0.765625 0.2683333333333333 0.1025 0.13666666666666666
0 0.27375 0.2225 0.0875 0.11666666666666667
0 0.053125 0.3875 0.105 0.14
0 0.4796875 0.37375 0.094375 0.12583333333333332
0 0.38125 0.39166666666666666 0.09 0.12
0 0.3228125 0.795 0.083125 0.11
0 0.539375 0.29125 0.09375 0.12416666666666666
0 0.3353125 0.48333333333333334 0.094375 0.12666666666666668
0 0.46375 0.8233333333333334 0.08 0.10666666666666667
0 0.61375 0.79 0.09625 0.12833333333333333
0 0.3546875 0.75625 0.098125 0.13083333333333333
0 0.8078125 0.7925 0.094375 0.12666666666666668
0 0.246875 0.41 0.0925 0.12333333333333334
0 0.57625 0.6954166666666667 0.0925 0.12416666666666666
0 0.8596875 0.40625 0.091875 0.1225
0 0.8803125 0.48041666666666666 0.080625 0.1075
0 0.84875 0.8195833333333333 0.1 0.1325
0 0.1990625 0.585 0.091875 0.12333333333333334
0 0.1228125 0.435 0.099375 0.13333333333333333
0 0.078125 0.2375 0.0875 0.11666666666666667
0 0.4071875 0.8279166666666666 0.083125 0.11083333333333334
0 0.3459375 0.30083333333333334 0.096875 0.12833333333333333
0 0.58 0.60375 0.105 0.13916666666666666
0 0.549375 0.19916666666666666 0.08 0.10666666666666667
0 0.530625 0.8058333333333333 0.08375 0.11166666666666666
0 0.66125 0.06833333333333333 0.09 0.12
0 0.344375 0.5825 0.11 0.14666666666666667
0 0.7540625 0.18125 0.081875 0.10916666666666666
0 0.6240625 0.8766666666666667 0.080625 0.10833333333333334
0 0.841875 0.9216666666666666 0.08 0.10666666666666667
0 0.576875 0.9133333333333333 0.08625 0.115
0 0.61 0.6570833333333334 0.10375 0.1375
0 0.8521875 0.5054166666666666 0.090625 0.12083333333333333
0 0.3365625 0.89125 0.076875 0.1025
1 0.6221875 0.52625 0.171875 0.22916666666666666
0 0.9046875 0.83375 0.079375 0.10583333333333333
0 0.645625 0.7941666666666667 0.08875 0.11833333333333333
0 0.653125 0.8954166666666666 0.08 0.1075
0 0.615625 0.9129166666666667 0.0825 0.10916666666666666
0 0.495625 0.8295833333333333 0.09125 0.1225
0 0.2990625 0.8020833333333334 0.093125 0.12416666666666666
0 0.435625 0.72625 0.07125 0.09583333333333334
0 0.373125 0.585 0.09125 0.12166666666666667
0 0.39375 0.79125 0.095 0.12583333333333332
0 0.345625 0.8808333333333334 0.08375 0.11166666666666666
0 0.349375 0.545 0.085 0.11333333333333333
0 0.3765625 0.33208333333333334 0.080625 0.1075
0 0.365625 0.19083333333333333 0.08125 0.10833333333333334
0 0.351875 0.4820833333333333 0.08375 0.1125
0 0.190625 0.5554166666666667 0.08625 0.11416666666666667
0 0.0815625 0.56625 0.089375 0.11916666666666667
0 0.0365625 0.34291666666666665 0.073125 0.0975
0 0.0959375 0.27375 0.083125 0.11083333333333334
0 0.119375 0.30291666666666667 0.09375 0.12416666666666666
0 0.228125 0.3883333333333333 0.0825 0.11
0 0.5915625 0.14625 0.070625 0.09416666666666666
0 0.5775 0.12458333333333334 0.075 0.09916666666666667
0 0.78875 0.24875 0.085 0.1125
0 0.8571875 0.38083333333333336 0.076875 0.10166666666666667
0 0.806875 0.33166666666666667 0.08875 0.11833333333333333
0 0.8571875 0.52875 0.083125 0.11083333333333334
0 0.629375 0.2866666666666667 0.08 0.10666666666666667
0 0.54375 0.31916666666666665 0.08125 0.10833333333333334
0 0.5525 0.6916666666666667 0.09125 0.12166666666666667
0 0.156875 0.42125 0.07375 0.0975
0 0.248125 0.13583333333333333 0.08125 0.10833333333333334
0 0.2159375 0.06625 0.076875 0.1025
0 0.5490625 0.7958333333333333 0.075625 0.1
0 0.435 0.74875 0.075 0.09916666666666667
0 0.1478125 0.255 0.068125 0.09
0 0.6834375 0.7995833333333333 0.085625 0.11416666666666667