0 0.2853125 0.83125 0.078125 0.11416666666666667
0 0.4721875 0.5483333333333333 0.068125 0.09333333333333334
0 0.475 0.45625 0.07 0.09916666666666667
0 0.746875 0.8645833333333334 0.0825 0.10083333333333333
0 0.545625 0.57 0.08375 0.09333333333333334
0 0.305625 0.3620833333333333 0.075 0.09916666666666667
0 0.66875 0.32083333333333336 0.07875 0.10166666666666667
0 0.4740625 0.6441666666666667 0.068125 0.09666666666666666
0 0.5759375 0.66625 0.073125 0.10416666666666667
0 0.3440625 0.47291666666666665 0.075625 0.1025
0 0.238125 0.7483333333333333 0.07 0.1
0 0.2421875 0.44416666666666665 0.074375 0.09
0 0.708125 0.20708333333333334 0.07625 0.09916666666666667
0 0.3509375 0.7970833333333334 0.076875 0.10416666666666667
0 0.27 0.7220833333333333 0.0525 0.08416666666666667
0 0.1596875 0.7291666666666666 0.065625 0.08833333333333333
0 0.8171875 0.10166666666666667 0.074375 0.10333333333333333
0 0.166875 0.5933333333333334 0.0725 0.1
0 0.2271875 0.32416666666666666 0.074375 0.09333333333333334
0 0.354375 0.5504166666666667 0.06 0.06583333333333333
0 0.59 0.4625 0.07 0.1
0 0.5759375 0.34458333333333335 0.065625 0.0975
1 0.596875 0.13458333333333333 0.1425 0.1175
1 0.4121875 0.8383333333333334 0.064375 0.11
1 0.626875 0.7266666666666667 0.095 0.10333333333333333
0 0.5959375 0.9041666666666667 0.068125 0.09833333333333333
0 0.556875 0.45208333333333334 0.08 0.09583333333333334
0 0.6246875 0.37 0.064375 0.09666666666666666
0 0.760625 0.08583333333333333 0.07125 0.10166666666666667
0 0.305 0.7191666666666666 0.0625 0.09166666666666666
0 0.386875 0.77375 0.0725 0.0775
0 0.361875 0.7129166666666666 0.05875 0.07583333333333334
0 0.8034375 0.9375 0.073125 0.10833333333333334
0 0.6425 0.6516666666666666 0.05875 0.075
0 0.41125 0.565 0.05375 0.08
0 0.4 0.6495833333333333 0.0575 0.08916666666666667
0 0.1784375 0.6629166666666667 0.080625 0.08583333333333333