0 0.1921875 0.5383333333333333 0.065625 0.08333333333333333
0 0.5240625 0.37666666666666665 0.073125 0.10833333333333334
1 0.69875 0.2504166666666667 0.08 0.11083333333333334
0 0.3384375 0.12625 0.075625 0.1025
0 0.7246875 0.51625 0.059375 0.08916666666666667
0 0.716875 0.3729166666666667 0.0725 0.08583333333333333
0 0.4509375 0.81875 0.080625 0.1075
0 0.68375 0.7529166666666667 0.0725 0.09916666666666667
0 0.3428125 0.22 0.071875 0.09666666666666666
0 0.3825 0.5729166666666666 0.0725 0.09416666666666666
0 0.6909375 0.64 0.071875 0.10166666666666667
0 0.3565625 0.6866666666666666 0.074375 0.09833333333333333
0 0.480625 0.74125 0.065 0.08083333333333333
0 0.210625 0.22166666666666668 0.07375 0.1
0 0.7971875 0.63 0.063125 0.075
0 0.6209375 0.3045833333333333 0.069375 0.08916666666666667
0 0.276875 0.17083333333333334 0.07625 0.09666666666666666
0 0.3171875 0.38875 0.068125 0.0725
0 0.22125 0.42916666666666664 0.0675 0.09166666666666666
0 0.2575 0.33625 0.06375 0.0925
0 0.44375 0.13333333333333333 0.06625 0.10166666666666667
1 0.3034375 0.6120833333333333 0.076875 0.1425
1 0.4446875 0.65625 0.068125 0.10583333333333333
0 0.6640625 0.5454166666666667 0.073125 0.0975
0 0.48375 0.47125 0.07125 0.09916666666666667
0 0.2259375 0.6416666666666667 0.061875 0.07666666666666666
0 0.8315625 0.7529166666666667 0.061875 0.0675
0 0.1728125 0.1275 0.071875 0.11
1 0.8246875 0.8520833333333333 0.069375 0.14416666666666667
1 0.614375 0.4375 0.07875 0.16333333333333333
0 0.8084375 0.5595833333333333 0.070625 0.09416666666666666
0 0.8203125 0.09625 0.065625 0.0775
0 0.6753125 0.09166666666666666 0.064375 0.08166666666666667
0 0.74 0.4995833333333333 0.06875 0.08916666666666667
0 0.645 0.6766666666666666 0.0625 0.07833333333333334
0 0.650625 0.16666666666666666 0.0575 0.09333333333333334
0 0.6378125 0.23541666666666666 0.055625 0.09416666666666666
0 0.6315625 0.5883333333333334 0.063125 0.08666666666666667
0 0.4825 0.8495833333333334 0.0725 0.0925
0 0.44 0.9179166666666667 0.06125 0.08416666666666667
0 0.394375 0.47583333333333333 0.06625 0.07666666666666666
0 0.2365625 0.3883333333333333 0.069375 0.10833333333333334
0 0.351875 0.85875 0.075 0.09083333333333334
0 0.5565625 0.65625 0.068125 0.0875
0 0.588125 0.6579166666666667 0.05875 0.08416666666666667
0 0.413125 0.7366666666666667 0.05875 0.07833333333333334
0 0.4946875 0.6708333333333333 0.055625 0.07833333333333334
0 0.373125 0.90875 0.06375 0.0875
0 0.3853125 0.81125 0.069375 0.08416666666666667
0 0.220625 0.28 0.05625 0.07
0 0.2340625 0.09958333333333333 0.064375 0.08416666666666667
0 0.155 0.2758333333333333 0.05875 0.07666666666666666
0 0.280625 0.4841666666666667 0.06125 0.1
0 0.1709375 0.6470833333333333 0.066875 0.0775
0 0.191875 0.6183333333333333 0.07875 0.07333333333333333
0 0.4525 0.46708333333333335 0.07375 0.0875