0 0.1610082304526749 0.4757772957339118 0.06584362139917696 0.09689081706435286
0 0.4729938271604938 0.11315979754157629 0.062242798353909466 0.09761388286334056
0 0.5390946502057613 0.11315979754157629 0.06893004115226338 0.07592190889370933
0 0.6072530864197531 0.21330441070137382 0.07150205761316872 0.08676789587852494
0 0.9200102880658436 0.05892986261749819 0.06532921810699588 0.0918293564714389
0 0.6324588477366255 0.5206073752711496 0.06944444444444445 0.10845986984815618
0 0.22170781893004116 0.41901663051337673 0.07818930041152264 0.08749096167751265
0 0.6291152263374485 0.3065798987707881 0.07510288065843622 0.10412147505422993
0 0.5 0.5524222704266089 0.07098765432098765 0.09689081706435286
0 0.3212448559670782 0.18799710773680406 0.07253086419753087 0.10267534345625452
0 0.7597736625514403 0.4464931308749096 0.07304526748971193 0.09906001446131597
0 0.19418724279835392 0.13449023861171366 0.07561728395061729 0.09978308026030369
0 0.5558127572016461 0.6055676066522053 0.0787037037037037 0.09761388286334056
0 0.9619341563786008 0.13376717281272596 0.07407407407407407 0.10701373825018076
0 0.8073559670781894 0.8221258134490239 0.07047325102880658 0.08966015907447578
0 0.6844135802469136 0.05169920462762111 0.07047325102880658 0.08315256688358641
0 0.11419753086419752 0.41142443962400577 0.07716049382716049 0.10412147505422993
0 0.3662551440329218 0.06941431670281996 0.07921810699588477 0.0911062906724512
0 0.6875 0.7588575560375994 0.07253086419753087 0.08893709327548807
0 0.8593106995884774 0.7299349240780911 0.07561728395061729 0.1019522776572668
0 0.10468106995884774 0.9363702096890817 0.07664609053497942 0.07953723788864786
0 0.10159465020576132 0.6033984092552422 0.08179012345679013 0.09906001446131597
0 0.7816358024691358 0.8647866955892987 0.07767489711934156 0.08821402747650037
0 0.7165637860082305 0.920824295010846 0.08847736625514403 0.08749096167751265
0 0.5853909465020576 0.745119305856833 0.07510288065843622 0.10339840925524223
0 0.9665637860082305 0.734996384671005 0.059670781893004114 0.1019522776572668
0 0.08333333333333333 0.8383947939262473 0.07613168724279835 0.09616775126536514
0 0.716820987654321 0.5954446854663774 0.061213991769547324 0.07592190889370933
0 0.5753600823045267 0.34164859002169196 0.07150205761316872 0.08459869848156182
0 0.08641975308641975 0.19450469992769343 0.08333333333333333 0.09544468546637744
0 0.2523148148148148 0.49783080260303686 0.07973251028806584 0.09761388286334056
0 0.7001028806584362 0.8387563268257412 0.07407407407407407 0.09399855386840203
0 0.841820987654321 0.955531453362256 0.09002057613168725 0.07013738250180766
0 0.8389917695473251 0.6887201735357917 0.08333333333333333 0.07592190889370933
0 0.12911522633744857 0.7288503253796096 0.10390946502057613 0.0737527114967462
0 0.8137860082304527 0.351409978308026 0.10905349794238683 0.06218365871294288
0 0.2780349794238683 0.052060737527114966 0.09825102880658436 0.07086044830079537
0 0.7224794238683128 0.49313087490961677 0.07664609053497942 0.06796818510484454
0 0.21193415637860083 0.32791033984092555 0.07921810699588477 0.1019522776572668
0 0.18441358024691357 0.8832248734634852 0.08179012345679013 0.09761388286334056
0 0.3863168724279835 0.13159797541576285 0.11934156378600823 0.0650759219088937
0 0.13657407407407407 0.6529284164859002 0.11162551440329219 0.07953723788864786
0 0.49382716049382713 0.9342010122921186 0.07510288065843622 0.1099060014461316
0 0.07073045267489712 0.737527114967462 0.07973251028806584 0.09399855386840203
1 0.31121399176954734 0.3749096167751265 0.08127572016460906 0.10773680404916848
1 0.41358024691358025 0.2588575560375994 0.0874485596707819 0.0911062906724512
1 0.7620884773662552 0.6207519884309473 0.0941358024691358 0.1019522776572668
1 0.5128600823045267 0.20751988430947216 0.0823045267489712 0.11135213304410702
1 0.8510802469135802 0.4718004338394794 0.12294238683127572 0.07881417208966016