0 0.580625 0.6675 0.065 0.085
0 0.351875 0.4170833333333333 0.0825 0.10583333333333333
0 0.900625 0.27416666666666667 0.06875 0.09666666666666666
0 0.13 0.7970833333333334 0.0575 0.08916666666666667
0 0.2003125 0.7379166666666667 0.068125 0.08083333333333333
0 0.576875 0.565 0.075 0.11
0 0.918125 0.8545833333333334 0.07875 0.10416666666666667
0 0.75625 0.28541666666666665 0.065 0.08916666666666667
0 0.36375 0.50625 0.07 0.08416666666666667
0 0.169375 0.51875 0.07 0.09083333333333334
0 0.054375 0.6495833333333333 0.07875 0.09916666666666667
0 0.245625 0.30875 0.065 0.08916666666666667
0 0.2684375 0.49666666666666665 0.074375 0.09666666666666666
0 0.43125 0.57875 0.07375 0.09583333333333334
0 0.068125 0.8183333333333334 0.065 0.07833333333333334
0 0.850625 0.9054166666666666 0.08375 0.10583333333333333
0 0.1540625 0.6208333333333333 0.066875 0.08666666666666667
0 0.051875 0.7433333333333333 0.075 0.08666666666666667
0 0.7553125 0.615 0.079375 0.105
0 0.463125 0.6575 0.065 0.09
0 0.796875 0.3620833333333333 0.08125 0.09916666666666667
0 0.1496875 0.21416666666666667 0.069375 0.08166666666666667
0 0.7878125 0.5095833333333334 0.071875 0.10416666666666667
0 0.2303125 0.6179166666666667 0.073125 0.10083333333333333
0 0.493125 0.52 0.07125 0.08666666666666667
0 0.69875 0.12375 0.07875 0.10083333333333333
0 0.54625 0.47708333333333336 0.07875 0.0875
0 0.3234375 0.7608333333333334 0.075625 0.095
0 0.3159375 0.19291666666666665 0.081875 0.1075
0 0.8365625 0.27791666666666665 0.049375 0.07416666666666667
0 0.8984375 0.08583333333333333 0.066875 0.10333333333333333
0 0.0928125 0.925 0.070625 0.09666666666666666
0 0.56125 0.17375 0.0825 0.10416666666666667
0 0.2971875 0.5270833333333333 0.069375 0.09083333333333334
0 0.5703125 0.7816666666666666 0.068125 0.10166666666666667
0 0.7196875 0.46958333333333335 0.068125 0.0775
0 0.149375 0.9029166666666667 0.06 0.08083333333333333
0 0.5578125 0.8895833333333333 0.058125 0.07916666666666666
0 0.2121875 0.9216666666666666 0.061875 0.075
0 0.1078125 0.70875 0.068125 0.0975
0 0.6059375 0.2575 0.071875 0.085
0 0.525625 0.7329166666666667 0.0625 0.0825
0 0.8590625 0.8045833333333333 0.075625 0.1025
0 0.856875 0.42291666666666666 0.06875 0.09083333333333334
0 0.28375 0.08541666666666667 0.065 0.08583333333333333
0 0.1290625 0.6641666666666667 0.078125 0.095
0 0.328125 0.17375 0.065 0.0875
0 0.3440625 0.05583333333333333 0.065625 0.09333333333333334
0 0.14875 0.09458333333333334 0.07375 0.09083333333333334
0 0.68625 0.5483333333333333 0.07625 0.10166666666666667
0 0.2275 0.8279166666666666 0.0775 0.09083333333333334
0 0.096875 0.15 0.065 0.1
0 0.83 0.71375 0.0875 0.1075
0 0.2634375 0.7433333333333333 0.066875 0.07833333333333334
0 0.726875 0.39708333333333334 0.06375 0.0925
0 0.538125 0.06833333333333333 0.07 0.07833333333333334
0 0.611875 0.15583333333333332 0.0525 0.075
0 0.8421875 0.4741666666666667 0.066875 0.09
0 0.6771875 0.22833333333333333 0.065625 0.09833333333333333
0 0.80875 0.81375 0.08375 0.09583333333333334
0 0.9165625 0.4454166666666667 0.068125 0.0975
0 0.8103125 0.12541666666666668 0.069375 0.0875
0 0.455625 0.14291666666666666 0.07 0.0975
0 0.5134375 0.37875 0.080625 0.08083333333333333
0 0.4340625 0.4725 0.060625 0.09833333333333333
0 0.2621875 0.8258333333333333 0.073125 0.09333333333333334
0 0.40875 0.09791666666666667 0.08625 0.08916666666666667
0 0.7928125 0.15833333333333333 0.059375 0.09666666666666666
0 0.21125 0.235 0.05375 0.08166666666666667
0 0.1434375 0.5375 0.065625 0.08
0 0.148125 0.44666666666666666 0.05625 0.07
0 0.1625 0.36291666666666667 0.0625 0.08416666666666667
0 0.1303125 0.3595833333333333 0.058125 0.09083333333333334
0 0.175 0.29125 0.05875 0.08416666666666667
1 0.474375 0.44458333333333333 0.09625 0.08416666666666667
1 0.1140625 0.2816666666666667 0.089375 0.15
1 0.1021875 0.465 0.060625 0.15
1 0.8571875 0.11583333333333333 0.066875 0.10666666666666667
0 0.9478125 0.35 0.061875 0.08
0 0.6490625 0.15958333333333333 0.063125 0.09083333333333334
0 0.69875 0.26458333333333334 0.07625 0.08416666666666667
0 0.5040625 0.86 0.078125 0.08
0 0.425625 0.8825 0.06 0.085
0 0.9571875 0.4375 0.069375 0.08
0 0.848125 0.2025 0.0525 0.08
0 0.8246875 0.19958333333333333 0.064375 0.09916666666666667
0 0.7246875 0.5516666666666666 0.069375 0.095
0 0.8990625 0.5341666666666667 0.063125 0.09833333333333333