0 0.7653125 0.7033333333333334 0.096875 0.12833333333333333
0 0.0940625 0.34625 0.084375 0.1125
0 0.7503125 0.3258333333333333 0.099375 0.13166666666666665
0 0.1840625 0.6066666666666667 0.110625 0.14666666666666667
0 0.8740625 0.8591666666666666 0.104375 0.13833333333333334
0 0.6096875 0.67625 0.106875 0.1425
0 0.8978125 0.7741666666666667 0.089375 0.12
0 0.10875 0.47875 0.11625 0.15416666666666667
0 0.6546875 0.7858333333333334 0.106875 0.14333333333333334
0 0.7515625 0.5845833333333333 0.098125 0.13083333333333333
0 0.4290625 0.5745833333333333 0.099375 0.1325
0 0.1565625 0.27708333333333335 0.105625 0.14083333333333334
0 0.3784375 0.31416666666666665 0.098125 0.13166666666666665
0 0.2153125 0.2375 0.099375 0.13166666666666665
0 0.6003125 0.27875 0.109375 0.14583333333333334
0 0.4953125 0.11708333333333333 0.109375 0.14583333333333334
0 0.2925 0.2658333333333333 0.095 0.12666666666666668
0 0.77625 0.5054166666666666 0.1125 0.15083333333333335
0 0.40375 0.7308333333333333 0.095 0.12666666666666668
0 0.164375 0.35541666666666666 0.09875 0.1325
0 0.903125 0.6583333333333333 0.10125 0.135
0 0.3721875 0.8020833333333334 0.118125 0.1575
0 0.52 0.2579166666666667 0.10375 0.13916666666666666
0 0.16875 0.4216666666666667 0.1 0.13333333333333333
0 0.36375 0.69 0.10125 0.135
0 0.31375 0.3645833333333333 0.10125 0.13416666666666666
0 0.5903125 0.7945833333333333 0.089375 0.11916666666666667
0 0.685 0.29291666666666666 0.1075 0.14416666666666667
0 0.3234375 0.29833333333333334 0.094375 0.12666666666666668
0 0.6315625 0.8816666666666667 0.094375 0.12666666666666668
0 0.6903125 0.4845833333333333 0.124375 0.16583333333333333
0 0.3546875 0.42583333333333334 0.108125 0.145
0 0.8128125 0.26416666666666666 0.088125 0.11833333333333333
0 0.4690625 0.20375 0.113125 0.15083333333333335
0 0.7125 0.2525 0.095 0.12666666666666668
0 0.3771875 0.4675 0.094375 0.125
0 0.5440625 0.85625 0.126875 0.16916666666666666
0 0.416875 0.4725 0.1125 0.15
0 0.6896875 0.8829166666666667 0.098125 0.13083333333333333
0 0.729375 0.20333333333333334 0.085 0.11333333333333333