0 0.1753125 0.4041666666666667 0.103125 0.13833333333333334
0 0.4759375 0.6370833333333333 0.106875 0.1425
0 0.8821875 0.48333333333333334 0.105625 0.14166666666666666
0 0.410625 0.72375 0.11375 0.1525
0 0.5778125 0.5454166666666667 0.096875 0.12916666666666668
0 0.8365625 0.1825 0.105625 0.14
0 0.7703125 0.41375 0.100625 0.13416666666666666
0 0.7178125 0.79625 0.108125 0.14416666666666667
0 0.8259375 0.30791666666666667 0.098125 0.13083333333333333
0 0.6571875 0.45708333333333334 0.103125 0.1375
0 0.6415625 0.18208333333333335 0.101875 0.13583333333333333
0 0.43625 0.5191666666666667 0.1075 0.14333333333333334
0 0.134375 0.7808333333333334 0.08875 0.11833333333333333
0 0.525625 0.12083333333333333 0.0925 0.12333333333333334
0 0.66 0.5066666666666667 0.10875 0.145
0 0.663125 0.6533333333333333 0.11125 0.14833333333333334
0 0.8890625 0.6145833333333334 0.095625 0.1275
0 0.7496875 0.72625 0.109375 0.14583333333333334
0 0.4834375 0.23125 0.095625 0.1275
0 0.485625 0.71375 0.10625 0.14083333333333334
0 0.5884375 0.40791666666666665 0.105625 0.14083333333333334
0 0.22 0.5941666666666666 0.1075 0.14333333333333334
0 0.3096875 0.6679166666666667 0.086875 0.11583333333333333
0 0.7509375 0.17541666666666667 0.105625 0.14083333333333334
0 0.345 0.23333333333333334 0.10375 0.13833333333333334
0 0.1928125 0.8495833333333334 0.098125 0.13083333333333333
0 0.0540625 0.6358333333333334 0.101875 0.135
0 0.148125 0.6916666666666667 0.10375 0.13833333333333334
0 0.305625 0.5841666666666666 0.1 0.13333333333333333
0 0.401875 0.13 0.1025 0.13666666666666666
0 0.3875 0.37833333333333335 0.10125 0.135
0 0.8875 0.39166666666666666 0.0975 0.13
0 0.3203125 0.5375 0.104375 0.13833333333333334
0 0.7390625 0.12958333333333333 0.106875 0.1425
0 0.218125 0.5083333333333333 0.1075 0.14333333333333334
0 0.6434375 0.3358333333333333 0.095625 0.12666666666666668
0 0.1878125 0.5004166666666666 0.096875 0.12916666666666668
0 0.7028125 0.11791666666666667 0.098125 0.13083333333333333
1 0.765625 0.30625 0.12875 0.17083333333333334
0 0.216875 0.8595833333333334 0.095 0.12583333333333332
0 0.4009375 0.39791666666666664 0.098125 0.13083333333333333