0 0.5328125 0.41791666666666666 0.079375 0.1075
0 0.56625 0.30833333333333335 0.06375 0.09
0 0.3625 0.19083333333333333 0.065 0.08666666666666667
0 0.2584375 0.73125 0.063125 0.08083333333333333
0 0.3403125 0.3925 0.058125 0.09
0 0.343125 0.69625 0.06625 0.0875
0 0.7284375 0.23375 0.079375 0.10416666666666667
0 0.580625 0.5258333333333334 0.06875 0.08833333333333333
0 0.43125 0.17791666666666667 0.0775 0.1075
0 0.8021875 0.4870833333333333 0.064375 0.08916666666666667
0 0.62875 0.34 0.0575 0.07333333333333333
0 0.5709375 0.7008333333333333 0.071875 0.09666666666666666
0 0.7890625 0.39625 0.083125 0.10416666666666667
0 0.463125 0.3525 0.06125 0.08833333333333333
1 0.350625 0.5054166666666666 0.075 0.1175
0 0.3465625 0.10583333333333333 0.075625 0.1
1 0.7921875 0.73125 0.081875 0.0875
0 0.73375 0.33458333333333334 0.06875 0.1025
0 0.5 0.6879166666666666 0.05875 0.0775
0 0.170625 0.7058333333333333 0.0625 0.09333333333333334
0 0.5509375 0.22 0.065625 0.09333333333333334
0 0.40375 0.5470833333333334 0.085 0.1075
0 0.605 0.9033333333333333 0.065 0.08666666666666667
0 0.40875 0.28208333333333335 0.07625 0.10083333333333333
0 0.510625 0.13875 0.06875 0.09416666666666666
0 0.415625 0.69375 0.06125 0.0825
0 0.495625 0.605 0.07125 0.105
0 0.29 0.4066666666666667 0.05625 0.095
0 0.6 0.42 0.06 0.095
0 0.72 0.785 0.07 0.08
0 0.4646875 0.4891666666666667 0.069375 0.09166666666666666
0 0.2565625 0.47791666666666666 0.069375 0.0875
0 0.400625 0.38 0.07125 0.095
0 0.681875 0.31416666666666665 0.05625 0.07333333333333333
0 0.428125 0.8491666666666666 0.0725 0.10333333333333333
0 0.3075 0.6166666666666667 0.06625 0.09666666666666666
0 0.3028125 0.77 0.066875 0.07833333333333334
0 0.3084375 0.23708333333333334 0.075625 0.0975
0 0.5221875 0.7658333333333334 0.074375 0.07
0 0.5590625 0.59875 0.063125 0.0875
0 0.335 0.8354166666666667 0.05875 0.0875
0 0.73 0.8216666666666667 0.07125 0.08333333333333333
0 0.3503125 0.2775 0.051875 0.07833333333333334
0 0.5846875 0.8079166666666666 0.058125 0.07583333333333334
0 0.3671875 0.8258333333333333 0.059375 0.08
0 0.438125 0.4625 0.07125 0.09
0 0.263125 0.5658333333333333 0.0725 0.09
0 0.4503125 0.7391666666666666 0.065625 0.08666666666666667
1 0.188125 0.51875 0.08375 0.09416666666666666
0 0.575625 0.041666666666666664 0.06625 0.08
0 0.2646875 0.07041666666666667 0.070625 0.09416666666666666
1 0.528125 0.8558333333333333 0.0725 0.16
0 0.4084375 0.34 0.056875 0.09333333333333334
0 0.486875 0.44416666666666665 0.0725 0.085
0 0.24875 0.6108333333333333 0.06375 0.08666666666666667
0 0.4325 0.7970833333333334 0.07375 0.08083333333333333
0 0.1865625 0.11791666666666667 0.070625 0.0975