0 0.7359375 0.11541666666666667 0.064375 0.0875
0 0.6090625 0.5029166666666667 0.068125 0.08916666666666667
0 0.196875 0.47875 0.07625 0.0975
0 0.2528125 0.9383333333333334 0.078125 0.09
0 0.494375 0.4275 0.07125 0.08333333333333333
0 0.6659375 0.41875 0.068125 0.0825
0 0.2625 0.2629166666666667 0.07 0.09416666666666666
0 0.478125 0.059583333333333335 0.06875 0.0925
0 0.689375 0.49 0.06625 0.085
0 0.7846875 0.44875 0.071875 0.09416666666666666
0 0.28875 0.5329166666666667 0.0725 0.09083333333333334
0 0.658125 0.575 0.07 0.08333333333333333
0 0.763125 0.73125 0.05625 0.08416666666666667
0 0.5846875 0.7183333333333334 0.055625 0.09
0 0.3984375 0.07208333333333333 0.073125 0.0925
0 0.3821875 0.5154166666666666 0.071875 0.08916666666666667
0 0.7634375 0.32416666666666666 0.071875 0.09833333333333333
0 0.3246875 0.6866666666666666 0.084375 0.09166666666666666
0 0.16875 0.6091666666666666 0.06125 0.08833333333333333
0 0.3559375 0.7870833333333334 0.074375 0.09083333333333334
0 0.456875 0.7958333333333333 0.06875 0.1
0 0.4171875 0.3525 0.069375 0.09333333333333334
0 0.4321875 0.4529166666666667 0.066875 0.08583333333333333
0 0.33625 0.89375 0.05375 0.07416666666666667
0 0.56875 0.4175 0.07625 0.09666666666666666
0 0.815625 0.7975 0.05875 0.1
0 0.28125 0.12333333333333334 0.07375 0.09
0 0.1665625 0.7870833333333334 0.075625 0.10416666666666667
0 0.6428125 0.89625 0.070625 0.09416666666666666
0 0.3946875 0.8354166666666667 0.064375 0.0875
0 0.5821875 0.8120833333333334 0.070625 0.08916666666666667
0 0.4815625 0.6808333333333333 0.074375 0.08833333333333333
0 0.199375 0.10875 0.0675 0.08083333333333333
0 0.5928125 0.25166666666666665 0.069375 0.095
0 0.190625 0.18583333333333332 0.06875 0.09166666666666666
0 0.50125 0.9429166666666666 0.0675 0.07916666666666666
0 0.4403125 0.69375 0.071875 0.08916666666666667
0 0.5425 0.3641666666666667 0.05875 0.08166666666666667
0 0.43625 0.21083333333333334 0.0675 0.09833333333333333
0 0.4859375 0.15833333333333333 0.056875 0.08833333333333333
0 0.3509375 0.5795833333333333 0.065625 0.0975
0 0.2790625 0.5775 0.060625 0.08833333333333333
0 0.719375 0.85 0.06375 0.095
0 0.3446875 0.25708333333333333 0.074375 0.1025
0 0.8125 0.6525 0.05625 0.08666666666666667
0 0.5234375 0.13 0.064375 0.08833333333333333
0 0.684375 0.29833333333333334 0.06375 0.07833333333333334
0 0.80375 0.5454166666666667 0.06 0.08083333333333333
0 0.758125 0.8283333333333334 0.06875 0.10333333333333333
0 0.3396875 0.13458333333333333 0.078125 0.08916666666666667
0 0.240625 0.85 0.06625 0.09166666666666666
0 0.545 0.21875 0.0675 0.0975
0 0.34375 0.41875 0.065 0.0725
0 0.23 0.66125 0.06625 0.09583333333333334
0 0.7284375 0.5658333333333333 0.056875 0.1
0 0.31375 0.4370833333333333 0.08 0.0925
0 0.1940625 0.3258333333333333 0.064375 0.08666666666666667
0 0.7921875 0.19583333333333333 0.074375 0.09166666666666666
0 0.5290625 0.7645833333333333 0.073125 0.09083333333333334
0 0.438125 0.8816666666666667 0.06875 0.08833333333333333
0 0.545625 0.9279166666666666 0.05625 0.08416666666666667
0 0.256875 0.16458333333333333 0.065 0.08583333333333333
0 0.370625 0.16916666666666666 0.06625 0.09833333333333333
0 0.333125 0.9375 0.08 0.07166666666666667
0 0.385 0.45416666666666666 0.0675 0.09833333333333333
0 0.6228125 0.3416666666666667 0.070625 0.085
0 0.338125 0.35375 0.0625 0.0825
0 0.7915625 0.6233333333333333 0.076875 0.08166666666666667
0 0.4734375 0.2633333333333333 0.064375 0.09166666666666666
0 0.6853125 0.7966666666666666 0.066875 0.09333333333333334
0 0.5665625 0.57875 0.073125 0.07416666666666667
0 0.6015625 0.5941666666666666 0.061875 0.07333333333333333
0 0.7134375 0.2325 0.069375 0.095
0 0.3109375 0.2125 0.063125 0.07833333333333334
0 0.8165625 0.22375 0.070625 0.08416666666666667
0 0.6434375 0.09083333333333334 0.060625 0.07666666666666666
0 0.6528125 0.32 0.066875 0.10166666666666667
0 0.420625 0.6025 0.07125 0.08666666666666667
0 0.680625 0.21541666666666667 0.06625 0.07416666666666667
0 0.5925 0.15041666666666667 0.06125 0.08416666666666667
0 0.4928125 0.5783333333333334 0.061875 0.09666666666666666
0 0.4428125 0.16208333333333333 0.069375 0.0875
0 0.4575 0.5254166666666666 0.08375 0.10916666666666666
0 0.1609375 0.07375 0.070625 0.09083333333333334
1 0.4421875 0.5645833333333333 0.059375 0.0875
0 0.225625 0.7108333333333333 0.06375 0.095
0 0.2709375 0.8354166666666667 0.063125 0.0775
0 0.3034375 0.7991666666666667 0.051875 0.08666666666666667
0 0.521875 0.8083333333333333 0.06 0.09333333333333334
0 0.5671875 0.9108333333333334 0.061875 0.07666666666666666
0 0.77375 0.9375 0.06875 0.075
0 0.8325 0.5516666666666666 0.06 0.08
0 0.7165625 0.7554166666666666 0.065625 0.07916666666666666
0 0.66375 0.8575 0.06 0.09333333333333334
0 0.6159375 0.7991666666666667 0.066875 0.09166666666666666
0 0.529375 0.8508333333333333 0.0625 0.07333333333333333
0 0.655625 0.18416666666666667 0.065 0.08333333333333333
0 0.533125 0.33625 0.07125 0.08416666666666667
0 0.62875 0.15625 0.075 0.07416666666666667
0 0.6415625 0.058333333333333334 0.069375 0.08666666666666667
0 0.3628125 0.3254166666666667 0.049375 0.10916666666666666
0 0.1728125 0.30416666666666664 0.068125 0.09333333333333334
0 0.569375 0.6133333333333333 0.06625 0.07833333333333334
0 0.801875 0.2875 0.06 0.07833333333333334
0 0.839375 0.29833333333333334 0.06 0.07166666666666667
0 0.4228125 0.9166666666666666 0.069375 0.06833333333333333
0 0.520625 0.23416666666666666 0.05875 0.09166666666666666