0 0.7971875 0.5304166666666666 0.090625 0.12083333333333333
0 0.1203125 0.515 0.113125 0.15
0 0.5746875 0.90625 0.115625 0.15416666666666667
0 0.5553125 0.5916666666666667 0.085625 0.115
0 0.546875 0.37083333333333335 0.10875 0.145
0 0.445625 0.4666666666666667 0.11625 0.155
0 0.5175 0.455 0.105 0.14
0 0.733125 0.5 0.1175 0.15666666666666668
0 0.6390625 0.7020833333333333 0.096875 0.12916666666666668
0 0.7059375 0.39166666666666666 0.109375 0.145
0 0.3315625 0.51875 0.096875 0.12916666666666668
0 0.700625 0.605 0.1025 0.13666666666666666
0 0.8796875 0.7766666666666666 0.095625 0.12666666666666668
0 0.6115625 0.42916666666666664 0.103125 0.13833333333333334
0 0.865625 0.5166666666666667 0.085 0.11333333333333333
0 0.8203125 0.43875 0.079375 0.10583333333333333
0 0.248125 0.385 0.105 0.14
0 0.7853125 0.92375 0.111875 0.14916666666666667
0 0.2975 0.8270833333333333 0.10125 0.13416666666666666
0 0.4484375 0.59625 0.103125 0.1375
0 0.214375 0.20791666666666667 0.11 0.1475
0 0.4103125 0.83875 0.105625 0.14083333333333334
0 0.4778125 0.8670833333333333 0.109375 0.14583333333333334
0 0.8828125 0.43166666666666664 0.098125 0.13166666666666665
1 0.0809375 0.32208333333333333 0.108125 0.14416666666666667
0 0.399375 0.5475 0.10125 0.135
0 0.5953125 0.8254166666666667 0.079375 0.10583333333333333
0 0.621875 0.495 0.09125 0.12166666666666667
0 0.885 0.6141666666666666 0.1025 0.13666666666666666
0 0.583125 0.13 0.10375 0.13833333333333334
0 0.3653125 0.88375 0.098125 0.13083333333333333
0 0.4184375 0.6954166666666667 0.085625 0.11416666666666667
0 0.5484375 0.78125 0.090625 0.12083333333333333
0 0.6425 0.6158333333333333 0.10125 0.135
1 0.7771875 0.3154166666666667 0.115625 0.15416666666666667
1 0.169375 0.35 0.1225 0.16333333333333333
1 0.839375 0.7675 0.09125 0.12166666666666667
1 0.8353125 0.8520833333333333 0.124375 0.16583333333333333
0 0.9084375 0.60125 0.105625 0.14083333333333334
0 0.944375 0.555 0.09375 0.125
0 0.938125 0.45416666666666666 0.0825 0.11
0 0.1334375 0.6229166666666667 0.096875 0.12916666666666668
0 0.465625 0.7616666666666667 0.0875 0.11666666666666667
0 0.6571875 0.82625 0.108125 0.14416666666666667
0 0.6903125 0.7766666666666666 0.096875 0.13
0 0.7215625 0.8858333333333334 0.086875 0.115
0 0.1465625 0.17875 0.100625 0.13416666666666666
0 0.0796875 0.2125 0.099375 0.13333333333333333
0 0.655625 0.12291666666666666 0.10625 0.1425
0 0.66625 0.08166666666666667 0.09375 0.125
0 0.525 0.7808333333333334 0.095 0.12666666666666668
0 0.79125 0.37333333333333335 0.0875 0.11666666666666667
0 0.630625 0.5575 0.0975 0.13
0 0.669375 0.31583333333333335 0.10625 0.14166666666666666
0 0.686875 0.2683333333333333 0.09 0.12
0 0.5815625 0.27166666666666667 0.093125 0.125
0 0.5465625 0.215 0.095625 0.12833333333333333