0 0.8015625 0.31625 0.090625 0.12083333333333333
0 0.653125 0.37833333333333335 0.09125 0.12166666666666667
0 0.62875 0.23166666666666666 0.10375 0.13833333333333334
0 0.3409375 0.08041666666666666 0.094375 0.12583333333333332
0 0.364375 0.35875 0.09375 0.12583333333333332
0 0.201875 0.11083333333333334 0.095 0.12666666666666668
0 0.3965625 0.7141666666666666 0.095625 0.12666666666666668
0 0.2784375 0.3175 0.090625 0.12
0 0.6565625 0.5879166666666666 0.084375 0.1125
0 0.331875 0.75875 0.10125 0.13416666666666666
0 0.7153125 0.42041666666666666 0.098125 0.13083333333333333
0 0.0765625 0.23208333333333334 0.081875 0.10916666666666666
0 0.54375 0.75375 0.1025 0.1375
0 0.3725 0.49083333333333334 0.08375 0.11166666666666666
0 0.7240625 0.5829166666666666 0.089375 0.11916666666666667
0 0.2003125 0.5695833333333333 0.089375 0.11916666666666667
0 0.6228125 0.7641666666666667 0.079375 0.105
0 0.4275 0.32666666666666666 0.08375 0.11166666666666666
0 0.4028125 0.9304166666666667 0.084375 0.1125
0 0.5984375 0.42875 0.095625 0.1275
0 0.5884375 0.32125 0.078125 0.10416666666666667
0 0.154375 0.66625 0.09125 0.1225
0 0.3646875 0.84625 0.085625 0.11416666666666667
0 0.6278125 0.6579166666666667 0.083125 0.11083333333333334
0 0.31625 0.49833333333333335 0.08375 0.11166666666666666
0 0.3021875 0.39708333333333334 0.089375 0.11916666666666667
0 0.8434375 0.5495833333333333 0.089375 0.11916666666666667
0 0.084375 0.5504166666666667 0.085 0.1125
0 0.4496875 0.7554166666666666 0.076875 0.1025
0 0.1196875 0.14791666666666667 0.090625 0.12083333333333333
0 0.463125 0.09416666666666666 0.09625 0.12833333333333333
0 0.6853125 0.9166666666666666 0.089375 0.12
0 0.5728125 0.07916666666666666 0.075625 0.10166666666666667
0 0.6821875 0.6504166666666666 0.083125 0.11083333333333334
0 0.825 0.47 0.0775 0.10333333333333333
0 0.531875 0.49541666666666667 0.09125 0.1225
0 0.4225 0.515 0.08625 0.115
0 0.8409375 0.8241666666666667 0.079375 0.105
0 0.66 0.5216666666666666 0.08875 0.11833333333333333
0 0.775625 0.5083333333333333 0.0775 0.10333333333333333
0 0.74 0.8429166666666666 0.085 0.1125
0 0.25375 0.8183333333333334 0.09625 0.12833333333333333
0 0.3265625 0.66375 0.076875 0.1025
0 0.6321875 0.09958333333333333 0.079375 0.10583333333333333
0 0.5290625 0.8616666666666667 0.079375 0.10666666666666667
0 0.716875 0.9291666666666667 0.09625 0.12833333333333333
0 0.5259375 0.2704166666666667 0.075625 0.10083333333333333
0 0.4209375 0.40958333333333335 0.088125 0.1175
0 0.14 0.29333333333333333 0.09375 0.125
0 0.8453125 0.3729166666666667 0.089375 0.11916666666666667
0 0.788125 0.7908333333333334 0.085 0.11333333333333333
0 0.4196875 0.8545833333333334 0.085625 0.11416666666666667
0 0.5209375 0.34041666666666665 0.080625 0.1075
0 0.196875 0.31 0.0725 0.09666666666666666
0 0.6353125 0.4825 0.088125 0.11833333333333333
0 0.1 0.49416666666666664 0.0725 0.09666666666666666
0 0.350625 0.565 0.07875 0.105
0 0.4840625 0.5383333333333333 0.076875 0.10333333333333333
0 0.161875 0.26666666666666666 0.0725 0.09666666666666666
0 0.8071875 0.8929166666666667 0.079375 0.10583333333333333
0 0.8090625 0.6579166666666667 0.079375 0.10583333333333333
0 0.5346875 0.5766666666666667 0.080625 0.10833333333333334
1 0.7425 0.6908333333333333 0.125 0.16666666666666666
1 0.7734375 0.6083333333333333 0.080625 0.10833333333333334
0 0.81 0.5683333333333334 0.0775 0.10333333333333333
0 0.475 0.3725 0.07375 0.09833333333333333
0 0.481875 0.30416666666666664 0.07125 0.095
0 0.500625 0.18541666666666667 0.0775 0.1025
0 0.4746875 0.13375 0.071875 0.09583333333333334
0 0.50375 0.5754166666666667 0.08875 0.1175
0 0.566875 0.5625 0.07 0.09333333333333334
0 0.5903125 0.6183333333333333 0.074375 0.1
0 0.65 0.8441666666666666 0.075 0.1
0 0.7321875 0.23 0.075625 0.10166666666666667
0 0.68625 0.12541666666666668 0.07625 0.1025
0 0.715 0.12041666666666667 0.06875 0.09083333333333334
0 0.1359375 0.21583333333333332 0.079375 0.10666666666666667
0 0.1928125 0.20541666666666666 0.074375 0.09916666666666667
0 0.1634375 0.15791666666666668 0.080625 0.1075
0 0.18375 0.5025 0.0875 0.11666666666666667
0 0.05875 0.42833333333333334 0.095 0.12666666666666668
0 0.4796875 0.81375 0.070625 0.09416666666666666
0 0.759375 0.8591666666666666 0.0925 0.12333333333333334
0 0.7834375 0.7241666666666666 0.106875 0.14166666666666666
0 0.94375 0.5358333333333334 0.07125 0.095
0 0.8796875 0.42791666666666667 0.085625 0.11416666666666667