0 0.640625 0.6016666666666667 0.07125 0.09333333333333334
0 0.299375 0.08333333333333333 0.065 0.07833333333333334
0 0.240625 0.23958333333333334 0.07875 0.0975
0 0.381875 0.4979166666666667 0.07625 0.09416666666666666
0 0.398125 0.33916666666666667 0.0725 0.07166666666666667
0 0.72625 0.73625 0.0775 0.09083333333333334
0 0.1675 0.05375 0.07125 0.0875
0 0.5775 0.5641666666666667 0.065 0.08666666666666667
0 0.3815625 0.06125 0.060625 0.09583333333333334
0 0.261875 0.32458333333333333 0.07 0.0975
0 0.4109375 0.2679166666666667 0.073125 0.08916666666666667
0 0.4646875 0.805 0.073125 0.105
0 0.689375 0.8104166666666667 0.0625 0.08916666666666667
0 0.4059375 0.41875 0.076875 0.09083333333333334
0 0.495625 0.9116666666666666 0.0675 0.09666666666666666
0 0.7278125 0.09333333333333334 0.065625 0.09333333333333334
0 0.4628125 0.22708333333333333 0.079375 0.10083333333333333
0 0.2175 0.3779166666666667 0.06875 0.10083333333333333
0 0.6484375 0.505 0.066875 0.08666666666666667
0 0.2228125 0.11541666666666667 0.056875 0.10916666666666666
0 0.443125 0.9304166666666667 0.06375 0.0975
0 0.5546875 0.10333333333333333 0.064375 0.12
0 0.684375 0.13416666666666666 0.07375 0.10833333333333334
0 0.72875 0.6629166666666667 0.0875 0.0825
0 0.4934375 0.16166666666666665 0.073125 0.1
0 0.7578125 0.8370833333333333 0.063125 0.11083333333333334
0 0.6975 0.30916666666666665 0.07 0.09333333333333334
0 0.3415625 0.38083333333333336 0.060625 0.13