0 0.7028125 0.2608333333333333 0.109375 0.145
0 0.5384375 0.46125 0.108125 0.14416666666666667
0 0.6640625 0.8125 0.113125 0.15166666666666667
0 0.18625 0.8225 0.10875 0.145
0 0.33625 0.20791666666666667 0.11 0.1475
0 0.29875 0.7154166666666667 0.115 0.1525
0 0.286875 0.3675 0.09375 0.125
0 0.08375 0.7308333333333333 0.10125 0.135
0 0.4346875 0.53375 0.119375 0.15916666666666668
0 0.6103125 0.3516666666666667 0.114375 0.15166666666666667
0 0.1296875 0.5779166666666666 0.106875 0.1425
0 0.315625 0.8529166666666667 0.10125 0.13583333333333333
0 0.481875 0.8583333333333333 0.1175 0.15666666666666668
0 0.348125 0.07375 0.11 0.14583333333333334
0 0.5121875 0.18375 0.095625 0.1275
0 0.5815625 0.23125 0.123125 0.16416666666666666
1 0.38375 0.31708333333333333 0.12 0.16083333333333333
0 0.329375 0.3120833333333333 0.095 0.1275
0 0.7559375 0.3775 0.109375 0.145
0 0.2240625 0.7375 0.093125 0.125
0 0.54375 0.8491666666666666 0.1125 0.15
0 0.0596875 0.6 0.101875 0.135
0 0.503125 0.7645833333333333 0.10875 0.14583333333333334
0 0.1553125 0.7020833333333333 0.106875 0.1425
0 0.823125 0.58375 0.10375 0.13916666666666666
0 0.3821875 0.4083333333333333 0.118125 0.15833333333333333