0 0.36 0.6291666666666667 0.06 0.09666666666666666
0 0.5975 0.5129166666666667 0.0625 0.1075
0 0.4578125 0.5791666666666667 0.079375 0.09333333333333334
0 0.6175 0.16416666666666666 0.0525 0.09166666666666666
0 0.4171875 0.4166666666666667 0.071875 0.08833333333333333
0 0.426875 0.8233333333333334 0.07875 0.08
0 0.796875 0.91375 0.07 0.09416666666666666
0 0.41 0.6558333333333334 0.06625 0.09333333333333334
0 0.209375 0.8770833333333333 0.08 0.0825
0 0.37375 0.7545833333333334 0.07 0.0925
0 0.4990625 0.78125 0.068125 0.09416666666666666
0 0.303125 0.67375 0.0775 0.09583333333333334
0 0.6525 0.7583333333333333 0.0575 0.08833333333333333
0 0.2009375 0.20208333333333334 0.080625 0.0825
0 0.746875 0.5420833333333334 0.07125 0.0875
0 0.6971875 0.23708333333333334 0.071875 0.0725
0 0.46875 0.31958333333333333 0.07625 0.09916666666666667
0 0.80375 0.15 0.0625 0.09
0 0.25625 0.10541666666666667 0.06625 0.0775
0 0.5903125 0.8779166666666667 0.071875 0.0775
0 0.5396875 0.8225 0.068125 0.08666666666666667
0 0.71875 0.11125 0.085 0.1025
0 0.768125 0.6633333333333333 0.0775 0.08666666666666667
0 0.2475 0.29041666666666666 0.06875 0.08083333333333333
0 0.79375 0.40625 0.07875 0.09583333333333334
0 0.51 0.49625 0.08125 0.08416666666666667
0 0.784375 0.3283333333333333 0.0725 0.085
0 0.29625 0.5441666666666667 0.08625 0.08333333333333333
0 0.7003125 0.8454166666666667 0.080625 0.09416666666666666
0 0.761875 0.74 0.06 0.07666666666666666
0 0.28125 0.43041666666666667 0.08875 0.07583333333333334
0 0.5290625 0.61 0.089375 0.08
0 0.598125 0.6654166666666667 0.08375 0.10083333333333333
0 0.25875 0.36541666666666667 0.085 0.08416666666666667
0 0.735 0.31708333333333333 0.07875 0.08083333333333333
0 0.2221875 0.7983333333333333 0.090625 0.06833333333333333
0 0.820625 0.8333333333333334 0.07 0.08333333333333333
0 0.73375 0.4195833333333333 0.05375 0.0875
0 0.805 0.09208333333333334 0.085 0.0775
0 0.3640625 0.54125 0.099375 0.0575
0 0.280625 0.48125 0.08375 0.07416666666666667
0 0.5215625 0.21375 0.083125 0.15416666666666667
0 0.600625 0.915 0.09 0.07166666666666667
0 0.4821875 0.06541666666666666 0.084375 0.1075
0 0.6846875 0.4866666666666667 0.104375 0.07833333333333334
0 0.2403125 0.195 0.065625 0.065
0 0.7353125 0.8125 0.068125 0.06833333333333333
0 0.68375 0.78125 0.07125 0.08583333333333333
0 0.550625 0.2775 0.0725 0.12666666666666668
0 0.231875 0.26375 0.11375 0.09416666666666666
0 0.2575 0.12291666666666666 0.08 0.08083333333333333
0 0.7275 0.48833333333333334 0.10875 0.08333333333333333
0 0.7028125 0.25666666666666665 0.085625 0.08
0 0.7778125 0.75625 0.113125 0.0625
0 0.6903125 0.34208333333333335 0.105625 0.08416666666666667
0 0.8371875 0.6054166666666667 0.071875 0.08916666666666667