0 0.7775 0.2675 0.08 0.10666666666666667
0 0.786875 0.37375 0.085 0.1125
0 0.2509375 0.36625 0.100625 0.13416666666666666
0 0.1203125 0.5216666666666666 0.085625 0.11333333333333333
0 0.941875 0.24458333333333335 0.08875 0.1175
0 0.455 0.9029166666666667 0.1 0.13416666666666666
0 0.6815625 0.51125 0.096875 0.12916666666666668
0 0.8575 0.5595833333333333 0.085 0.11416666666666667
0 0.3021875 0.17458333333333334 0.090625 0.12083333333333333
0 0.42125 0.69125 0.0975 0.12916666666666668
0 0.6465625 0.7766666666666666 0.094375 0.12666666666666668
0 0.170625 0.78625 0.0925 0.12416666666666666
0 0.115 0.45166666666666666 0.10625 0.14166666666666666
0 0.610625 0.49583333333333335 0.08125 0.10833333333333334
0 0.6759375 0.7066666666666667 0.089375 0.12
0 0.5371875 0.8725 0.085625 0.11333333333333333
0 0.695625 0.4195833333333333 0.08875 0.11916666666666667
0 0.5496875 0.6495833333333333 0.095625 0.1275
0 0.5559375 0.17791666666666667 0.091875 0.1225
0 0.2890625 0.72625 0.094375 0.12583333333333332
0 0.4896875 0.56625 0.090625 0.12083333333333333
0 0.4509375 0.7729166666666667 0.099375 0.1325
0 0.608125 0.6991666666666667 0.0875 0.11666666666666667
1 0.224375 0.8683333333333333 0.11125 0.14833333333333334
0 0.5921875 0.7954166666666667 0.086875 0.11583333333333333
0 0.194375 0.9358333333333333 0.07375 0.09833333333333333
1 0.103125 0.6270833333333333 0.11375 0.1525
0 0.42625 0.3125 0.0875 0.11666666666666667
0 0.4678125 0.4925 0.088125 0.11666666666666667
1 0.21875 0.5641666666666667 0.1175 0.15666666666666668
0 0.4021875 0.49625 0.105625 0.14083333333333334
0 0.53375 0.10666666666666667 0.08875 0.11833333333333333
0 0.3125 0.5783333333333334 0.0875 0.11666666666666667
0 0.570625 0.09625 0.1 0.13416666666666666
0 0.876875 0.47541666666666665 0.1 0.13416666666666666
0 0.3865625 0.30125 0.093125 0.12416666666666666
0 0.19 0.6858333333333333 0.08625 0.115
0 0.909375 0.39125 0.11375 0.1525
1 0.5415625 0.4454166666666667 0.116875 0.15583333333333332
0 0.2975 0.2683333333333333 0.08375 0.11166666666666666
0 0.381875 0.13166666666666665 0.09 0.12
0 0.8978125 0.5695833333333333 0.085625 0.11416666666666667
0 0.62375 0.8433333333333334 0.085 0.11333333333333333
0 0.2171875 0.7295833333333334 0.084375 0.1125
0 0.7065625 0.5370833333333334 0.091875 0.1225
0 0.368125 0.18958333333333333 0.08625 0.11583333333333333
0 0.3621875 0.2866666666666667 0.085625 0.11333333333333333
0 0.3346875 0.23166666666666666 0.079375 0.10666666666666667
0 0.28 0.64 0.0825 0.11
0 0.2415625 0.6591666666666667 0.078125 0.105
0 0.5903125 0.85875 0.104375 0.13916666666666666