0 0.5728125 0.7316666666666667 0.061875 0.08833333333333333
0 0.74375 0.7866666666666666 0.06 0.08833333333333333
0 0.625 0.6291666666666667 0.06375 0.08333333333333333
0 0.8196875 0.675 0.069375 0.09833333333333333
0 0.665 0.3475 0.0625 0.1
0 0.78375 0.2920833333333333 0.0675 0.09416666666666666
0 0.3609375 0.6895833333333333 0.058125 0.08416666666666667
0 0.599375 0.09708333333333333 0.07 0.0775
0 0.7328125 0.40541666666666665 0.063125 0.0925
0 0.6265625 0.41583333333333333 0.071875 0.09166666666666666
0 0.795625 0.0625 0.0675 0.09333333333333334
0 0.7546875 0.9366666666666666 0.063125 0.08666666666666667
0 0.3546875 0.4533333333333333 0.066875 0.09666666666666666
0 0.8171875 0.3641666666666667 0.048125 0.075
0 0.4284375 0.6841666666666667 0.059375 0.08166666666666667
0 0.165 0.6479166666666667 0.05 0.08083333333333333
0 0.72625 0.17333333333333334 0.06375 0.09
0 0.3025 0.8708333333333333 0.0625 0.07833333333333334
0 0.635625 0.8383333333333334 0.0625 0.08
0 0.7634375 0.5591666666666667 0.071875 0.10166666666666667
0 0.66625 0.21375 0.055 0.08083333333333333
0 0.5015625 0.8395833333333333 0.069375 0.0975
0 0.83 0.7695833333333333 0.0625 0.08916666666666667
0 0.5228125 0.22458333333333333 0.061875 0.09416666666666666
0 0.81625 0.9120833333333334 0.06625 0.1075
0 0.4540625 0.7645833333333333 0.073125 0.09916666666666667
0 0.38125 0.39791666666666664 0.0575 0.08416666666666667
0 0.5809375 0.35 0.063125 0.085
0 0.310625 0.10291666666666667 0.07125 0.09416666666666666
0 0.5334375 0.6541666666666667 0.066875 0.1
0 0.7171875 0.7158333333333333 0.069375 0.1
0 0.7225 0.26375 0.07625 0.09416666666666666
0 0.67375 0.66375 0.05625 0.0925
0 0.724375 0.49583333333333335 0.07625 0.10166666666666667
0 0.7515625 0.8683333333333333 0.068125 0.085
0 0.409375 0.6041666666666666 0.065 0.095
0 0.683125 0.88125 0.05875 0.08583333333333333
0 0.2253125 0.6541666666666667 0.058125 0.07
1 0.5753125 0.5383333333333333 0.090625 0.10666666666666667
0 0.58375 0.23375 0.0625 0.0875
0 0.6853125 0.8841666666666667 0.075625 0.09666666666666666
0 0.3615625 0.32166666666666666 0.070625 0.085
0 0.2946875 0.6745833333333333 0.074375 0.1025
0 0.78375 0.5116666666666667 0.0725 0.09333333333333334
0 0.5015625 0.165 0.061875 0.09166666666666666
0 0.571875 0.44 0.0575 0.09
0 0.508125 0.5258333333333334 0.06125 0.07166666666666667
0 0.3453125 0.8325 0.073125 0.1
0 0.553125 0.33625 0.0725 0.0975
0 0.6428125 0.24958333333333332 0.074375 0.1025
1 0.6296875 0.18 0.083125 0.09833333333333333
1 0.358125 0.56 0.06125 0.105
0 0.21875 0.24833333333333332 0.07625 0.075
0 0.25875 0.6820833333333334 0.07125 0.0925
0 0.34 0.6145833333333334 0.0625 0.08083333333333333
0 0.3309375 0.7683333333333333 0.058125 0.06666666666666667
0 0.3959375 0.7733333333333333 0.069375 0.07666666666666666
0 0.361875 0.7808333333333334 0.055 0.095
0 0.750625 0.08 0.0625 0.10166666666666667
0 0.2678125 0.51625 0.065625 0.0675
0 0.2575 0.9179166666666667 0.0625 0.0975
0 0.31875 0.27666666666666667 0.0575 0.10166666666666667
0 0.5240625 0.8145833333333333 0.053125 0.0875