0 0.1709375 0.06666666666666667 0.059375 0.09
0 0.1078125 0.20208333333333334 0.065625 0.08083333333333333
0 0.0634375 0.45416666666666666 0.065625 0.09666666666666666
0 0.4225 0.28208333333333335 0.06125 0.07583333333333334
0 0.061875 0.051666666666666666 0.07 0.09166666666666666
0 0.0946875 0.12416666666666666 0.064375 0.075
0 0.24 0.05125 0.065 0.09083333333333334
0 0.9203125 0.5025 0.060625 0.08666666666666667
0 0.3071875 0.585 0.065625 0.08
0 0.071875 0.6695833333333333 0.06 0.09916666666666667
0 0.8778125 0.57875 0.069375 0.0975
0 0.6715625 0.4558333333333333 0.059375 0.07166666666666667
0 0.1928125 0.73 0.056875 0.09
0 0.7434375 0.7854166666666667 0.068125 0.09416666666666666
0 0.525 0.09416666666666666 0.06375 0.075
0 0.8578125 0.8208333333333333 0.060625 0.08166666666666667
0 0.6725 0.7529166666666667 0.06125 0.07416666666666667
0 0.260625 0.92375 0.0575 0.08916666666666667
0 0.883125 0.2475 0.07125 0.095
0 0.523125 0.5108333333333334 0.07125 0.08
0 0.609375 0.10916666666666666 0.0675 0.06833333333333333
0 0.2475 0.12958333333333333 0.06625 0.08583333333333333
0 0.8890625 0.9020833333333333 0.071875 0.08916666666666667
0 0.41 0.7025 0.075 0.08833333333333333
0 0.2875 0.49125 0.065 0.09916666666666667
0 0.56375 0.18708333333333332 0.07 0.08583333333333333
0 0.9528125 0.30291666666666667 0.054375 0.07916666666666666
0 0.1240625 0.7270833333333333 0.068125 0.0975
0 0.786875 0.5345833333333333 0.07375 0.0775
0 0.374375 0.11333333333333333 0.06 0.09666666666666666
0 0.371875 0.5341666666666667 0.07 0.07
0 0.6965625 0.91375 0.071875 0.09916666666666667
0 0.7309375 0.6775 0.074375 0.08833333333333333
0 0.4340625 0.88625 0.054375 0.0925
0 0.493125 0.25916666666666666 0.07 0.09166666666666666
0 0.2678125 0.6570833333333334 0.058125 0.08083333333333333
0 0.3034375 0.4008333333333333 0.061875 0.07
0 0.7 0.64625 0.065 0.09583333333333334
0 0.235 0.3983333333333333 0.05625 0.08
0 0.58375 0.8770833333333333 0.05875 0.07916666666666666
0 0.3096875 0.075 0.060625 0.08333333333333333
0 0.1921875 0.82375 0.066875 0.07916666666666666
0 0.615 0.2945833333333333 0.0675 0.07416666666666667
0 0.1859375 0.9333333333333333 0.069375 0.07166666666666667
0 0.6871875 0.16 0.071875 0.09
0 0.44625 0.43166666666666664 0.0525 0.07833333333333334
0 0.715625 0.25458333333333333 0.055 0.08083333333333333
0 0.381875 0.4533333333333333 0.06625 0.07333333333333333
0 0.519375 0.6408333333333334 0.0725 0.09333333333333334
0 0.259375 0.7479166666666667 0.06375 0.07083333333333333
0 0.2103125 0.14041666666666666 0.068125 0.0925
0 0.23625 0.5720833333333334 0.05625 0.0775
0 0.7859375 0.18333333333333332 0.054375 0.08
0 0.7071875 0.29625 0.059375 0.07416666666666667
0 0.2484375 0.2679166666666667 0.076875 0.10083333333333333
0 0.0634375 0.27458333333333335 0.065625 0.09916666666666667
0 0.0309375 0.18416666666666667 0.061875 0.09
0 0.153125 0.34208333333333335 0.07875 0.11916666666666667
0 0.66 0.845 0.0675 0.09
0 0.7965625 0.8791666666666667 0.060625 0.07333333333333333
0 0.4925 0.72875 0.07125 0.0875
0 0.9421875 0.4075 0.066875 0.09166666666666666
0 0.8896875 0.38 0.061875 0.07333333333333333
0 0.731875 0.4216666666666667 0.05375 0.08166666666666667
0 0.2415625 0.4845833333333333 0.063125 0.07416666666666667
0 0.6046875 0.6029166666666667 0.064375 0.0775
0 0.8978125 0.6629166666666667 0.056875 0.07583333333333334
0 0.588125 0.7770833333333333 0.07125 0.0725
0 0.1746875 0.61625 0.063125 0.08583333333333333
0 0.55625 0.8029166666666666 0.06625 0.08916666666666667
0 0.1059375 0.8183333333333334 0.058125 0.08666666666666667
0 0.6215625 0.7045833333333333 0.061875 0.06416666666666666
0 0.081875 0.34791666666666665 0.07375 0.08416666666666667
0 0.340625 0.33541666666666664 0.0675 0.08083333333333333
0 0.735625 0.9083333333333333 0.05875 0.08166666666666667
0 0.110625 0.7741666666666667 0.05375 0.08333333333333333
0 0.295 0.8525 0.07625 0.08666666666666667
0 0.5096875 0.8929166666666667 0.065625 0.06583333333333333
0 0.693125 0.08666666666666667 0.05125 0.09
0 0.52375 0.22583333333333333 0.0575 0.08666666666666667
0 0.1253125 0.8704166666666666 0.055625 0.08583333333333333
0 0.646875 0.37416666666666665 0.05125 0.085
0 0.6384375 0.5754166666666667 0.060625 0.08583333333333333
0 0.8475 0.49625 0.07 0.0925
0 0.5225 0.845 0.0625 0.07666666666666666
0 0.93375 0.08 0.06 0.085
0 0.5521875 0.67125 0.066875 0.07416666666666667
0 0.42125 0.07416666666666667 0.05125 0.08833333333333333
0 0.658125 0.6404166666666666 0.055 0.08416666666666667
0 0.9084375 0.17708333333333334 0.063125 0.1025
0 0.8990625 0.7866666666666666 0.055625 0.07333333333333333
0 0.7971875 0.65625 0.063125 0.0775
0 0.35875 0.8016666666666666 0.0425 0.08333333333333333
0 0.9690625 0.91875 0.060625 0.08583333333333333
0 0.363125 0.18875 0.065 0.08416666666666667
0 0.960625 0.68125 0.05375 0.08583333333333333
0 0.4734375 0.7533333333333333 0.061875 0.07833333333333334
0 0.6096875 0.50875 0.054375 0.0875
0 0.128125 0.41875 0.06375 0.08416666666666667
0 0.25 0.8558333333333333 0.085 0.07833333333333334
0 0.4896875 0.17 0.088125 0.075
0 0.42375 0.18833333333333332 0.08875 0.085
0 0.8621875 0.45416666666666666 0.066875 0.085
0 0.835625 0.09708333333333333 0.07125 0.09083333333333334
0 0.36125 0.6266666666666667 0.0525 0.06833333333333333
0 0.1475 0.915 0.07 0.085
0 0.038125 0.76125 0.0625 0.07583333333333334
1 0.73625 0.10625 0.07875 0.12583333333333332
0 0.11625 0.5483333333333333 0.05875 0.08
0 0.035625 0.95375 0.04875 0.08583333333333333
0 0.5440625 0.07875 0.056875 0.07083333333333333
0 0.9665625 0.14 0.064375 0.08166666666666667
0 0.790625 0.21041666666666667 0.0525 0.0775
0 0.700625 0.32958333333333334 0.05875 0.08083333333333333
0 0.754375 0.4370833333333333 0.0575 0.0775
0 0.80375 0.40291666666666665 0.05 0.10916666666666666
0 0.843125 0.2704166666666667 0.06 0.0725
0 0.970625 0.39375 0.05625 0.08583333333333333
0 0.9534375 0.33666666666666667 0.078125 0.08
0 0.925625 0.14 0.0575 0.09333333333333334
0 0.898125 0.15041666666666667 0.05875 0.08083333333333333
0 0.8296875 0.29541666666666666 0.054375 0.08416666666666667
0 0.8278125 0.32166666666666666 0.061875 0.08333333333333333
0 0.82 0.35541666666666666 0.07125 0.0775
0 0.874375 0.40208333333333335 0.04625 0.08416666666666667
0 0.9390625 0.29625 0.053125 0.08916666666666667
0 0.825625 0.6741666666666667 0.05125 0.07166666666666667
0 0.82875 0.5245833333333333 0.07125 0.07416666666666667
0 0.584375 0.595 0.0625 0.06666666666666667
0 0.5303125 0.48875 0.054375 0.0825
0 0.685625 0.47583333333333333 0.06625 0.06833333333333333
0 0.580625 0.3620833333333333 0.05625 0.0875
0 0.615625 0.35541666666666666 0.08 0.08916666666666667
0 0.6028125 0.47625 0.060625 0.08416666666666667
0 0.580625 0.44708333333333333 0.06375 0.10083333333333333
0 0.5459375 0.4475 0.045625 0.07166666666666667
0 0.811875 0.07291666666666667 0.07 0.08583333333333333
0 0.6784375 0.78125 0.051875 0.07583333333333334
0 0.8084375 0.615 0.054375 0.095
0 0.876875 0.7395833333333334 0.06 0.07416666666666667
0 0.8959375 0.7608333333333334 0.054375 0.075
0 0.895625 0.7 0.05375 0.07833333333333334
0 0.764375 0.88375 0.06625 0.07916666666666666
0 0.5865625 0.9170833333333334 0.053125 0.07083333333333333
0 0.510625 0.9341666666666667 0.05875 0.085
0 0.405625 0.76 0.0575 0.08666666666666667
0 0.3821875 0.7945833333333333 0.055625 0.07583333333333334
0 0.4453125 0.8495833333333334 0.064375 0.0725
0 0.4178125 0.86625 0.053125 0.09916666666666667
0 0.459375 0.78375 0.08125 0.06583333333333333
0 0.2384375 0.66125 0.056875 0.0875
0 0.1478125 0.6391666666666667 0.061875 0.06666666666666667
0 0.2771875 0.7758333333333334 0.059375 0.06666666666666667
0 0.291875 0.7495833333333334 0.06125 0.0825
0 0.051875 0.8791666666666667 0.05875 0.07833333333333334
0 0.2071875 0.85375 0.059375 0.0725
0 0.23375 0.8541666666666666 0.0525 0.075
0 0.06625 0.84375 0.0525 0.07583333333333334
0 0.0746875 0.5533333333333333 0.064375 0.085
0 0.3821875 0.6183333333333333 0.064375 0.07
0 0.4215625 0.6175 0.043125 0.065
0 0.0390625 0.5504166666666667 0.066875 0.07583333333333334
0 0.04125 0.3258333333333333 0.07125 0.09166666666666666
0 0.164375 0.4866666666666667 0.06 0.06666666666666667
0 0.1415625 0.5170833333333333 0.063125 0.08583333333333333
0 0.13875 0.46 0.07125 0.1
0 0.36 0.46 0.0625 0.08666666666666667
0 0.2684375 0.30333333333333334 0.056875 0.09333333333333334
0 0.35875 0.3145833333333333 0.06 0.0875
0 0.3584375 0.11166666666666666 0.063125 0.08166666666666667
0 0.6225 0.13416666666666666 0.05 0.08166666666666667
0 0.5815625 0.20375 0.051875 0.06416666666666666
0 0.4078125 0.36 0.069375 0.07166666666666667
0 0.4190625 0.37333333333333335 0.055625 0.095
0 0.085 0.30291666666666667 0.0675 0.0725
0 0.12375 0.35791666666666666 0.0725 0.09583333333333334
0 0.2609375 0.4683333333333333 0.075625 0.09166666666666666
0 0.21875 0.3879166666666667 0.05125 0.08583333333333333
0 0.3165625 0.38125 0.053125 0.07583333333333334
0 0.22375 0.3645833333333333 0.05875 0.0825
0 0.443125 0.05625 0.06 0.07416666666666667
0 0.9225 0.03916666666666667 0.06 0.07833333333333334