1 0.286875 0.60125 0.0675 0.09916666666666667
0 0.6446875 0.6770833333333334 0.059375 0.07583333333333334
0 0.8171875 0.30333333333333334 0.066875 0.07833333333333334
0 0.3075 0.7566666666666667 0.0675 0.07333333333333333
0 0.3375 0.13041666666666665 0.065 0.0775
0 0.6809375 0.19666666666666666 0.068125 0.09333333333333334
1 0.739375 0.1125 0.0775 0.095
1 0.4034375 0.3595833333333333 0.075625 0.10916666666666666
0 0.2609375 0.40875 0.063125 0.07916666666666666
0 0.6684375 0.09041666666666667 0.064375 0.09416666666666666
0 0.7496875 0.20458333333333334 0.061875 0.08083333333333333
0 0.4221875 0.7770833333333333 0.064375 0.08416666666666667
0 0.2940625 0.8591666666666666 0.075625 0.09333333333333334
0 0.5740625 0.5404166666666667 0.061875 0.08083333333333333
0 0.668125 0.75875 0.06625 0.09583333333333334
0 0.35875 0.9025 0.06375 0.07833333333333334
0 0.7734375 0.8266666666666667 0.058125 0.09
0 0.318125 0.33166666666666667 0.06625 0.09166666666666666
0 0.5571875 0.44 0.059375 0.07833333333333334
0 0.42 0.0775 0.06 0.08166666666666667
0 0.706875 0.2866666666666667 0.0875 0.08833333333333333
0 0.7103125 0.45708333333333334 0.064375 0.08916666666666667
0 0.20375 0.1775 0.05875 0.07166666666666667
0 0.734375 0.5429166666666667 0.07 0.0925
0 0.5125 0.77375 0.0775 0.11083333333333334
1 0.2759375 0.30541666666666667 0.064375 0.1075
0 0.58375 0.3958333333333333 0.05375 0.08
0 0.378125 0.4625 0.05875 0.08166666666666667
0 0.7165625 0.41291666666666665 0.066875 0.0925
0 0.5496875 0.3333333333333333 0.061875 0.085
0 0.21875 0.33541666666666664 0.05875 0.0875
0 0.7940625 0.7054166666666667 0.066875 0.09083333333333334
0 0.53125 0.21375 0.06625 0.0875
0 0.44625 0.11625 0.07 0.06916666666666667
0 0.7346875 0.66375 0.085625 0.08416666666666667
0 0.3275 0.495 0.065 0.08666666666666667
0 0.2040625 0.2525 0.065625 0.08
0 0.2309375 0.72125 0.053125 0.08583333333333333
0 0.5221875 0.9325 0.070625 0.07833333333333334
0 0.815 0.21708333333333332 0.06875 0.09083333333333334
0 0.54875 0.8525 0.05625 0.075
0 0.6078125 0.49083333333333334 0.065625 0.08666666666666667
0 0.6515625 0.8583333333333333 0.068125 0.09
0 0.441875 0.175 0.065 0.09166666666666666
0 0.35125 0.5754166666666667 0.06 0.0775
0 0.7415625 0.7775 0.061875 0.09
0 0.7240625 0.72375 0.071875 0.09416666666666666
0 0.49 0.19125 0.05625 0.0875