0 0.5275 0.7554166666666666 0.06 0.09083333333333334
0 0.568125 0.40166666666666667 0.0625 0.08833333333333333
0 0.94875 0.545 0.06 0.08166666666666667
0 0.5309375 0.8541666666666666 0.060625 0.08666666666666667
0 0.53875 0.30875 0.06125 0.09583333333333334
0 0.683125 0.6095833333333334 0.0625 0.0925
0 0.6228125 0.47041666666666665 0.065625 0.09416666666666666
0 0.7925 0.6804166666666667 0.07 0.0825
0 0.38875 0.2679166666666667 0.06 0.0875
0 0.5640625 0.6770833333333334 0.061875 0.07916666666666666
0 0.2340625 0.8 0.064375 0.09833333333333333
0 0.294375 0.12208333333333334 0.05625 0.07916666666666666
0 0.55375 0.5895833333333333 0.06625 0.0875
0 0.413125 0.56875 0.06125 0.08083333333333333
0 0.120625 0.12291666666666666 0.0575 0.0775
0 0.7765625 0.8320833333333333 0.055625 0.0725
0 0.396875 0.3525 0.065 0.08
0 0.184375 0.21 0.06625 0.08166666666666667
0 0.5346875 0.4891666666666667 0.060625 0.08666666666666667
0 0.3403125 0.655 0.060625 0.09833333333333333
0 0.8434375 0.88875 0.063125 0.09416666666666666
0 0.43375 0.9470833333333334 0.06375 0.0925
0 0.2621875 0.2654166666666667 0.074375 0.08416666666666667
0 0.6065625 0.31916666666666665 0.053125 0.08833333333333333
0 0.82375 0.53375 0.06375 0.08916666666666667
0 0.549375 0.11791666666666667 0.065 0.0675
0 0.4653125 0.3725 0.063125 0.07833333333333334
0 0.8225 0.5933333333333334 0.06375 0.08833333333333333
0 0.1771875 0.8720833333333333 0.063125 0.08416666666666667
0 0.37125 0.8729166666666667 0.05625 0.0875
0 0.2415625 0.16375 0.066875 0.08583333333333333
0 0.8609375 0.4191666666666667 0.073125 0.095
0 0.0803125 0.3016666666666667 0.063125 0.09166666666666666
0 0.8175 0.7754166666666666 0.07125 0.0875
0 0.08125 0.6095833333333334 0.06875 0.08083333333333333
0 0.7521875 0.445 0.064375 0.075
0 0.401875 0.51125 0.0525 0.0775
0 0.88875 0.49875 0.06125 0.07916666666666666
0 0.57625 0.21125 0.055 0.1025
0 0.0378125 0.19458333333333333 0.063125 0.0875
0 0.7865625 0.4866666666666667 0.055625 0.06666666666666667
0 0.2559375 0.5258333333333334 0.055625 0.075
0 0.1146875 0.7095833333333333 0.059375 0.08083333333333333
0 0.425625 0.6704166666666667 0.07 0.08916666666666667
0 0.6853125 0.46958333333333335 0.065625 0.09083333333333334
0 0.4584375 0.8058333333333333 0.055625 0.07833333333333334
0 0.638125 0.36083333333333334 0.07375 0.085
0 0.1246875 0.23416666666666666 0.065625 0.08166666666666667
0 0.2190625 0.42375 0.061875 0.0775
0 0.5871875 0.885 0.070625 0.08333333333333333
0 0.47375 0.06833333333333333 0.0625 0.085
0 0.791875 0.22333333333333333 0.0625 0.09
0 0.74375 0.5391666666666667 0.06625 0.085
0 0.3753125 0.07166666666666667 0.053125 0.11166666666666666
0 0.75375 0.9229166666666667 0.06 0.07583333333333334
0 0.338125 0.9070833333333334 0.05625 0.0775
0 0.0421875 0.4691666666666667 0.056875 0.08166666666666667
0 0.135625 0.4795833333333333 0.06125 0.0875
0 0.5478125 0.935 0.066875 0.08666666666666667
0 0.6728125 0.84375 0.053125 0.0825
0 0.40125 0.44416666666666665 0.055 0.09
0 0.4790625 0.24416666666666667 0.069375 0.09
0 0.8540625 0.79125 0.064375 0.09416666666666666
0 0.46 0.46291666666666664 0.0575 0.07416666666666667
0 0.8428125 0.0925 0.058125 0.065
0 0.6421875 0.06833333333333333 0.055625 0.09
0 0.1709375 0.5904166666666667 0.056875 0.06916666666666667
0 0.8765625 0.2475 0.079375 0.10666666666666667
0 0.6696875 0.085 0.061875 0.08
0 0.5909375 0.7554166666666666 0.056875 0.07583333333333334
0 0.7009375 0.74125 0.054375 0.0775
0 0.6459375 0.18583333333333332 0.048125 0.08833333333333333
0 0.488125 0.8691666666666666 0.06875 0.08
0 0.3415625 0.5375 0.050625 0.07166666666666667
0 0.0734375 0.55 0.050625 0.09833333333333333
0 0.4853125 0.5479166666666667 0.055625 0.0725
0 0.938125 0.20375 0.0525 0.07416666666666667
0 0.195 0.33375 0.065 0.08083333333333333
0 0.17125 0.36333333333333334 0.05 0.08
0 0.7203125 0.915 0.068125 0.08
0 0.03375 0.8929166666666667 0.0675 0.08583333333333333
0 0.4496875 0.165 0.056875 0.075
0 0.2865625 0.46041666666666664 0.080625 0.0575
0 0.2878125 0.8583333333333333 0.051875 0.08
0 0.7059375 0.8204166666666667 0.061875 0.07583333333333334
0 0.5378125 0.22708333333333333 0.059375 0.0925
0 0.0971875 0.3958333333333333 0.069375 0.12
0 0.531875 0.1525 0.05375 0.08666666666666667
0 0.0540625 0.14208333333333334 0.046875 0.10416666666666667
0 0.965 0.30541666666666667 0.06875 0.09916666666666667
0 0.218125 0.08958333333333333 0.05625 0.07916666666666666
0 0.0528125 0.23791666666666667 0.061875 0.08583333333333333
0 0.1109375 0.8691666666666666 0.048125 0.065
0 0.7353125 0.3625 0.054375 0.075
0 0.725 0.30666666666666664 0.0575 0.09333333333333334
0 0.325625 0.3275 0.06125 0.06333333333333334
0 0.1309375 0.87 0.056875 0.08
0 0.1784375 0.68625 0.050625 0.06916666666666667
0 0.8928125 0.7416666666666667 0.055625 0.07166666666666667
0 0.911875 0.9570833333333333 0.05 0.07583333333333334
0 0.3109375 0.9629166666666666 0.056875 0.0725
0 0.375 0.8404166666666667 0.0575 0.08916666666666667
0 0.18125 0.72625 0.06125 0.08583333333333333
0 0.09625 0.6954166666666667 0.05125 0.06583333333333333
0 0.4078125 0.6991666666666667 0.056875 0.09
0 0.458125 0.7633333333333333 0.06 0.09166666666666666
0 0.45375 0.8895833333333333 0.0825 0.06583333333333333
0 0.5940625 0.8545833333333334 0.044375 0.09916666666666667
0 0.6590625 0.8725 0.054375 0.07
0 0.74875 0.9441666666666667 0.05625 0.07666666666666666
0 0.6909375 0.7741666666666667 0.065625 0.08333333333333333
0 0.7009375 0.7075 0.054375 0.07666666666666666
0 0.755 0.56 0.05375 0.06666666666666667
0 0.71 0.28 0.05 0.07833333333333334
0 0.735 0.32708333333333334 0.04875 0.09916666666666667
0 0.9009375 0.72125 0.051875 0.09083333333333334
0 0.7475 0.059583333333333335 0.0575 0.07416666666666667
0 0.8515625 0.055 0.054375 0.08166666666666667
0 0.9196875 0.17625 0.045625 0.08416666666666667
0 0.914375 0.12625 0.0575 0.08583333333333333
0 0.9146875 0.06291666666666666 0.056875 0.10083333333333333
0 0.8865625 0.28708333333333336 0.060625 0.07583333333333334
0 0.9021875 0.24958333333333332 0.060625 0.07416666666666667
0 0.6665625 0.44958333333333333 0.060625 0.0675
0 0.478125 0.5779166666666666 0.0525 0.060833333333333336
0 0.4578125 0.56875 0.063125 0.09083333333333334
0 0.328125 0.52875 0.06375 0.06416666666666666
0 0.4375 0.43333333333333335 0.04875 0.07166666666666667
0 0.2671875 0.30625 0.046875 0.0725
0 0.475 0.2775 0.05 0.08333333333333333
0 0.4365625 0.1975 0.066875 0.09166666666666666
0 0.44625 0.042916666666666665 0.05 0.07583333333333334
0 0.6209375 0.18791666666666668 0.061875 0.08416666666666667
0 0.6796875 0.11541666666666667 0.045625 0.08083333333333333
0 0.635 0.14 0.0575 0.09166666666666666
0 0.1146875 0.034166666666666665 0.063125 0.06666666666666667
0 0.18125 0.14958333333333335 0.05 0.0875
0 0.21375 0.12458333333333334 0.05625 0.07583333333333334
0 0.1 0.21541666666666667 0.05625 0.07416666666666667
0 0.159375 0.56625 0.0625 0.08583333333333333
0 0.255 0.49625 0.0625 0.0725
0 0.2015625 0.4483333333333333 0.058125 0.08
0 0.154375 0.5066666666666667 0.065 0.07833333333333334
0 0.049375 0.545 0.065 0.08166666666666667
0 0.1825 0.9629166666666666 0.05125 0.0725
0 0.195 0.1075 0.0525 0.09166666666666666