0 0.51 0.27291666666666664 0.10375 0.13916666666666666
0 0.3684375 0.7420833333333333 0.081875 0.10916666666666666
0 0.4309375 0.14458333333333334 0.083125 0.11083333333333334
0 0.731875 0.12916666666666668 0.095 0.12666666666666668
0 0.948125 0.24291666666666667 0.09625 0.12916666666666668
0 0.875 0.3375 0.1025 0.13666666666666666
0 0.569375 0.9075 0.095 0.12666666666666668
0 0.631875 0.4241666666666667 0.08125 0.10833333333333334
0 0.103125 0.48833333333333334 0.09125 0.12166666666666667
0 0.5171875 0.35208333333333336 0.085625 0.11416666666666667
0 0.8175 0.3825 0.095 0.12666666666666668
0 0.29125 0.87875 0.09875 0.1325
0 0.1403125 0.36125 0.096875 0.12916666666666668
1 0.2046875 0.5329166666666667 0.104375 0.13916666666666666
0 0.83875 0.25666666666666665 0.085 0.11333333333333333
0 0.1846875 0.8745833333333334 0.096875 0.12916666666666668
0 0.4028125 0.3016666666666667 0.085625 0.115
0 0.69125 0.0675 0.0875 0.11666666666666667
0 0.2659375 0.5708333333333333 0.093125 0.125
0 0.89625 0.5204166666666666 0.09 0.12083333333333333
0 0.8396875 0.5508333333333333 0.090625 0.12166666666666667
0 0.08 0.59375 0.0975 0.13083333333333333
0 0.655 0.22333333333333333 0.09 0.12
0 0.174375 0.43 0.08125 0.10833333333333334
0 0.8309375 0.6958333333333333 0.088125 0.11833333333333333
0 0.7584375 0.7204166666666667 0.088125 0.1175
0 0.4784375 0.85625 0.094375 0.12583333333333332
0 0.4021875 0.8354166666666667 0.090625 0.12083333333333333
0 0.700625 0.4295833333333333 0.08375 0.1125
0 0.8684375 0.17541666666666667 0.098125 0.13083333333333333
1 0.6009375 0.6333333333333333 0.111875 0.15
0 0.350625 0.35083333333333333 0.1025 0.13666666666666666
0 0.575625 0.5679166666666666 0.07875 0.10583333333333333
0 0.364375 0.665 0.07875 0.105
0 0.73625 0.54125 0.08875 0.11916666666666667
0 0.1884375 0.59625 0.085625 0.11416666666666667
0 0.664375 0.5783333333333334 0.07625 0.10166666666666667
0 0.3190625 0.4891666666666667 0.084375 0.11333333333333333
0 0.335 0.07666666666666666 0.09 0.12
0 0.7840625 0.6225 0.088125 0.11666666666666667
0 0.240625 0.915 0.0875 0.11666666666666667
0 0.3934375 0.5870833333333333 0.080625 0.1075
0 0.3303125 0.28541666666666665 0.079375 0.10583333333333333
0 0.418125 0.36666666666666664 0.09125 0.12166666666666667
0 0.54625 0.4708333333333333 0.08375 0.11166666666666666
0 0.849375 0.6108333333333333 0.08 0.10666666666666667
0 0.7209375 0.6179166666666667 0.076875 0.1025
0 0.178125 0.6645833333333333 0.07375 0.09916666666666667
0 0.1215625 0.6729166666666667 0.075625 0.10083333333333333
0 0.4846875 0.41458333333333336 0.080625 0.1075
0 0.54 0.8183333333333334 0.0775 0.10333333333333333
0 0.929375 0.45125 0.0775 0.10416666666666667
0 0.10375 0.735 0.075 0.1
0 0.8234375 0.07625 0.098125 0.13083333333333333
0 0.571875 0.26166666666666666 0.08375 0.11166666666666666
0 0.341875 0.13541666666666666 0.0875 0.1175
0 0.383125 0.17625 0.08 0.10583333333333333
0 0.785 0.1175 0.09125 0.12166666666666667
0 0.776875 0.16375 0.07125 0.09583333333333334
0 0.615 0.2675 0.07625 0.10166666666666667