0 0.369375 0.66875 0.095 0.12583333333333332
0 0.469375 0.60875 0.11 0.14583333333333334
0 0.6303125 0.8933333333333333 0.098125 0.13166666666666665
0 0.1690625 0.82625 0.099375 0.1325
0 0.3646875 0.3204166666666667 0.103125 0.1375
0 0.32375 0.22666666666666666 0.1025 0.13666666666666666
0 0.8384375 0.5191666666666667 0.103125 0.13833333333333334
0 0.6171875 0.72125 0.100625 0.13416666666666666
0 0.304375 0.88375 0.09875 0.13083333333333333
0 0.5196875 0.34375 0.084375 0.1125
0 0.4190625 0.9383333333333334 0.091875 0.12166666666666667
0 0.263125 0.5225 0.1025 0.13666666666666666
0 0.8484375 0.37041666666666667 0.089375 0.11916666666666667
0 0.3453125 0.5254166666666666 0.096875 0.12916666666666668
0 0.2096875 0.3075 0.089375 0.11833333333333333
0 0.0434375 0.77625 0.085625 0.11416666666666667
0 0.55875 0.07333333333333333 0.08875 0.11833333333333333
0 0.674375 0.6254166666666666 0.0825 0.10916666666666666
0 0.6871875 0.195 0.084375 0.11166666666666666
0 0.829375 0.23625 0.0925 0.12416666666666666
0 0.3515625 0.15041666666666667 0.090625 0.12083333333333333
0 0.1075 0.8070833333333334 0.08375 0.11083333333333334
1 0.3296875 0.7775 0.108125 0.145
0 0.62625 0.8033333333333333 0.08125 0.10833333333333334
0 0.0603125 0.6004166666666667 0.085625 0.11416666666666667
0 0.195 0.4008333333333333 0.0975 0.13
0 0.2265625 0.44958333333333333 0.094375 0.12583333333333332
0 0.4984375 0.88625 0.099375 0.1325
0 0.4859375 0.4575 0.083125 0.11
0 0.3853125 0.22875 0.078125 0.10416666666666667
0 0.4603125 0.8504166666666667 0.090625 0.12083333333333333
0 0.288125 0.695 0.085 0.11333333333333333
0 0.1334375 0.55875 0.094375 0.12583333333333332
0 0.135 0.7408333333333333 0.07375 0.09833333333333333
0 0.52 0.25708333333333333 0.085 0.11416666666666667
0 0.396875 0.39416666666666667 0.08 0.10666666666666667
0 0.4034375 0.8820833333333333 0.099375 0.1325
0 0.5884375 0.37625 0.083125 0.11083333333333334
0 0.688125 0.72625 0.08625 0.11583333333333333
0 0.36625 0.8104166666666667 0.09125 0.12083333333333333
0 0.265625 0.6091666666666666 0.0925 0.12333333333333334
0 0.7678125 0.22625 0.090625 0.12083333333333333
0 0.8640625 0.30125 0.075625 0.10083333333333333
0 0.4746875 0.5175 0.071875 0.095
0 0.8425 0.6875 0.0875 0.11666666666666667
0 0.2440625 0.36625 0.070625 0.09416666666666666
0 0.0725 0.4116666666666667 0.075 0.1
0 0.479375 0.20208333333333334 0.08125 0.1075
0 0.435625 0.2125 0.07625 0.10166666666666667
0 0.779375 0.5 0.06625 0.08833333333333333