0 0.6878125 0.27666666666666667 0.060625 0.08166666666666667
0 0.3103125 0.3258333333333333 0.071875 0.09166666666666666
0 0.4259375 0.515 0.058125 0.085
0 0.5178125 0.4575 0.058125 0.07666666666666666
0 0.5215625 0.5695833333333333 0.064375 0.07583333333333334
0 0.8278125 0.13625 0.059375 0.08583333333333333
0 0.58 0.5370833333333334 0.06375 0.0825
0 0.0484375 0.46625 0.059375 0.0825
0 0.906875 0.5033333333333333 0.06 0.08166666666666667
0 0.6621875 0.9395833333333333 0.061875 0.08583333333333333
0 0.959375 0.19125 0.06875 0.08916666666666667
0 0.68625 0.5504166666666667 0.075 0.0925
0 0.3121875 0.45416666666666666 0.055625 0.07833333333333334
0 0.86875 0.4008333333333333 0.0625 0.08833333333333333
0 0.4721875 0.8975 0.075625 0.09833333333333333
0 0.9525 0.42833333333333334 0.0675 0.1
0 0.0446875 0.65125 0.071875 0.08583333333333333
0 0.15125 0.7091666666666666 0.06875 0.09833333333333333
0 0.455625 0.36125 0.0625 0.08416666666666667
0 0.4596875 0.10291666666666667 0.066875 0.08916666666666667
0 0.8296875 0.55875 0.070625 0.08583333333333333
0 0.0846875 0.8804166666666666 0.080625 0.08916666666666667
0 0.1740625 0.9041666666666667 0.074375 0.09
0 0.3540625 0.9091666666666667 0.068125 0.08833333333333333
0 0.830625 0.7083333333333334 0.07125 0.095
0 0.62625 0.05291666666666667 0.0625 0.07583333333333334
0 0.2384375 0.8154166666666667 0.068125 0.08916666666666667
0 0.7184375 0.9225 0.059375 0.09
0 0.185625 0.39125 0.06125 0.0875
0 0.9225 0.7895833333333333 0.06375 0.09083333333333334
0 0.050625 0.9166666666666666 0.06875 0.09333333333333334
0 0.66 0.41583333333333333 0.0525 0.08
0 0.37375 0.79625 0.0625 0.0975
0 0.230625 0.3016666666666667 0.06 0.08666666666666667
0 0.2509375 0.6004166666666667 0.066875 0.0825
0 0.7278125 0.3333333333333333 0.064375 0.08833333333333333
0 0.5059375 0.7983333333333333 0.070625 0.09333333333333334
0 0.72875 0.385 0.05875 0.07333333333333333
0 0.59875 0.6858333333333333 0.0625 0.08333333333333333
0 0.4665625 0.7608333333333334 0.070625 0.09833333333333333
0 0.108125 0.5391666666666667 0.06 0.08166666666666667
0 0.3675 0.25416666666666665 0.06125 0.095
0 0.4115625 0.05583333333333333 0.066875 0.07333333333333333
1 0.18625 0.47708333333333336 0.07125 0.0925
0 0.481875 0.2925 0.0725 0.08333333333333333
0 0.1990625 0.11666666666666667 0.063125 0.09666666666666666
0 0.755 0.77125 0.06625 0.08916666666666667
0 0.9509375 0.9308333333333333 0.074375 0.08166666666666667
0 0.245 0.05 0.07125 0.09166666666666666
0 0.6140625 0.8366666666666667 0.056875 0.07166666666666667
0 0.80625 0.8441666666666666 0.06875 0.08833333333333333
0 0.219375 0.5625 0.07 0.08666666666666667
0 0.05375 0.30583333333333335 0.0575 0.09
0 0.7765625 0.07375 0.059375 0.0775
0 0.7175 0.05125 0.06125 0.09416666666666666
0 0.1209375 0.45416666666666666 0.071875 0.08833333333333333
0 0.298125 0.12125 0.06375 0.08583333333333333
0 0.453125 0.22458333333333333 0.06 0.09416666666666666
0 0.874375 0.24333333333333335 0.07125 0.08666666666666667
0 0.3746875 0.13458333333333333 0.070625 0.08583333333333333
0 0.07375 0.24166666666666667 0.06375 0.08833333333333333
0 0.5984375 0.10625 0.054375 0.0725
0 0.1090625 0.20291666666666666 0.054375 0.07083333333333333
0 0.1396875 0.14375 0.060625 0.0725
0 0.9040625 0.6395833333333333 0.058125 0.0925
0 0.581875 0.8691666666666666 0.05875 0.09833333333333333
0 0.819375 0.35541666666666666 0.05375 0.08583333333333333
0 0.66 0.07375 0.05625 0.09083333333333334
0 0.27375 0.14583333333333334 0.06125 0.08166666666666667
0 0.226875 0.22041666666666668 0.06625 0.0925
0 0.30625 0.82625 0.0525 0.1075
0 0.400625 0.18083333333333335 0.055 0.07666666666666666
0 0.5440625 0.1575 0.056875 0.12666666666666668