0 0.3234375 0.35 0.068125 0.09166666666666666
0 0.2465625 0.7183333333333334 0.061875 0.08333333333333333
0 0.510625 0.7020833333333333 0.07 0.08416666666666667
0 0.495 0.365 0.07375 0.09833333333333333
0 0.1153125 0.39208333333333334 0.074375 0.08916666666666667
0 0.79875 0.10791666666666666 0.07 0.09416666666666666
0 0.6440625 0.31958333333333333 0.083125 0.0875
0 0.2296875 0.555 0.073125 0.08833333333333333
0 0.7434375 0.8758333333333334 0.080625 0.10833333333333334
0 0.3915625 0.44 0.070625 0.07333333333333333
0 0.4025 0.33541666666666664 0.07 0.10583333333333333
0 0.4953125 0.22625 0.070625 0.0975
0 0.1665625 0.26875 0.079375 0.09583333333333334
0 0.9434375 0.7679166666666667 0.076875 0.10083333333333333
0 0.826875 0.6108333333333333 0.07625 0.09666666666666666
0 0.8603125 0.94375 0.075625 0.10916666666666666
0 0.820625 0.66625 0.07 0.09083333333333334
1 0.653125 0.87625 0.09 0.11916666666666667
0 0.310625 0.48 0.08 0.09