0 0.71125 0.46041666666666664 0.06625 0.0825
0 0.80625 0.17041666666666666 0.06375 0.07583333333333334
0 0.254375 0.39166666666666666 0.0625 0.085
0 0.3096875 0.32708333333333334 0.064375 0.08416666666666667
0 0.315 0.07833333333333334 0.06125 0.07833333333333334
0 0.5790625 0.19291666666666665 0.075625 0.09583333333333334
0 0.27375 0.9029166666666667 0.05875 0.08583333333333333
1 0.1815625 0.30833333333333335 0.080625 0.1
0 0.564375 0.9320833333333334 0.07125 0.08916666666666667
0 0.548125 0.7891666666666667 0.06125 0.09
0 0.4178125 0.5820833333333333 0.063125 0.0775
0 0.39625 0.059166666666666666 0.06625 0.07333333333333333
0 0.7884375 0.8183333333333334 0.068125 0.07833333333333334
0 0.631875 0.6408333333333334 0.05625 0.07666666666666666
0 0.5109375 0.0875 0.065625 0.09333333333333334
0 0.8171875 0.7416666666666667 0.060625 0.085
0 0.60125 0.10166666666666667 0.0575 0.09
0 0.81125 0.89375 0.055 0.08916666666666667
0 0.39 0.11458333333333333 0.065 0.0775
1 0.303125 0.8166666666666667 0.075 0.10333333333333333
0 0.719375 0.14166666666666666 0.06375 0.08666666666666667
0 0.584375 0.5925 0.0575 0.07333333333333333
0 0.460625 0.30041666666666667 0.0625 0.0925
1 0.773125 0.08791666666666667 0.0725 0.0875
0 0.1725 0.09125 0.06375 0.08916666666666667
0 0.315625 0.5720833333333334 0.07125 0.0875
0 0.549375 0.5425 0.06625 0.08833333333333333
0 0.626875 0.73 0.06125 0.08
0 0.6578125 0.9041666666666667 0.068125 0.08333333333333333
0 0.5725 0.29041666666666666 0.065 0.0875
0 0.4040625 0.8116666666666666 0.055625 0.08166666666666667
0 0.694375 0.7479166666666667 0.06375 0.07583333333333334
0 0.6484375 0.1475 0.064375 0.095
0 0.253125 0.7533333333333333 0.06875 0.095
0 0.3621875 0.855 0.060625 0.07833333333333334
0 0.4271875 0.505 0.066875 0.07666666666666666
0 0.4571875 0.4691666666666667 0.063125 0.08666666666666667
0 0.6153125 0.7795833333333333 0.068125 0.0925
0 0.673125 0.3145833333333333 0.07375 0.08416666666666667