0 0.565 0.4529166666666667 0.09 0.12083333333333333
0 0.511875 0.39958333333333335 0.0875 0.1175
0 0.6903125 0.8616666666666667 0.095625 0.12666666666666668
0 0.9375 0.39125 0.1025 0.1375
0 0.50625 0.7158333333333333 0.1 0.13333333333333333
0 0.601875 0.61625 0.10375 0.1375
0 0.3709375 0.62875 0.089375 0.11916666666666667
0 0.305 0.15583333333333332 0.0925 0.12333333333333334
0 0.6690625 0.7075 0.093125 0.125
0 0.7834375 0.46208333333333335 0.083125 0.11083333333333334
0 0.5759375 0.6875 0.095625 0.12833333333333333
0 0.5746875 0.8895833333333333 0.099375 0.1325
0 0.6815625 0.2991666666666667 0.091875 0.12166666666666667
0 0.3778125 0.43375 0.093125 0.12416666666666666
0 0.21625 0.6708333333333333 0.085 0.11333333333333333
0 0.405 0.7654166666666666 0.08375 0.1125
0 0.820625 0.6408333333333334 0.09 0.12
0 0.1809375 0.51125 0.089375 0.11916666666666667
0 0.92625 0.49083333333333334 0.08625 0.115
0 0.2203125 0.285 0.085625 0.11333333333333333
0 0.4678125 0.5208333333333334 0.106875 0.14166666666666666
0 0.590625 0.36791666666666667 0.1 0.1325
0 0.36 0.5275 0.0825 0.11
0 0.1978125 0.41375 0.084375 0.1125
0 0.4578125 0.115 0.081875 0.11
0 0.3153125 0.40125 0.076875 0.1025
0 0.110625 0.4175 0.08375 0.11166666666666666
0 0.6428125 0.9095833333333333 0.083125 0.11083333333333334
0 0.05 0.6516666666666666 0.08875 0.11833333333333333
0 0.719375 0.3929166666666667 0.1075 0.14416666666666667
0 0.751875 0.31166666666666665 0.0825 0.11
0 0.5859375 0.1725 0.084375 0.11333333333333333
0 0.399375 0.9095833333333333 0.0925 0.1225
0 0.545625 0.5333333333333333 0.08625 0.115
0 0.1675 0.6691666666666667 0.08 0.10666666666666667
0 0.4490625 0.66875 0.078125 0.10416666666666667
0 0.33875 0.465 0.0725 0.09666666666666666
0 0.205 0.3441666666666667 0.09 0.12
0 0.6253125 0.25625 0.099375 0.1325
0 0.5475 0.125 0.07375 0.09833333333333333
0 0.7934375 0.38958333333333334 0.068125 0.09083333333333334
0 0.24875 0.85 0.08 0.10666666666666667
0 0.520625 0.20666666666666667 0.08 0.10666666666666667
0 0.281875 0.4558333333333333 0.09875 0.13166666666666665
0 0.5253125 0.79 0.078125 0.105
0 0.6525 0.3775 0.085 0.11333333333333333
1 0.1821875 0.8995833333333333 0.104375 0.13916666666666666
0 0.126875 0.8983333333333333 0.07125 0.095
0 0.14 0.8008333333333333 0.07125 0.095
0 0.18875 0.8225 0.06625 0.08833333333333333
0 0.499375 0.8795833333333334 0.0775 0.1025
0 0.475 0.8358333333333333 0.07625 0.10166666666666667
0 0.464375 0.7808333333333334 0.0675 0.09
0 0.4765625 0.6045833333333334 0.069375 0.0925
0 0.24 0.7816666666666666 0.07125 0.095
0 0.215 0.73125 0.0725 0.0975
0 0.170625 0.7466666666666667 0.07 0.09333333333333334
0 0.3365625 0.9291666666666667 0.088125 0.11833333333333333
0 0.255 0.465 0.07125 0.095
0 0.374375 0.25166666666666665 0.07375 0.09833333333333333