0 0.505625 0.8216666666666667 0.065 0.08
0 0.2625 0.17333333333333334 0.06625 0.09166666666666666
0 0.1778125 0.6845833333333333 0.060625 0.0825
0 0.7040625 0.7391666666666666 0.061875 0.085
1 0.3884375 0.8041666666666667 0.083125 0.1
0 0.32375 0.8995833333333333 0.0625 0.0875
0 0.6621875 0.3375 0.075625 0.09
0 0.496875 0.94 0.06625 0.08166666666666667
0 0.511875 0.405 0.0775 0.08666666666666667
0 0.76625 0.2175 0.05875 0.07
0 0.5521875 0.9141666666666667 0.065625 0.08166666666666667
0 0.1740625 0.24541666666666667 0.059375 0.07583333333333334
0 0.7434375 0.4875 0.081875 0.09166666666666666
0 0.576875 0.12916666666666668 0.07125 0.08166666666666667
0 0.501875 0.7229166666666667 0.065 0.0925
0 0.8 0.9229166666666667 0.06875 0.0875
0 0.2378125 0.6416666666666667 0.075625 0.08333333333333333
0 0.2175 0.3304166666666667 0.06125 0.0875
0 0.1821875 0.16083333333333333 0.061875 0.085
0 0.6640625 0.8533333333333334 0.079375 0.09833333333333333
0 0.4640625 0.12625 0.066875 0.08416666666666667
0 0.828125 0.23291666666666666 0.07 0.10083333333333333
0 0.295 0.32083333333333336 0.05625 0.07333333333333333
0 0.6246875 0.19 0.075625 0.1
0 0.755 0.6408333333333334 0.06125 0.10333333333333333
0 0.7671875 0.32625 0.066875 0.0775
0 0.2665625 0.8708333333333333 0.056875 0.085
0 0.7325 0.10666666666666667 0.06375 0.08
0 0.5628125 0.34458333333333335 0.063125 0.08583333333333333
0 0.435 0.32375 0.07 0.0975
0 0.179375 0.50625 0.0625 0.10083333333333333
0 0.688125 0.9283333333333333 0.07125 0.09333333333333334
0 0.388125 0.11625 0.06625 0.07916666666666666
0 0.6990625 0.6379166666666667 0.060625 0.0775
0 0.5403125 0.4975 0.070625 0.1
0 0.4103125 0.26125 0.071875 0.06916666666666667
0 0.3521875 0.30375 0.058125 0.08416666666666667
0 0.748125 0.8754166666666666 0.0775 0.0925
0 0.4796875 0.23375 0.058125 0.0825
0 0.225625 0.8641666666666666 0.075 0.095
0 0.47125 0.6520833333333333 0.05625 0.07916666666666666
0 0.8040625 0.6983333333333334 0.078125 0.085
0 0.8009375 0.12791666666666668 0.064375 0.09583333333333334
0 0.5815625 0.26625 0.059375 0.08416666666666667
0 0.315625 0.3770833333333333 0.0625 0.07416666666666667
0 0.5196875 0.1675 0.075625 0.07166666666666667
0 0.16125 0.07958333333333334 0.0625 0.11083333333333334
0 0.6421875 0.6491666666666667 0.069375 0.08666666666666667
0 0.69 0.16125 0.06125 0.0875
0 0.7315625 0.42125 0.079375 0.08916666666666667
0 0.4175 0.19583333333333333 0.0725 0.07166666666666667
0 0.70375 0.3425 0.0575 0.095
0 0.3865625 0.8975 0.064375 0.07666666666666666
0 0.4190625 0.705 0.065625 0.09833333333333333
1 0.358125 0.6970833333333334 0.08125 0.1075
0 0.5659375 0.05625 0.071875 0.08083333333333333
0 0.475 0.505 0.07375 0.085
0 0.6396875 0.06291666666666666 0.069375 0.08583333333333333
0 0.489375 0.33 0.05625 0.09
0 0.77125 0.7466666666666667 0.0525 0.08166666666666667
0 0.764375 0.395 0.07 0.075
0 0.1553125 0.34708333333333335 0.059375 0.0875
0 0.4878125 0.4795833333333333 0.056875 0.06583333333333333
0 0.743125 0.79375 0.06875 0.0825
0 0.2521875 0.7008333333333333 0.048125 0.075