0 0.688125 0.11333333333333333 0.10125 0.135
0 0.2778125 0.2783333333333333 0.103125 0.13833333333333334
0 0.2515625 0.48625 0.088125 0.1175
0 0.2225 0.1925 0.11125 0.14833333333333334
0 0.55625 0.10291666666666667 0.0925 0.1225
0 0.7021875 0.7045833333333333 0.103125 0.1375
0 0.2884375 0.83875 0.106875 0.1425
0 0.5334375 0.20333333333333334 0.096875 0.13
0 0.885625 0.4025 0.11375 0.15166666666666667
0 0.7528125 0.8829166666666667 0.103125 0.1375
0 0.630625 0.6483333333333333 0.10125 0.135
0 0.29875 0.6908333333333333 0.09875 0.13166666666666665
0 0.4209375 0.15041666666666667 0.110625 0.1475
0 0.4225 0.6541666666666667 0.10375 0.13833333333333334
0 0.3465625 0.6758333333333333 0.104375 0.14
0 0.1515625 0.36125 0.108125 0.14416666666666667
0 0.3296875 0.33708333333333335 0.098125 0.13083333333333333
0 0.690625 0.35291666666666666 0.09875 0.1325
0 0.431875 0.4395833333333333 0.10875 0.14583333333333334
0 0.739375 0.44666666666666666 0.1 0.13333333333333333
0 0.8309375 0.34958333333333336 0.100625 0.13416666666666666
0 0.5828125 0.7170833333333333 0.105625 0.14083333333333334
0 0.29875 0.5645833333333333 0.0925 0.1225
0 0.355 0.23666666666666666 0.11 0.14666666666666667
0 0.8465625 0.6008333333333333 0.101875 0.13666666666666666
0 0.6596875 0.49583333333333335 0.100625 0.13333333333333333
0 0.4675 0.30333333333333334 0.10375 0.13833333333333334
0 0.8896875 0.49916666666666665 0.105625 0.14166666666666666
0 0.526875 0.785 0.10125 0.135
0 0.6890625 0.5733333333333334 0.110625 0.14666666666666667
0 0.16125 0.47291666666666665 0.08875 0.11916666666666667
0 0.8328125 0.6379166666666667 0.098125 0.13083333333333333
0 0.0959375 0.49625 0.105625 0.14083333333333334
0 0.071875 0.52875 0.10625 0.14083333333333334
0 0.5234375 0.615 0.104375 0.13833333333333334
0 0.3990625 0.36333333333333334 0.096875 0.12833333333333333
0 0.4196875 0.5516666666666666 0.108125 0.14333333333333334
0 0.60125 0.16083333333333333 0.09125 0.12166666666666667
0 0.5959375 0.46708333333333335 0.119375 0.15916666666666668
0 0.5590625 0.4504166666666667 0.101875 0.13583333333333333