0 0.9603125 0.7820833333333334 0.078125 0.08416666666666667
0 0.6134375 0.7025 0.076875 0.1
0 0.661875 0.83125 0.08125 0.10916666666666666
0 0.1153125 0.08166666666666667 0.070625 0.11166666666666666
0 0.756875 0.9241666666666667 0.0775 0.1
0 0.340625 0.9208333333333333 0.07125 0.09
0 0.538125 0.80125 0.08125 0.10083333333333333
0 0.32625 0.7120833333333333 0.065 0.09916666666666667
0 0.54 0.33125 0.07125 0.10083333333333333
0 0.8265625 0.15458333333333332 0.076875 0.1025
0 0.53625 0.43166666666666664 0.0775 0.10333333333333333
0 0.39875 0.6808333333333333 0.075 0.10333333333333333
0 0.2028125 0.41875 0.075625 0.10083333333333333
0 0.2765625 0.3075 0.065625 0.09333333333333334
0 0.4953125 0.055 0.080625 0.08666666666666667
0 0.5159375 0.715 0.065625 0.085
0 0.5 0.8941666666666667 0.065 0.08833333333333333
0 0.2775 0.08833333333333333 0.075 0.10333333333333333
0 0.6096875 0.5675 0.070625 0.10666666666666667
0 0.044375 0.085 0.07875 0.10833333333333334
0 0.6740625 0.5541666666666667 0.069375 0.085
0 0.2771875 0.4791666666666667 0.071875 0.09833333333333333
0 0.7075 0.7620833333333333 0.06375 0.09083333333333334
0 0.6103125 0.42791666666666667 0.071875 0.10916666666666666
0 0.371875 0.8391666666666666 0.08125 0.10333333333333333
0 0.6721875 0.9470833333333334 0.079375 0.09083333333333334
0 0.2609375 0.7470833333333333 0.070625 0.0925
0 0.72 0.8883333333333333 0.0725 0.095
0 0.5815625 0.205 0.058125 0.115
0 0.8625 0.23958333333333334 0.0825 0.09916666666666667
0 0.1175 0.19208333333333333 0.0725 0.10416666666666667
0 0.2196875 0.6095833333333334 0.085625 0.11416666666666667
0 0.8440625 0.8520833333333333 0.085625 0.09583333333333334
0 0.3321875 0.4266666666666667 0.078125 0.1