0 0.18375 0.5433333333333333 0.07625 0.105
0 0.5653125 0.9291666666666667 0.076875 0.10333333333333333
0 0.5878125 0.6575 0.068125 0.105
0 0.47625 0.6525 0.07375 0.11833333333333333
0 0.5259375 0.6220833333333333 0.061875 0.11916666666666667
0 0.463125 0.49625 0.0725 0.0925
0 0.5359375 0.2675 0.083125 0.095
0 0.38 0.28833333333333333 0.07 0.09333333333333334
0 0.32125 0.25125 0.07 0.12083333333333333
0 0.3253125 0.05125 0.088125 0.1025
0 0.4409375 0.09208333333333334 0.070625 0.0925
0 0.7434375 0.09958333333333333 0.068125 0.10916666666666666
0 0.7059375 0.14 0.076875 0.105
0 0.66625 0.08458333333333333 0.07125 0.11083333333333334
0 0.5971875 0.11583333333333333 0.066875 0.105