0 0.7859375 0.15375 0.063125 0.08916666666666667
0 0.2096875 0.74625 0.069375 0.08583333333333333
0 0.276875 0.23 0.0725 0.08333333333333333
0 0.5771875 0.14416666666666667 0.065625 0.08
0 0.2084375 0.6566666666666666 0.058125 0.08166666666666667
0 0.1896875 0.8325 0.069375 0.08
0 0.751875 0.06708333333333333 0.065 0.08916666666666667
0 0.5953125 0.38083333333333336 0.068125 0.10333333333333333
0 0.2903125 0.8066666666666666 0.064375 0.08166666666666667
0 0.343125 0.8525 0.055 0.09
0 0.5165625 0.14666666666666667 0.051875 0.09333333333333334
0 0.4284375 0.2225 0.081875 0.09833333333333333
0 0.6853125 0.06791666666666667 0.065625 0.09416666666666666
0 0.3496875 0.9529166666666666 0.065625 0.08583333333333333
0 0.395625 0.8879166666666667 0.07 0.09583333333333334
0 0.3528125 0.7645833333333333 0.071875 0.09416666666666666
0 0.701875 0.3545833333333333 0.06125 0.0975
0 0.82625 0.3770833333333333 0.06375 0.09916666666666667
0 0.320625 0.3279166666666667 0.0625 0.0875
0 0.6825 0.22666666666666666 0.065 0.10166666666666667
0 0.438125 0.80625 0.0675 0.1125
0 0.5253125 0.6575 0.065625 0.10333333333333333
0 0.74625 0.22458333333333333 0.05625 0.0725
0 0.386875 0.7404166666666666 0.07375 0.09583333333333334
0 0.2915625 0.5320833333333334 0.061875 0.0925
0 0.6753125 0.82375 0.069375 0.10916666666666666
0 0.54 0.7895833333333333 0.075 0.10916666666666666
0 0.3590625 0.525 0.063125 0.1
0 0.8015625 0.86625 0.060625 0.0875
0 0.1590625 0.065 0.064375 0.075
0 0.6509375 0.3070833333333333 0.071875 0.08916666666666667
0 0.783125 0.30125 0.06625 0.0875
0 0.75 0.58125 0.07 0.0875
0 0.6065625 0.05708333333333333 0.069375 0.10083333333333333
0 0.6134375 0.20791666666666667 0.064375 0.0925
0 0.385 0.2725 0.05375 0.08
0 0.2271875 0.42083333333333334 0.064375 0.07
0 0.550625 0.5620833333333334 0.0675 0.1075
0 0.1740625 0.42333333333333334 0.058125 0.09333333333333334
0 0.4690625 0.6754166666666667 0.075625 0.0975
0 0.361875 0.5691666666666667 0.06 0.09666666666666666
0 0.8353125 0.8941666666666667 0.069375 0.11
0 0.833125 0.5508333333333333 0.06875 0.09333333333333334
1 0.195 0.5641666666666667 0.085 0.105
0 0.2528125 0.37916666666666665 0.060625 0.08833333333333333
0 0.6790625 0.58 0.064375 0.09666666666666666
0 0.305625 0.44125 0.06625 0.0975
0 0.1609375 0.18375 0.060625 0.0925
0 0.4878125 0.7175 0.080625 0.1
0 0.801875 0.23166666666666666 0.06125 0.07666666666666666
0 0.1553125 0.5045833333333334 0.050625 0.08416666666666667
0 0.2559375 0.3075 0.051875 0.08166666666666667
0 0.7215625 0.47041666666666665 0.060625 0.09083333333333334
1 0.65375 0.70875 0.0725 0.1175
1 0.4834375 0.87875 0.091875 0.15916666666666668
0 0.805625 0.2675 0.07375 0.08
0 0.6446875 0.5891666666666666 0.061875 0.09333333333333334
0 0.6121875 0.5854166666666667 0.053125 0.09583333333333334
0 0.5875 0.6204166666666666 0.06 0.08416666666666667
0 0.2425 0.5525 0.06 0.07666666666666666
0 0.7915625 0.5633333333333334 0.066875 0.09833333333333333
0 0.301875 0.4058333333333333 0.05875 0.08166666666666667
0 0.3165625 0.35541666666666666 0.066875 0.0825