0 0.1984375 0.19458333333333333 0.070625 0.09583333333333334
0 0.4646875 0.17166666666666666 0.066875 0.1
0 0.2028125 0.5070833333333333 0.069375 0.09916666666666667
0 0.525 0.5341666666666667 0.06125 0.085
0 0.7328125 0.45375 0.070625 0.09916666666666667
0 0.69 0.05875 0.08375 0.1175
0 0.40375 0.5191666666666667 0.05875 0.09333333333333334
0 0.1909375 0.09916666666666667 0.066875 0.08333333333333333
0 0.2459375 0.43041666666666667 0.074375 0.11083333333333334
0 0.3975 0.18708333333333332 0.07 0.1075
0 0.220625 0.5958333333333333 0.06375 0.08166666666666667
0 0.3621875 0.39458333333333334 0.059375 0.07916666666666666
0 0.66 0.5783333333333334 0.06875 0.085
0 0.291875 0.12041666666666667 0.06125 0.07583333333333334
0 0.3353125 0.47583333333333333 0.064375 0.085
0 0.2165625 0.67375 0.068125 0.0875
0 0.27625 0.5445833333333333 0.06125 0.08583333333333333
0 0.3984375 0.64875 0.074375 0.10916666666666666
0 0.424375 0.40541666666666665 0.07125 0.10583333333333333
0 0.7384375 0.34875 0.075625 0.10916666666666666
0 0.5859375 0.505 0.069375 0.10166666666666667
0 0.4596875 0.07958333333333334 0.068125 0.0975
0 0.806875 0.22583333333333333 0.0775 0.11
0 0.2515625 0.32666666666666666 0.075625 0.095
0 0.266875 0.7270833333333333 0.07 0.10916666666666666
0 0.3128125 0.6425 0.078125 0.11166666666666666
0 0.5015625 0.44333333333333336 0.061875 0.095
0 0.6703125 0.48541666666666666 0.061875 0.09916666666666667
0 0.83375 0.38666666666666666 0.08125 0.10166666666666667
0 0.7865625 0.5095833333333334 0.071875 0.0925
0 0.7571875 0.14833333333333334 0.079375 0.11333333333333333
1 0.4575 0.5145833333333333 0.06125 0.1175
0 0.4065625 0.7475 0.063125 0.095
0 0.51125 0.32625 0.07375 0.0975
0 0.3834375 0.8354166666666667 0.078125 0.09583333333333334
0 0.2365625 0.18333333333333332 0.069375 0.09333333333333334
0 0.83125 0.8208333333333333 0.06625 0.075
0 0.52875 0.21166666666666667 0.07 0.095
0 0.3684375 0.5833333333333334 0.058125 0.065
0 0.454375 0.8029166666666666 0.0725 0.0975
0 0.345625 0.7133333333333334 0.065 0.09
0 0.8140625 0.7383333333333333 0.070625 0.09833333333333333
0 0.8084375 0.5904166666666667 0.061875 0.0925
0 0.2146875 0.31875 0.074375 0.1025
0 0.33625 0.5466666666666666 0.05875 0.09166666666666666
0 0.160625 0.18875 0.06625 0.09916666666666667
0 0.6259375 0.4141666666666667 0.064375 0.10166666666666667
0 0.835 0.9058333333333334 0.08 0.09166666666666666
0 0.68375 0.675 0.06625 0.08166666666666667
1 0.6209375 0.6925 0.074375 0.12833333333333333
1 0.5375 0.27625 0.07 0.1225
0 0.1525 0.2708333333333333 0.05625 0.06833333333333333
0 0.5515625 0.75625 0.048125 0.0875
0 0.5396875 0.8279166666666666 0.069375 0.09916666666666667
0 0.3490625 0.80125 0.070625 0.09083333333333334
0 0.51 0.78 0.04875 0.08833333333333333
0 0.565 0.32625 0.06 0.09083333333333334
0 0.5725 0.35125 0.07 0.1025
0 0.59125 0.3770833333333333 0.065 0.0825
0 0.7834375 0.7383333333333333 0.060625 0.08333333333333333
0 0.7946875 0.64375 0.069375 0.09083333333333334
0 0.845 0.6554166666666666 0.0575 0.0825