0 0.203125 0.9129166666666667 0.1175 0.15583333333333332
0 0.198125 0.45166666666666666 0.1025 0.13666666666666666
0 0.9046875 0.18625 0.118125 0.1575
0 0.206875 0.7183333333333334 0.11 0.14666666666666667
0 0.6259375 0.875 0.110625 0.14833333333333334
0 0.69625 0.17291666666666666 0.115 0.15416666666666667
0 0.54 0.47708333333333336 0.11 0.1475
0 0.5865625 0.31083333333333335 0.116875 0.15666666666666668
0 0.33625 0.5054166666666666 0.11 0.14583333333333334
0 0.4575 0.89 0.11375 0.15166666666666667
0 0.79125 0.09291666666666666 0.105 0.13916666666666666
0 0.418125 0.39416666666666667 0.1075 0.14333333333333334
0 0.34875 0.37166666666666665 0.11375 0.15166666666666667
0 0.189375 0.34958333333333336 0.10625 0.14083333333333334
0 0.4215625 0.11083333333333334 0.103125 0.13833333333333334
0 0.7853125 0.5945833333333334 0.103125 0.1375
0 0.795 0.2579166666666667 0.1225 0.1625
0 0.7525 0.35083333333333333 0.11375 0.15166666666666667
0 0.374375 0.7208333333333333 0.1125 0.15
0 0.255 0.595 0.1125 0.15
0 0.4309375 0.26416666666666666 0.096875 0.13
0 0.9059375 0.5275 0.114375 0.15333333333333332
0 0.53625 0.085 0.11125 0.14833333333333334
0 0.5109375 0.7070833333333333 0.103125 0.1375
0 0.3315625 0.17166666666666666 0.103125 0.13833333333333334
0 0.5628125 0.80375 0.111875 0.14916666666666667
0 0.33375 0.24125 0.09875 0.13083333333333333
0 0.630625 0.7541666666666667 0.105 0.14
0 0.5828125 0.7054166666666667 0.105625 0.14083333333333334
0 0.526875 0.6308333333333334 0.11125 0.14833333333333334
0 0.5465625 0.6095833333333334 0.109375 0.14583333333333334