0 0.231875 0.2075 0.06125 0.08
0 0.9640625 0.07333333333333333 0.068125 0.08833333333333333
0 0.3159375 0.8358333333333333 0.069375 0.08166666666666667
0 0.5396875 0.58 0.071875 0.08666666666666667
0 0.1040625 0.19208333333333333 0.068125 0.0875
0 0.613125 0.63125 0.065 0.08583333333333333
0 0.0971875 0.045 0.068125 0.08
0 0.8859375 0.6445833333333333 0.060625 0.09416666666666666
0 0.0334375 0.6454166666666666 0.055625 0.0725
0 0.3140625 0.65625 0.064375 0.08916666666666667
0 0.79875 0.825 0.06875 0.09166666666666666
0 0.1896875 0.075 0.065625 0.09166666666666666
0 0.143125 0.5504166666666667 0.06125 0.0725
0 0.4340625 0.2475 0.063125 0.08166666666666667
0 0.2246875 0.50375 0.064375 0.08083333333333333
0 0.2275 0.13666666666666666 0.06875 0.08
0 0.76 0.92 0.06625 0.08666666666666667
0 0.0715625 0.12833333333333333 0.083125 0.08166666666666667
0 0.2021875 0.8970833333333333 0.075625 0.07583333333333334
0 0.6603125 0.7304166666666667 0.065625 0.0975
0 0.875 0.25666666666666665 0.0825 0.10333333333333333
0 0.34375 0.34958333333333336 0.08 0.0925
0 0.3909375 0.6691666666666667 0.079375 0.09333333333333334
0 0.6590625 0.6783333333333333 0.079375 0.07
1 0.818125 0.6429166666666667 0.085 0.1125
0 0.471875 0.90625 0.06875 0.09916666666666667
0 0.113125 0.9295833333333333 0.0775 0.10583333333333333