0 0.3103125 0.615 0.074375 0.095
0 0.50375 0.6004166666666667 0.06375 0.0825
0 0.82375 0.33416666666666667 0.05875 0.09
0 0.41375 0.4658333333333333 0.0625 0.095
0 0.5309375 0.26208333333333333 0.066875 0.08916666666666667
0 0.710625 0.25833333333333336 0.06125 0.08
0 0.754375 0.6704166666666667 0.07375 0.09416666666666666
0 0.5878125 0.05583333333333333 0.073125 0.09666666666666666
0 0.6075 0.275 0.0725 0.095
0 0.666875 0.845 0.07125 0.09333333333333334
0 0.2225 0.35 0.06375 0.09
0 0.3928125 0.6158333333333333 0.061875 0.07833333333333334
0 0.2596875 0.4870833333333333 0.068125 0.09083333333333334
0 0.4303125 0.7520833333333333 0.075625 0.0975
0 0.425 0.14 0.0725 0.095
0 0.643125 0.16083333333333333 0.06 0.08333333333333333
0 0.63625 0.46791666666666665 0.05625 0.07083333333333333
0 0.6615625 0.3441666666666667 0.056875 0.07833333333333334
0 0.35875 0.5154166666666666 0.07375 0.09916666666666667
0 0.3059375 0.38 0.061875 0.08
0 0.4265625 0.28791666666666665 0.068125 0.08916666666666667
0 0.3715625 0.35208333333333336 0.054375 0.07083333333333333
0 0.36125 0.8895833333333333 0.08 0.1075
0 0.6140625 0.7725 0.058125 0.08
0 0.5225 0.7770833333333333 0.0775 0.10083333333333333
0 0.17875 0.22208333333333333 0.06375 0.08916666666666667
0 0.7209375 0.9125 0.046875 0.06666666666666667
0 0.3440625 0.16583333333333333 0.071875 0.095
0 0.24375 0.2679166666666667 0.07625 0.0925
0 0.7896875 0.16041666666666668 0.079375 0.1025
0 0.4640625 0.52375 0.056875 0.0875
0 0.7790625 0.4220833333333333 0.058125 0.0975
0 0.5978125 0.6604166666666667 0.080625 0.09583333333333334
0 0.7115625 0.41583333333333333 0.068125 0.09
0 0.588125 0.5325 0.06 0.07
0 0.1625 0.5745833333333333 0.075 0.1025
0 0.53125 0.6791666666666667 0.05 0.06333333333333334
0 0.78875 0.09583333333333334 0.0525 0.085
0 0.3375 0.285 0.08 0.09166666666666666