0 0.3240625 0.40791666666666665 0.099375 0.1325
0 0.7309375 0.6495833333333333 0.099375 0.1325
0 0.3715625 0.6616666666666666 0.101875 0.135
0 0.418125 0.5841666666666666 0.0925 0.12333333333333334
0 0.405625 0.18916666666666668 0.0925 0.12333333333333334
0 0.6075 0.6504166666666666 0.09625 0.1275
0 0.14125 0.6158333333333333 0.095 0.12666666666666668
0 0.5646875 0.8245833333333333 0.093125 0.12416666666666666
0 0.8521875 0.31375 0.098125 0.13083333333333333
0 0.926875 0.5225 0.09125 0.12166666666666667
0 0.6375 0.5591666666666667 0.09625 0.12833333333333333
0 0.050625 0.5541666666666667 0.09625 0.12833333333333333
0 0.648125 0.28833333333333333 0.09875 0.13166666666666665
0 0.3928125 0.3425 0.086875 0.115
0 0.27125 0.6975 0.095 0.12666666666666668
0 0.0878125 0.6945833333333333 0.093125 0.12416666666666666
0 0.0765625 0.7816666666666666 0.098125 0.13166666666666665
0 0.536875 0.49333333333333335 0.0925 0.12333333333333334
0 0.305625 0.6066666666666667 0.09625 0.12833333333333333
0 0.5065625 0.40041666666666664 0.094375 0.12583333333333332
0 0.565 0.7275 0.0875 0.11666666666666667
0 0.64625 0.19583333333333333 0.0875 0.11666666666666667
0 0.268125 0.33708333333333335 0.09875 0.1325
0 0.38375 0.91 0.1 0.13333333333333333
0 0.666875 0.69 0.08875 0.11833333333333333
0 0.7078125 0.54375 0.094375 0.12583333333333332
0 0.478125 0.15583333333333332 0.08875 0.11833333333333333
0 0.9396875 0.3095833333333333 0.105625 0.14083333333333334
0 0.2490625 0.47125 0.086875 0.11583333333333333
0 0.45 0.8604166666666667 0.10375 0.1375
0 0.5971875 0.37125 0.085625 0.11416666666666667
0 0.31625 0.11916666666666667 0.09125 0.12166666666666667
0 0.76125 0.19 0.09625 0.12833333333333333
0 0.5028125 0.6620833333333334 0.098125 0.13083333333333333
0 0.1190625 0.5170833333333333 0.098125 0.13083333333333333
0 0.2221875 0.5808333333333333 0.099375 0.13166666666666665
0 0.8275 0.15583333333333332 0.09375 0.125
0 0.6428125 0.4533333333333333 0.091875 0.12166666666666667
0 0.3171875 0.21875 0.090625 0.12083333333333333
0 0.4709375 0.5441666666666667 0.091875 0.12166666666666667
0 0.649375 0.91125 0.1025 0.13583333333333333
0 0.448125 0.6908333333333333 0.09875 0.13166666666666665
0 0.4646875 0.26458333333333334 0.098125 0.13083333333333333
0 0.7534375 0.30875 0.099375 0.1325
0 0.8759375 0.41291666666666665 0.091875 0.1225
0 0.5040625 0.8470833333333333 0.096875 0.12916666666666668
0 0.385625 0.75375 0.09125 0.12083333333333333
0 0.165 0.44958333333333333 0.1 0.13416666666666666
0 0.1621875 0.8695833333333334 0.089375 0.11916666666666667
0 0.803125 0.49833333333333335 0.08875 0.11833333333333333
0 0.2103125 0.6833333333333333 0.096875 0.12833333333333333
0 0.47 0.31875 0.0875 0.11583333333333333
0 0.67375 0.7808333333333334 0.1 0.13333333333333333
0 0.56125 0.20458333333333334 0.08375 0.1125
0 0.7178125 0.22041666666666668 0.088125 0.1175
0 0.1828125 0.3145833333333333 0.091875 0.1225
0 0.8903125 0.6104166666666667 0.104375 0.13916666666666666
0 0.726875 0.49 0.09375 0.125
0 0.271875 0.8841666666666667 0.10875 0.145
0 0.8040625 0.6229166666666667 0.093125 0.12416666666666666
0 0.78125 0.4066666666666667 0.0825 0.11
0 0.7984375 0.6704166666666667 0.094375 0.12583333333333332
0 0.77875 0.7408333333333333 0.0975 0.13
0 0.356875 0.7920833333333334 0.09625 0.12916666666666668
0 0.37125 0.2816666666666667 0.095 0.12666666666666668
0 0.41125 0.43583333333333335 0.09 0.12
0 0.568125 0.10916666666666666 0.0875 0.11666666666666667
0 0.3196875 0.5004166666666666 0.089375 0.11916666666666667
0 0.4490625 0.46458333333333335 0.094375 0.12583333333333332
0 0.1940625 0.7795833333333333 0.090625 0.12083333333333333
0 0.259375 0.17708333333333334 0.095 0.12583333333333332
0 0.70375 0.12916666666666668 0.10625 0.14166666666666666
0 0.634375 0.8133333333333334 0.085 0.11333333333333333
0 0.670625 0.8433333333333334 0.1025 0.13666666666666666
0 0.1196875 0.36 0.088125 0.11833333333333333
0 0.164375 0.7495833333333334 0.08 0.10583333333333333
0 0.530625 0.21875 0.08875 0.1175
0 0.5715625 0.3616666666666667 0.091875 0.12166666666666667
0 0.7840625 0.5333333333333333 0.086875 0.115
0 0.8125 0.40791666666666665 0.07875 0.10416666666666667