0 0.77125 0.6704166666666667 0.07375 0.10583333333333333
0 0.246875 0.47208333333333335 0.0775 0.10416666666666667
0 0.4159375 0.875 0.070625 0.09666666666666666
0 0.184375 0.06583333333333333 0.0725 0.09166666666666666
0 0.52875 0.49083333333333334 0.07375 0.1
0 0.3634375 0.5595833333333333 0.079375 0.10416666666666667
0 0.475625 0.5745833333333333 0.07 0.1025
0 0.3621875 0.7958333333333333 0.069375 0.1
0 0.2840625 0.8758333333333334 0.073125 0.105
0 0.5790625 0.39791666666666664 0.079375 0.11083333333333334
0 0.370625 0.31333333333333335 0.07875 0.10833333333333334
0 0.460625 0.1025 0.07 0.08666666666666667
0 0.2153125 0.2975 0.071875 0.09166666666666666
1 0.625625 0.33125 0.07875 0.09916666666666667
0 0.52 0.8629166666666667 0.08125 0.10416666666666667
0 0.2621875 0.1075 0.079375 0.10666666666666667
0 0.568125 0.7379166666666667 0.07125 0.10083333333333333
0 0.7225 0.43666666666666665 0.08125 0.085
0 0.816875 0.825 0.0725 0.10166666666666667
0 0.7765625 0.07458333333333333 0.084375 0.10583333333333333
0 0.25875 0.72625 0.08 0.1075
0 0.7565625 0.74 0.073125 0.09666666666666666
0 0.5909375 0.19791666666666666 0.084375 0.11583333333333333
0 0.6171875 0.5920833333333333 0.079375 0.09583333333333334
0 0.6290625 0.685 0.078125 0.09166666666666666
0 0.3403125 0.38958333333333334 0.061875 0.10916666666666666
0 0.585625 0.0825 0.07375 0.09333333333333334
0 0.5228125 0.7295833333333334 0.071875 0.1125
0 0.668125 0.5441666666666667 0.07875 0.095
0 0.425625 0.41375 0.08375 0.09583333333333334
0 0.596875 0.3025 0.07375 0.1
0 0.5909375 0.6808333333333333 0.075625 0.08833333333333333
0 0.689375 0.5166666666666667 0.08 0.09333333333333334
0 0.336875 0.46166666666666667 0.0975 0.08166666666666667
0 0.42375 0.5070833333333333 0.06375 0.09416666666666666
0 0.44375 0.3975 0.06375 0.09