0 0.165625 0.47208333333333335 0.06 0.07583333333333334
0 0.3234375 0.8216666666666667 0.056875 0.08
0 0.451875 0.6191666666666666 0.05875 0.075
0 0.7228125 0.14875 0.056875 0.08916666666666667
0 0.2415625 0.15833333333333333 0.070625 0.10166666666666667
0 0.4671875 0.7945833333333333 0.058125 0.07416666666666667
0 0.69875 0.8 0.06625 0.08833333333333333
0 0.184375 0.24708333333333332 0.075 0.10416666666666667
0 0.819375 0.545 0.0625 0.08833333333333333
0 0.216875 0.82625 0.0625 0.0925
0 0.52875 0.10166666666666667 0.07125 0.09333333333333334
0 0.699375 0.7083333333333334 0.06125 0.08666666666666667
0 0.44125 0.155 0.06 0.07333333333333333
0 0.384375 0.18833333333333332 0.06125 0.08666666666666667
0 0.7325 0.31333333333333335 0.05375 0.065
0 0.579375 0.17291666666666666 0.06125 0.07916666666666666
0 0.3684375 0.6725 0.064375 0.07333333333333333
0 0.45 0.5133333333333333 0.06375 0.09166666666666666
0 0.608125 0.26416666666666666 0.06375 0.08666666666666667
0 0.67125 0.08958333333333333 0.06625 0.08416666666666667
0 0.15625 0.09166666666666666 0.05625 0.08333333333333333
0 0.6240625 0.5170833333333333 0.074375 0.09583333333333334
0 0.303125 0.235 0.06375 0.08166666666666667
0 0.621875 0.36916666666666664 0.0625 0.09
0 0.67 0.7325 0.07125 0.085
0 0.3575 0.41333333333333333 0.06625 0.08333333333333333
0 0.540625 0.31666666666666665 0.06375 0.09
0 0.314375 0.69375 0.05875 0.10083333333333333
0 0.515625 0.5304166666666666 0.07125 0.09583333333333334
1 0.8109375 0.71 0.078125 0.095
0 0.489375 0.4270833333333333 0.06125 0.08583333333333333
0 0.4559375 0.8883333333333333 0.070625 0.09333333333333334
0 0.6653125 0.9495833333333333 0.060625 0.08583333333333333
0 0.2625 0.6708333333333333 0.06125 0.08833333333333333
0 0.4921875 0.6795833333333333 0.065625 0.08416666666666667
0 0.7628125 0.49083333333333334 0.061875 0.08333333333333333
0 0.3496875 0.5891666666666666 0.071875 0.08833333333333333
0 0.4540625 0.22291666666666668 0.063125 0.0775
0 0.6996875 0.3770833333333333 0.059375 0.0875
0 0.3559375 0.5295833333333333 0.063125 0.0775
0 0.7728125 0.165 0.059375 0.09
0 0.546875 0.9091666666666667 0.07125 0.085
0 0.3990625 0.47583333333333333 0.061875 0.075
0 0.65375 0.46625 0.06875 0.10416666666666667
0 0.57 0.4275 0.0625 0.08166666666666667
0 0.775 0.38375 0.0475 0.08416666666666667
0 0.5475 0.46791666666666665 0.06375 0.09083333333333334
0 0.38125 0.5866666666666667 0.06125 0.08666666666666667
0 0.340625 0.28458333333333335 0.0625 0.0925
0 0.486875 0.34708333333333335 0.0625 0.07583333333333334
0 0.37625 0.42625 0.0675 0.08416666666666667
0 0.4896875 0.2808333333333333 0.066875 0.075
0 0.4846875 0.9479166666666666 0.074375 0.0875
0 0.7453125 0.41291666666666665 0.070625 0.07583333333333334
0 0.636875 0.08791666666666667 0.075 0.0875
0 0.728125 0.86625 0.06125 0.07583333333333334
0 0.7690625 0.7191666666666666 0.061875 0.085
0 0.374375 0.345 0.075 0.06833333333333333
0 0.6340625 0.16 0.063125 0.08333333333333333
0 0.508125 0.23 0.06125 0.07166666666666667