0 0.556875 0.5925 0.0925 0.12333333333333334
0 0.7640625 0.43583333333333335 0.086875 0.11666666666666667
0 0.5121875 0.7554166666666666 0.093125 0.12416666666666666
0 0.9034375 0.3070833333333333 0.088125 0.1175
0 0.15 0.8966666666666666 0.08375 0.11166666666666666
0 0.365625 0.2891666666666667 0.0975 0.13
0 0.8953125 0.16375 0.103125 0.1375
0 0.5603125 0.11875 0.106875 0.1425
0 0.353125 0.6608333333333334 0.0825 0.11
0 0.61875 0.6466666666666666 0.0875 0.11666666666666667
0 0.8096875 0.3883333333333333 0.084375 0.11333333333333333
0 0.17375 0.6533333333333333 0.0975 0.13
1 0.629375 0.9116666666666666 0.10875 0.145
0 0.4925 0.059166666666666666 0.08375 0.11166666666666666
0 0.413125 0.4579166666666667 0.09 0.12083333333333333
0 0.51625 0.44458333333333333 0.095 0.1275
0 0.388125 0.20083333333333334 0.09 0.12
0 0.539375 0.8179166666666666 0.07875 0.10416666666666667
0 0.4490625 0.38166666666666665 0.086875 0.11666666666666667
0 0.864375 0.55125 0.0925 0.1225
0 0.7421875 0.8029166666666666 0.084375 0.1125
0 0.698125 0.5508333333333333 0.0825 0.11
0 0.561875 0.34833333333333333 0.09875 0.13166666666666665
1 0.6946875 0.39375 0.111875 0.14916666666666667
0 0.5309375 0.24208333333333334 0.083125 0.11083333333333334
0 0.3178125 0.8266666666666667 0.101875 0.135
0 0.761875 0.6145833333333334 0.085 0.1125
0 0.44 0.7870833333333334 0.09375 0.12583333333333332
0 0.8221875 0.09208333333333334 0.076875 0.1025
0 0.8340625 0.46458333333333335 0.078125 0.10416666666666667
0 0.3728125 0.84125 0.083125 0.11083333333333334
0 0.5415625 0.9304166666666667 0.084375 0.1125
0 0.795625 0.13458333333333333 0.07625 0.1025
0 0.468125 0.8629166666666667 0.0875 0.11583333333333333
0 0.9578125 0.3233333333333333 0.076875 0.10333333333333333
0 0.1028125 0.46791666666666665 0.095625 0.1275
0 0.5565625 0.24666666666666667 0.085625 0.11333333333333333
0 0.7996875 0.6829166666666666 0.088125 0.1175
0 0.6303125 0.3670833333333333 0.085625 0.11416666666666667
0 0.165 0.3175 0.0875 0.11666666666666667
0 0.3825 0.365 0.08375 0.11166666666666666
0 0.49875 0.87 0.0875 0.11666666666666667
0 0.66875 0.7891666666666667 0.07625 0.10166666666666667
0 0.218125 0.2475 0.08 0.10666666666666667
0 0.9403125 0.4270833333333333 0.080625 0.1075
0 0.2625 0.21458333333333332 0.0775 0.10416666666666667
0 0.731875 0.17125 0.07125 0.09416666666666666
0 0.7240625 0.7066666666666667 0.065625 0.08666666666666667
0 0.6884375 0.83125 0.070625 0.09416666666666666
0 0.71 0.2125 0.065 0.08666666666666667