0 0.5353125 0.9020833333333333 0.104375 0.13916666666666666
0 0.2740625 0.3229166666666667 0.105625 0.14083333333333334
0 0.1503125 0.41833333333333333 0.101875 0.135
0 0.759375 0.205 0.09875 0.13166666666666665
0 0.7915625 0.7058333333333333 0.101875 0.13666666666666666
0 0.839375 0.5954166666666667 0.10625 0.1425
0 0.4921875 0.17458333333333334 0.089375 0.11916666666666667
0 0.3453125 0.9295833333333333 0.103125 0.1375
0 0.241875 0.7216666666666667 0.11125 0.14833333333333334
0 0.41125 0.795 0.1025 0.13666666666666666
0 0.3021875 0.175 0.103125 0.13833333333333334
0 0.67375 0.4475 0.10875 0.145
0 0.3865625 0.11375 0.103125 0.1375
0 0.7996875 0.82375 0.086875 0.11583333333333333
0 0.51 0.6983333333333334 0.1075 0.14333333333333334
0 0.3084375 0.5804166666666667 0.109375 0.14583333333333334
0 0.69375 0.7266666666666667 0.1025 0.13666666666666666
0 0.666875 0.36541666666666667 0.09125 0.12083333333333333
0 0.2234375 0.14833333333333334 0.110625 0.14833333333333334
0 0.733125 0.43375 0.10375 0.1375
0 0.366875 0.22833333333333333 0.11 0.14666666666666667
0 0.7884375 0.38625 0.100625 0.13416666666666666
0 0.1871875 0.31166666666666665 0.098125 0.13
0 0.259375 0.805 0.095 0.12666666666666668
0 0.7340625 0.8533333333333334 0.103125 0.13833333333333334
0 0.074375 0.39 0.10625 0.14166666666666666
0 0.8134375 0.92125 0.101875 0.13583333333333333
0 0.89 0.4116666666666667 0.1 0.13333333333333333
0 0.8071875 0.2825 0.110625 0.14833333333333334
0 0.1334375 0.52625 0.105625 0.14083333333333334
0 0.3246875 0.79875 0.100625 0.13416666666666666
0 0.8590625 0.3645833333333333 0.108125 0.14416666666666667
0 0.4446875 0.33208333333333334 0.106875 0.1425
0 0.858125 0.75375 0.11 0.14583333333333334
0 0.730625 0.5491666666666667 0.1025 0.13666666666666666
0 0.3928125 0.7075 0.093125 0.125
0 0.366875 0.345 0.1 0.13333333333333333
0 0.340625 0.4579166666666667 0.105 0.14083333333333334
0 0.370625 0.4716666666666667 0.1 0.13333333333333333
0 0.6528125 0.5658333333333333 0.096875 0.13
0 0.551875 0.58375 0.11 0.1475
0 0.594375 0.5808333333333333 0.08875 0.11833333333333333
0 0.6221875 0.12958333333333333 0.114375 0.1525
0 0.2540625 0.42291666666666666 0.101875 0.13583333333333333
0 0.6065625 0.3154166666666667 0.116875 0.15583333333333332
0 0.88625 0.85 0.11 0.14666666666666667
0 0.2584375 0.4741666666666667 0.103125 0.13666666666666666
0 0.4496875 0.24875 0.089375 0.11916666666666667
0 0.6740625 0.53875 0.098125 0.13083333333333333
0 0.5825 0.15708333333333332 0.10125 0.13416666666666666
0 0.2275 0.12291666666666666 0.09875 0.13083333333333333
1 0.5659375 0.24625 0.131875 0.17583333333333334