0 0.2459375 0.91125 0.053125 0.11083333333333334
0 0.6571875 0.28625 0.063125 0.09083333333333334
0 0.2353125 0.4375 0.071875 0.10666666666666667
0 0.6071875 0.5166666666666667 0.074375 0.09833333333333333
0 0.43375 0.6283333333333333 0.07125 0.08833333333333333
0 0.58 0.31833333333333336 0.0775 0.085
0 0.493125 0.2920833333333333 0.06625 0.08916666666666667
0 0.6875 0.8575 0.06625 0.09833333333333333
0 0.5628125 0.7704166666666666 0.061875 0.10916666666666666
0 0.8146875 0.7779166666666667 0.070625 0.09583333333333334
0 0.7525 0.3175 0.065 0.07833333333333334
0 0.7165625 0.6125 0.070625 0.10166666666666667
0 0.4565625 0.29791666666666666 0.078125 0.08416666666666667
0 0.7353125 0.12208333333333334 0.068125 0.0975
0 0.181875 0.19958333333333333 0.07125 0.1025
0 0.65125 0.20166666666666666 0.05375 0.10166666666666667
0 0.3203125 0.5816666666666667 0.073125 0.1
0 0.715625 0.1725 0.07 0.07666666666666666
0 0.81125 0.6154166666666666 0.06125 0.09416666666666666
0 0.3775 0.58125 0.055 0.11416666666666667
0 0.421875 0.71 0.0625 0.10333333333333333
0 0.6303125 0.5933333333333334 0.065625 0.09166666666666666
0 0.4959375 0.5054166666666666 0.075625 0.11583333333333333
0 0.3371875 0.34208333333333335 0.065625 0.09416666666666666
0 0.496875 0.21875 0.08 0.07416666666666667
0 0.63875 0.6658333333333334 0.06625 0.11
0 0.3540625 0.7820833333333334 0.068125 0.1025
0 0.39875 0.40791666666666665 0.0625 0.08416666666666667
0 0.2671875 0.7704166666666666 0.066875 0.0975
0 0.5984375 0.27375 0.078125 0.0875
0 0.7553125 0.5783333333333334 0.051875 0.11166666666666666
0 0.1825 0.38333333333333336 0.05875 0.12333333333333334
0 0.71875 0.2175 0.075 0.09333333333333334
0 0.279375 0.10708333333333334 0.05625 0.10083333333333333
0 0.80125 0.2633333333333333 0.0475 0.14
0 0.69125 0.565 0.0675 0.1
0 0.5884375 0.9308333333333333 0.073125 0.09333333333333334
0 0.7959375 0.11916666666666667 0.068125 0.11166666666666666
0 0.4871875 0.8108333333333333 0.059375 0.095
0 0.38625 0.22833333333333333 0.0725 0.09166666666666666
0 0.761875 0.8870833333333333 0.0825 0.08416666666666667
0 0.3203125 0.8825 0.061875 0.105
0 0.3403125 0.13833333333333334 0.071875 0.09833333333333333
0 0.2990625 0.5275 0.070625 0.09666666666666666
0 0.371875 0.73375 0.08125 0.09083333333333334
0 0.546875 0.84375 0.07 0.1075
0 0.248125 0.17541666666666667 0.08125 0.0975
0 0.3928125 0.30041666666666667 0.079375 0.09583333333333334
0 0.294375 0.2658333333333333 0.07375 0.1
0 0.24125 0.12583333333333332 0.0775 0.09833333333333333
0 0.315625 0.17041666666666666 0.05875 0.08083333333333333
0 0.1871875 0.6129166666666667 0.069375 0.08583333333333333
0 0.5015625 0.8758333333333334 0.090625 0.08333333333333333
0 0.7540625 0.8433333333333334 0.074375 0.09
0 0.27625 0.65375 0.0775 0.1075
0 0.5115625 0.94 0.069375 0.09
1 0.4209375 0.11 0.061875 0.105
0 0.8340625 0.5879166666666666 0.064375 0.12583333333333332
0 0.455625 0.81125 0.07875 0.08916666666666667
0 0.3634375 0.9045833333333333 0.051875 0.1375
0 0.3678125 0.40625 0.065625 0.11583333333333333