0 0.369375 0.87875 0.08875 0.1175
0 0.5840625 0.60125 0.094375 0.12583333333333332
0 0.4428125 0.8270833333333333 0.100625 0.13416666666666666
0 0.2415625 0.5770833333333333 0.106875 0.1425
0 0.6175 0.715 0.10625 0.14166666666666666
0 0.098125 0.3729166666666667 0.08875 0.1175
0 0.065625 0.4454166666666667 0.09125 0.12083333333333333
0 0.67 0.5733333333333334 0.11 0.14666666666666667
0 0.1496875 0.43416666666666665 0.108125 0.14333333333333334
0 0.58 0.21541666666666667 0.11 0.1475
0 0.3809375 0.7829166666666667 0.091875 0.1225
0 0.57625 0.44625 0.105 0.14083333333333334
0 0.175625 0.5333333333333333 0.095 0.12666666666666668
0 0.6428125 0.11375 0.100625 0.13416666666666666
0 0.38875 0.4220833333333333 0.1 0.13416666666666666
0 0.069375 0.2966666666666667 0.0775 0.10333333333333333
0 0.330625 0.4666666666666667 0.09875 0.13166666666666665
0 0.316875 0.765 0.07875 0.105
0 0.305625 0.38083333333333336 0.105 0.14
0 0.308125 0.8233333333333334 0.0925 0.12333333333333334
0 0.544375 0.84125 0.0975 0.13083333333333333
0 0.4703125 0.5558333333333333 0.088125 0.11833333333333333
0 0.17125 0.057916666666666665 0.08125 0.10916666666666666
0 0.1603125 0.6795833333333333 0.093125 0.12416666666666666
0 0.0975 0.21 0.095 0.12666666666666668
0 0.435625 0.8704166666666666 0.08625 0.11583333333333333
0 0.478125 0.43291666666666667 0.1075 0.1425
0 0.8684375 0.77375 0.105625 0.14083333333333334
0 0.2596875 0.7966666666666666 0.083125 0.11166666666666666
0 0.8334375 0.5354166666666667 0.106875 0.1425
0 0.180625 0.675 0.10625 0.14166666666666666
0 0.1615625 0.14416666666666667 0.094375 0.125
0 0.6940625 0.8316666666666667 0.104375 0.13833333333333334
0 0.7315625 0.48583333333333334 0.104375 0.13833333333333334
0 0.1190625 0.48791666666666667 0.080625 0.1075
1 0.098125 0.5833333333333334 0.12 0.16
1 0.330625 0.11791666666666667 0.1275 0.16916666666666666
1 0.5740625 0.9004166666666666 0.099375 0.1325
1 0.6496875 0.7979166666666667 0.118125 0.1575
0 0.225625 0.105 0.08125 0.10833333333333334
0 0.061875 0.5533333333333333 0.0925 0.12333333333333334
0 0.1628125 0.5541666666666667 0.101875 0.13666666666666666
0 0.4946875 0.48875 0.089375 0.11916666666666667
0 0.52375 0.5770833333333333 0.0775 0.10416666666666667
0 0.6653125 0.4841666666666667 0.079375 0.105
0 0.873125 0.46041666666666664 0.0875 0.1175
0 0.9465625 0.4845833333333333 0.094375 0.12583333333333332
0 0.864375 0.39666666666666667 0.095 0.12666666666666668
0 0.9278125 0.42 0.085625 0.11333333333333333
0 0.798125 0.44083333333333335 0.09625 0.12833333333333333
0 0.554375 0.71125 0.07875 0.10416666666666667
0 0.525625 0.6566666666666666 0.08125 0.10833333333333334
0 0.4234375 0.4583333333333333 0.095625 0.12833333333333333