0 0.06125 0.5475 0.06125 0.08
0 0.539375 0.6379166666666667 0.075 0.10083333333333333
0 0.261875 0.21125 0.06625 0.10083333333333333
0 0.03875 0.21083333333333334 0.06125 0.08833333333333333
0 0.081875 0.7541666666666667 0.0675 0.09333333333333334
0 0.4053125 0.37875 0.070625 0.0925
0 0.38875 0.6175 0.07125 0.09
0 0.545625 0.7454166666666666 0.05875 0.0875
0 0.2034375 0.7720833333333333 0.068125 0.09083333333333334
0 0.605625 0.725 0.0725 0.10666666666666667
0 0.941875 0.35 0.07 0.10333333333333333
0 0.323125 0.17875 0.0775 0.0875
0 0.353125 0.3375 0.07125 0.09333333333333334
0 0.0615625 0.32625 0.066875 0.08583333333333333
0 0.5259375 0.35625 0.080625 0.08583333333333333
0 0.5603125 0.10666666666666667 0.073125 0.09833333333333333
0 0.7809375 0.9375 0.088125 0.095
0 0.93625 0.11375 0.07 0.09083333333333334
0 0.7540625 0.19833333333333333 0.071875 0.095
0 0.34875 0.42041666666666666 0.065 0.0675
0 0.3721875 0.8045833333333333 0.071875 0.07583333333333334
0 0.703125 0.05333333333333334 0.07125 0.1
0 0.7271875 0.815 0.069375 0.09666666666666666
0 0.7746875 0.6770833333333334 0.064375 0.09416666666666666
0 0.7125 0.37916666666666665 0.0775 0.11
0 0.5221875 0.91 0.051875 0.08833333333333333
0 0.7475 0.3433333333333333 0.05875 0.10333333333333333
0 0.4459375 0.7479166666666667 0.079375 0.08583333333333333
1 0.526875 0.43333333333333335 0.09125 0.095
0 0.46125 0.6145833333333334 0.06625 0.08916666666666667
1 0.7771875 0.13041666666666665 0.096875 0.1075
0 0.2984375 0.7733333333333333 0.073125 0.10166666666666667
0 0.4578125 0.9595833333333333 0.065625 0.059166666666666666
0 0.845 0.8720833333333333 0.09 0.1025