0 0.68625 0.2629166666666667 0.08 0.10583333333333333
0 0.4546875 0.5279166666666667 0.074375 0.11583333333333333
0 0.0915625 0.5291666666666667 0.080625 0.10666666666666667
0 0.233125 0.8604166666666667 0.075 0.09416666666666666
0 0.88125 0.56875 0.075 0.1075
0 0.261875 0.7483333333333333 0.07625 0.11166666666666666
0 0.323125 0.7891666666666667 0.07375 0.10666666666666667
1 0.51625 0.65625 0.0825 0.09916666666666667
0 0.3521875 0.9329166666666666 0.073125 0.0925
0 0.946875 0.9095833333333333 0.07375 0.1025
0 0.0578125 0.8958333333333334 0.066875 0.09
0 0.0659375 0.7520833333333333 0.074375 0.08916666666666667
0 0.9571875 0.15875 0.065625 0.0875
1 0.1221875 0.8158333333333333 0.093125 0.125
0 0.524375 0.18666666666666668 0.07375 0.10166666666666667
0 0.0740625 0.13958333333333334 0.075625 0.11083333333333334
1 0.8871875 0.7266666666666667 0.118125 0.10333333333333333
0 0.0359375 0.6470833333333333 0.070625 0.10083333333333333
0 0.298125 0.8479166666666667 0.07125 0.0925
0 0.4046875 0.85375 0.064375 0.08416666666666667
0 0.56625 0.88625 0.0725 0.09416666666666666
0 0.4628125 0.8770833333333333 0.063125 0.0975
0 0.565625 0.12416666666666666 0.06375 0.10333333333333333
0 0.499375 0.775 0.05625 0.08333333333333333
0 0.2703125 0.5516666666666666 0.068125 0.07833333333333334
0 0.5625 0.59 0.06625 0.08333333333333333
0 0.6525 0.6558333333333334 0.07625 0.07666666666666666
0 0.713125 0.585 0.0725 0.07666666666666666
0 0.326875 0.705 0.06125 0.08833333333333333
0 0.2728125 0.6925 0.073125 0.085
0 0.2903125 0.60625 0.070625 0.08083333333333333
0 0.608125 0.4716666666666667 0.06875 0.075
0 0.6275 0.5858333333333333 0.0725 0.09666666666666666
0 0.6759375 0.6308333333333334 0.066875 0.08333333333333333
0 0.6534375 0.5158333333333334 0.065625 0.08166666666666667
0 0.6803125 0.4429166666666667 0.065625 0.0925
0 0.9403125 0.4 0.069375 0.08166666666666667
0 0.913125 0.43166666666666664 0.06875 0.09833333333333333
0 0.874375 0.39125 0.0675 0.08583333333333333
0 0.7725 0.42583333333333334 0.06 0.07666666666666666
0 0.7171875 0.39666666666666667 0.061875 0.075
0 0.3621875 0.09625 0.069375 0.0975
0 0.3815625 0.6154166666666666 0.061875 0.09083333333333334
0 0.1478125 0.3958333333333333 0.066875 0.09166666666666666
0 0.1253125 0.22791666666666666 0.081875 0.09416666666666666
0 0.255 0.1025 0.0575 0.08833333333333333
0 0.3115625 0.07208333333333333 0.064375 0.0825
0 0.261875 0.06333333333333334 0.0775 0.075
0 0.1353125 0.6129166666666667 0.068125 0.0875
0 0.20375 0.5591666666666667 0.06125 0.095
0 0.1725 0.5920833333333333 0.06 0.09416666666666666
0 0.3690625 0.8475 0.070625 0.08166666666666667
0 0.29625 0.9170833333333334 0.0725 0.07416666666666667
0 0.41125 0.94625 0.05875 0.0875
0 0.8278125 0.3975 0.065625 0.09166666666666666
0 0.93 0.24 0.0725 0.09666666666666666
1 0.335 0.16166666666666665 0.1 0.1
0 0.51 0.0675 0.07375 0.07666666666666666
0 0.19 0.14458333333333334 0.05375 0.06583333333333333