0 0.31125 0.5191666666666667 0.0975 0.13
0 0.6428125 0.6520833333333333 0.098125 0.13083333333333333
0 0.7421875 0.7975 0.098125 0.13166666666666665
0 0.1240625 0.6054166666666667 0.094375 0.12583333333333332
0 0.844375 0.6941666666666667 0.09625 0.12833333333333333
0 0.4021875 0.06791666666666667 0.098125 0.13083333333333333
0 0.6809375 0.5433333333333333 0.105625 0.14166666666666666
0 0.896875 0.7691666666666667 0.09625 0.12833333333333333
0 0.36375 0.5920833333333333 0.0975 0.13083333333333333
0 0.4015625 0.15625 0.095625 0.1275
0 0.484375 0.4075 0.105 0.14
0 0.19 0.5783333333333334 0.0925 0.12333333333333334
0 0.1690625 0.42041666666666666 0.098125 0.13083333333333333
0 0.65 0.25166666666666665 0.08625 0.115
0 0.0921875 0.38625 0.106875 0.1425
0 0.123125 0.2975 0.09625 0.12833333333333333
0 0.3634375 0.8116666666666666 0.091875 0.12333333333333334
0 0.4928125 0.68125 0.090625 0.12083333333333333
0 0.459375 0.3120833333333333 0.1 0.13416666666666666
0 0.4215625 0.6879166666666666 0.104375 0.13916666666666666
0 0.548125 0.2025 0.10625 0.14166666666666666
0 0.13125 0.13583333333333333 0.08875 0.11833333333333333
0 0.2590625 0.43041666666666667 0.094375 0.12583333333333332
0 0.6959375 0.72625 0.106875 0.1425
0 0.3928125 0.52625 0.096875 0.12916666666666668
0 0.768125 0.8883333333333333 0.09375 0.125
0 0.4759375 0.14041666666666666 0.101875 0.13583333333333333
0 0.4996875 0.8604166666666667 0.088125 0.1175
0 0.1753125 0.14708333333333334 0.098125 0.13083333333333333
0 0.645625 0.34125 0.11125 0.14916666666666667
0 0.57875 0.90875 0.105 0.14083333333333334
0 0.54625 0.6341666666666667 0.095 0.12666666666666668
0 0.5809375 0.12583333333333332 0.096875 0.12833333333333333
0 0.3078125 0.71875 0.104375 0.13916666666666666
0 0.90125 0.39916666666666667 0.09375 0.125
0 0.4375 0.8908333333333334 0.09375 0.125
0 0.5715625 0.48375 0.098125 0.13083333333333333
0 0.0753125 0.2504166666666667 0.095625 0.1275
0 0.648125 0.08583333333333333 0.10875 0.145
0 0.4509375 0.81 0.109375 0.145
0 0.235625 0.5 0.10125 0.135
0 0.053125 0.2995833333333333 0.08375 0.11083333333333334
0 0.790625 0.55625 0.11375 0.1525
0 0.29625 0.7716666666666666 0.11125 0.14833333333333334
0 0.605625 0.45375 0.09375 0.12583333333333332
0 0.6675 0.8079166666666666 0.1025 0.1375
0 0.36 0.9258333333333333 0.10125 0.135
0 0.3534375 0.2520833333333333 0.098125 0.13083333333333333
0 0.8565625 0.575 0.096875 0.13
0 0.586875 0.30666666666666664 0.0975 0.13
0 0.5859375 0.7595833333333334 0.099375 0.1325
0 0.5428125 0.3725 0.098125 0.13166666666666665
0 0.585625 0.635 0.11 0.14666666666666667
0 0.5903125 0.8045833333333333 0.103125 0.1375
0 0.7359375 0.6945833333333333 0.098125 0.13083333333333333
0 0.5825 0.5575 0.11 0.14666666666666667
0 0.6359375 0.8079166666666666 0.103125 0.1375
0 0.7153125 0.6333333333333333 0.098125 0.13166666666666665
0 0.5653125 0.3925 0.090625 0.12166666666666667