0 0.761875 0.065 0.06125 0.07833333333333334
0 0.4046875 0.16166666666666665 0.063125 0.08333333333333333
0 0.6603125 0.2604166666666667 0.063125 0.08583333333333333
0 0.3528125 0.21291666666666667 0.064375 0.09083333333333334
0 0.6478125 0.3775 0.074375 0.08166666666666667
0 0.295625 0.7566666666666667 0.0625 0.08666666666666667
0 0.616875 0.5795833333333333 0.06 0.0775
0 0.600625 0.6808333333333333 0.065 0.08
0 0.5215625 0.3154166666666667 0.063125 0.08416666666666667
0 0.426875 0.8375 0.065 0.09166666666666666
0 0.555625 0.3875 0.0525 0.08666666666666667
0 0.7903125 0.18541666666666667 0.078125 0.1025
0 0.625 0.8875 0.07125 0.08333333333333333
0 0.6828125 0.7870833333333334 0.063125 0.0825
0 0.605 0.19583333333333333 0.055 0.09
0 0.298125 0.875 0.0625 0.07833333333333334
0 0.8203125 0.6929166666666666 0.075625 0.07583333333333334
0 0.809375 0.295 0.05125 0.085
0 0.323125 0.5125 0.0625 0.07666666666666666
0 0.511875 0.45416666666666666 0.06375 0.08166666666666667
0 0.6615625 0.6441666666666667 0.058125 0.08
0 0.835625 0.10791666666666666 0.07125 0.08916666666666667
0 0.7 0.87625 0.06375 0.0775
0 0.7815625 0.4558333333333333 0.068125 0.08166666666666667
0 0.6575 0.145 0.06 0.09333333333333334
0 0.37125 0.5770833333333333 0.0625 0.07916666666666666
0 0.4103125 0.4775 0.060625 0.085
0 0.2934375 0.12375 0.059375 0.08916666666666667
0 0.41 0.24583333333333332 0.06375 0.08
0 0.559375 0.6241666666666666 0.05875 0.08666666666666667
0 0.6803125 0.53625 0.045625 0.07583333333333334
0 0.6915625 0.42791666666666667 0.055625 0.07916666666666666
0 0.5565625 0.8833333333333333 0.058125 0.07833333333333334
0 0.60125 0.08958333333333333 0.0575 0.0825
0 0.475 0.5016666666666667 0.0725 0.09666666666666666
0 0.5209375 0.55625 0.070625 0.08583333333333333
0 0.4065625 0.6679166666666667 0.065625 0.1025
0 0.248125 0.9195833333333333 0.055 0.0775
0 0.5684375 0.27208333333333334 0.060625 0.0775
0 0.3909375 0.08041666666666666 0.075625 0.09583333333333334
0 0.73875 0.715 0.08125 0.08666666666666667
0 0.609375 0.31333333333333335 0.05875 0.075
0 0.32625 0.29875 0.06875 0.08416666666666667
0 0.745625 0.9475 0.0575 0.085
0 0.27 0.5675 0.07875 0.08
0 0.4496875 0.7716666666666666 0.063125 0.085
0 0.81375 0.7775 0.0725 0.09
0 0.2234375 0.08125 0.074375 0.10083333333333333
0 0.5 0.8141666666666667 0.0675 0.08833333333333333
0 0.465625 0.23875 0.0575 0.08583333333333333
0 0.4665625 0.09791666666666667 0.055625 0.07416666666666667
0 0.3396875 0.12458333333333334 0.058125 0.08083333333333333
0 0.5909375 0.7620833333333333 0.059375 0.07916666666666666
0 0.538125 0.195 0.07125 0.09166666666666666
0 0.4865625 0.39125 0.066875 0.0875
0 0.2375 0.5204166666666666 0.05 0.0875
0 0.1671875 0.9541666666666667 0.066875 0.08
0 0.2390625 0.7383333333333333 0.063125 0.08833333333333333
0 0.184375 0.3408333333333333 0.06875 0.10666666666666667
0 0.42 0.3358333333333333 0.05125 0.07333333333333333
0 0.8184375 0.9345833333333333 0.065625 0.08083333333333333
0 0.245625 0.30625 0.06 0.07916666666666666
0 0.1596875 0.7966666666666666 0.058125 0.08666666666666667
0 0.5446875 0.15791666666666668 0.059375 0.08083333333333333
0 0.7540625 0.8970833333333333 0.061875 0.0925
0 0.295 0.4141666666666667 0.06875 0.09166666666666666
0 0.195 0.19625 0.06 0.1025
0 0.775 0.54125 0.07375 0.0825
0 0.74625 0.6208333333333333 0.0575 0.06666666666666667
0 0.5909375 0.46166666666666667 0.056875 0.08166666666666667
0 0.339375 0.9520833333333333 0.07125 0.0925
0 0.1940625 0.43166666666666664 0.070625 0.095
0 0.7159375 0.33708333333333335 0.053125 0.11083333333333334
0 0.79125 0.8508333333333333 0.0625 0.09333333333333334
0 0.3603125 0.8329166666666666 0.058125 0.0725
0 0.2315625 0.3983333333333333 0.059375 0.07
0 0.7296875 0.2654166666666667 0.059375 0.1025
0 0.1840625 0.6083333333333333 0.068125 0.08166666666666667
0 0.4921875 0.8675 0.054375 0.08333333333333333
0 0.23875 0.8475 0.07625 0.09333333333333334
0 0.3325 0.62875 0.07 0.0825
0 0.478125 0.6491666666666667 0.0625 0.08
0 0.2915625 0.6416666666666667 0.055625 0.07333333333333333
0 0.2640625 0.36666666666666664 0.070625 0.08833333333333333
0 0.265 0.17625 0.0825 0.1075
0 0.2859375 0.23083333333333333 0.056875 0.08
0 0.365625 0.3925 0.0675 0.08833333333333333
0 0.829375 0.6133333333333333 0.06375 0.07333333333333333
0 0.34375 0.41125 0.0675 0.0925
0 0.7415625 0.1475 0.059375 0.09
0 0.3596875 0.7175 0.059375 0.07666666666666666
0 0.36375 0.775 0.0675 0.08333333333333333
0 0.2078125 0.7754166666666666 0.051875 0.06583333333333333
0 0.8384375 0.8275 0.058125 0.08166666666666667
0 0.4796875 0.11833333333333333 0.055625 0.08333333333333333
0 0.174375 0.22375 0.05125 0.0775
0 0.535625 0.525 0.05875 0.08
0 0.615 0.7716666666666666 0.055 0.07833333333333334
0 0.70875 0.6945833333333333 0.07 0.07916666666666666
0 0.80125 0.5495833333333333 0.0725 0.06916666666666667
0 0.821875 0.57375 0.06875 0.0775
0 0.7328125 0.5945833333333334 0.046875 0.08583333333333333
0 0.7715625 0.43625 0.058125 0.0825
0 0.7021875 0.44708333333333333 0.060625 0.0875
0 0.741875 0.3095833333333333 0.05125 0.09583333333333334
0 0.6259375 0.49541666666666667 0.055625 0.0775
0 0.4990625 0.6479166666666667 0.063125 0.0675
0 0.6046875 0.06 0.054375 0.07666666666666666
0 0.6921875 0.14916666666666667 0.059375 0.09333333333333334
0 0.713125 0.19333333333333333 0.07 0.08
0 0.213125 0.6658333333333334 0.06125 0.08166666666666667
0 0.1875 0.92875 0.07 0.08583333333333333
0 0.364375 0.8679166666666667 0.05 0.0775
0 0.186875 0.04666666666666667 0.06 0.07
0 0.2434375 0.26666666666666666 0.055625 0.07666666666666666
0 0.275625 0.19541666666666666 0.06 0.07416666666666667
0 0.384375 0.35583333333333333 0.05 0.08
0 0.4184375 0.44416666666666665 0.058125 0.06333333333333334
0 0.4459375 0.3229166666666667 0.056875 0.06583333333333333
0 0.4696875 0.3441666666666667 0.054375 0.07166666666666667
0 0.469375 0.20333333333333334 0.05875 0.08166666666666667
0 0.5771875 0.38333333333333336 0.060625 0.07833333333333334
0 0.624375 0.45375 0.0675 0.08583333333333333
0 0.4753125 0.8945833333333333 0.054375 0.07083333333333333
0 0.160625 0.39208333333333334 0.05875 0.09916666666666667
0 0.2484375 0.4920833333333333 0.059375 0.08583333333333333
0 0.2734375 0.6445833333333333 0.054375 0.07416666666666667
0 0.20625 0.6191666666666666 0.0625 0.08666666666666667
0 0.4125 0.7033333333333334 0.05 0.09
0 0.381875 0.7495833333333334 0.06 0.07916666666666666
0 0.35375 0.30625 0.06 0.0825
0 0.54875 0.13416666666666666 0.05125 0.06833333333333333