0 0.7178125 0.56375 0.061875 0.08083333333333333
0 0.2328125 0.8741666666666666 0.075625 0.11166666666666666
0 0.200625 0.7008333333333333 0.0775 0.10333333333333333
0 0.8178125 0.875 0.076875 0.10333333333333333
0 0.3665625 0.051666666666666666 0.071875 0.10166666666666667
0 0.685625 0.19958333333333333 0.065 0.08916666666666667
0 0.2115625 0.34541666666666665 0.081875 0.1075
0 0.5609375 0.86875 0.073125 0.10083333333333333
0 0.4025 0.33 0.0725 0.095
0 0.298125 0.6783333333333333 0.06125 0.09
0 0.7909375 0.51625 0.076875 0.1075
0 0.418125 0.6408333333333334 0.08375 0.10166666666666667
0 0.3071875 0.20833333333333334 0.066875 0.10166666666666667
0 0.7478125 0.44208333333333333 0.071875 0.09583333333333334
0 0.6890625 0.945 0.074375 0.09833333333333333
0 0.7571875 0.325 0.070625 0.1
0 0.6653125 0.8504166666666667 0.071875 0.10083333333333333
0 0.185625 0.17083333333333334 0.07 0.085
0 0.8246875 0.67625 0.073125 0.0925
0 0.608125 0.5695833333333333 0.07 0.10583333333333333
0 0.550625 0.56625 0.07375 0.0925
0 0.793125 0.20666666666666667 0.07 0.09166666666666666
0 0.6890625 0.042916666666666665 0.078125 0.0775
0 0.75375 0.84 0.07375 0.1
0 0.1771875 0.4058333333333333 0.071875 0.09166666666666666
0 0.4740625 0.3641666666666667 0.066875 0.09166666666666666
0 0.256875 0.2704166666666667 0.0675 0.0875
0 0.1834375 0.5075 0.081875 0.10666666666666667
0 0.334375 0.3120833333333333 0.07 0.1075
0 0.256875 0.13916666666666666 0.07625 0.095
0 0.2728125 0.7575 0.078125 0.105
0 0.8225 0.28458333333333335 0.07 0.09916666666666667
0 0.361875 0.21583333333333332 0.05125 0.10333333333333333
0 0.410625 0.51875 0.065 0.10083333333333333
0 0.6271875 0.47833333333333333 0.079375 0.09166666666666666
0 0.2915625 0.10416666666666667 0.080625 0.08
0 0.6178125 0.21 0.075625 0.07833333333333334
1 0.454375 0.46416666666666667 0.09625 0.1
0 0.618125 0.11 0.07625 0.10333333333333333
0 0.7321875 0.4666666666666667 0.070625 0.09
0 0.2875 0.23541666666666666 0.075 0.10416666666666667