0 0.5925 0.25833333333333336 0.0625 0.085
0 0.5621875 0.68375 0.078125 0.0975
0 0.448125 0.37625 0.0675 0.0875
0 0.8396875 0.82 0.064375 0.075
0 0.70875 0.5820833333333333 0.07 0.0925
0 0.781875 0.245 0.065 0.09666666666666666
0 0.768125 0.4683333333333333 0.075 0.10166666666666667
0 0.7478125 0.06458333333333334 0.074375 0.1025
0 0.281875 0.31166666666666665 0.075 0.1
0 0.2246875 0.725 0.070625 0.09
0 0.1565625 0.29541666666666666 0.080625 0.0925
0 0.8596875 0.5091666666666667 0.066875 0.09666666666666666
0 0.63375 0.45958333333333334 0.075 0.0975
0 0.1103125 0.21958333333333332 0.071875 0.10583333333333333
0 0.1721875 0.6625 0.073125 0.09333333333333334
0 0.795 0.5470833333333334 0.07375 0.10083333333333333
0 0.3734375 0.36583333333333334 0.066875 0.08166666666666667
0 0.4021875 0.6395833333333333 0.074375 0.07916666666666666
0 0.45375 0.3016666666666667 0.07375 0.09666666666666666
0 0.9559375 0.4820833333333333 0.073125 0.08583333333333333
0 0.1065625 0.675 0.073125 0.09666666666666666
0 0.34625 0.76125 0.0725 0.09416666666666666
0 0.345625 0.6120833333333333 0.0725 0.1025
0 0.5996875 0.5220833333333333 0.070625 0.09416666666666666
0 0.45625 0.79375 0.0725 0.10583333333333333
0 0.7775 0.8158333333333333 0.06125 0.10166666666666667
0 0.53625 0.5254166666666666 0.06125 0.09916666666666667
0 0.3621875 0.3045833333333333 0.074375 0.07916666666666666
0 0.445 0.5795833333333333 0.08 0.10416666666666667
0 0.9359375 0.3879166666666667 0.068125 0.09583333333333334
0 0.561875 0.9391666666666667 0.08375 0.095
0 0.05875 0.77875 0.0725 0.1025
0 0.8353125 0.19833333333333333 0.059375 0.085
0 0.713125 0.25916666666666666 0.075 0.08166666666666667
0 0.818125 0.14333333333333334 0.0675 0.09166666666666666
0 0.9390625 0.655 0.069375 0.11333333333333333
0 0.5046875 0.12041666666666667 0.085625 0.09916666666666667
0 0.925 0.7275 0.06 0.08166666666666667
0 0.494375 0.21958333333333332 0.07125 0.0875
0 0.45625 0.9075 0.06875 0.1
0 0.6390625 0.11083333333333334 0.074375 0.08666666666666667
0 0.2215625 0.4791666666666667 0.071875 0.08833333333333333
0 0.7225 0.7945833333333333 0.075 0.09916666666666667
0 0.5396875 0.1925 0.065625 0.08166666666666667
0 0.146875 0.7629166666666667 0.0825 0.09583333333333334
0 0.2815625 0.41125 0.074375 0.09583333333333334
0 0.94625 0.22125 0.075 0.09916666666666667
0 0.9009375 0.18875 0.066875 0.09916666666666667
0 0.271875 0.5375 0.07125 0.1
0 0.3259375 0.8429166666666666 0.076875 0.09916666666666667
0 0.8740625 0.7 0.069375 0.10666666666666667
0 0.2978125 0.6508333333333334 0.065625 0.09166666666666666
0 0.5725 0.11916666666666667 0.0725 0.09333333333333334
0 0.545 0.35333333333333333 0.08 0.11166666666666666
0 0.3171875 0.46375 0.070625 0.08416666666666667
0 0.205625 0.55125 0.0675 0.10083333333333333
0 0.615 0.0525 0.0875 0.1
0 0.5953125 0.17791666666666667 0.075625 0.0875
0 0.7196875 0.3416666666666667 0.085625 0.095
1 0.8240625 0.685 0.069375 0.12833333333333333
0 0.318125 0.5083333333333333 0.0775 0.07833333333333334