0 0.879375 0.28875 0.07875 0.09916666666666667
0 0.3521875 0.8870833333333333 0.078125 0.10083333333333333
0 0.8675 0.72375 0.08125 0.10083333333333333
0 0.745 0.05875 0.08125 0.09916666666666667
0 0.5971875 0.13041666666666665 0.078125 0.09583333333333334
0 0.5784375 0.8975 0.071875 0.10333333333333333
0 0.646875 0.7783333333333333 0.08375 0.09
0 0.9471875 0.7266666666666667 0.071875 0.1
0 0.5340625 0.5520833333333334 0.074375 0.0975
0 0.3584375 0.09125 0.068125 0.09083333333333334
0 0.0753125 0.5883333333333334 0.079375 0.105
0 0.39125 0.8241666666666667 0.08125 0.11333333333333333
0 0.259375 0.825 0.06375 0.09666666666666666
0 0.6721875 0.16916666666666666 0.081875 0.095
0 0.645 0.3179166666666667 0.07625 0.11416666666666667
0 0.7359375 0.885 0.064375 0.08666666666666667
0 0.25375 0.20458333333333334 0.0775 0.09083333333333334
0 0.3053125 0.32083333333333336 0.060625 0.10333333333333333
0 0.73125 0.6016666666666667 0.07375 0.09833333333333333
0 0.531875 0.13666666666666666 0.0575 0.09333333333333334
0 0.67 0.9054166666666666 0.07375 0.10083333333333333
0 0.4221875 0.10625 0.071875 0.09916666666666667
0 0.2228125 0.33916666666666667 0.066875 0.09166666666666666
0 0.1434375 0.5445833333333333 0.071875 0.0825
0 0.3325 0.5295833333333333 0.07875 0.1025
0 0.3828125 0.6058333333333333 0.078125 0.095
0 0.7184375 0.38375 0.081875 0.10083333333333333
0 0.2428125 0.7004166666666667 0.064375 0.09083333333333334
0 0.42625 0.6541666666666667 0.08125 0.11
0 0.0409375 0.46208333333333335 0.068125 0.09416666666666666
0 0.1640625 0.38125 0.078125 0.10583333333333333
0 0.3353125 0.2025 0.073125 0.10333333333333333
0 0.9615625 0.13708333333333333 0.075625 0.10583333333333333
0 0.341875 0.6333333333333333 0.0775 0.10166666666666667
0 0.4028125 0.41291666666666665 0.070625 0.09416666666666666
0 0.78625 0.56625 0.07625 0.1025
0 0.1746875 0.6425 0.081875 0.10666666666666667
0 0.76625 0.11416666666666667 0.07625 0.105
0 0.355 0.2520833333333333 0.0825 0.0975
0 0.545625 0.26416666666666666 0.0675 0.08333333333333333
0 0.7875 0.6970833333333334 0.085 0.1025
0 0.194375 0.9404166666666667 0.0675 0.1125
0 0.524375 0.35875 0.085 0.0975
0 0.6734375 0.56375 0.071875 0.1025
0 0.81625 0.5925 0.075 0.09833333333333333
0 0.4378125 0.5458333333333333 0.070625 0.09333333333333334
0 0.9284375 0.6704166666666667 0.074375 0.1025
0 0.9409375 0.5058333333333334 0.079375 0.1
0 0.10375 0.2758333333333333 0.06375 0.09166666666666666
0 0.121875 0.7433333333333333 0.08125 0.09666666666666666
0 0.1865625 0.7120833333333333 0.070625 0.0925
0 0.089375 0.38458333333333333 0.07 0.0925
0 0.9584375 0.86 0.066875 0.10333333333333333
0 0.2846875 0.47625 0.079375 0.06916666666666667
0 0.1096875 0.4625 0.069375 0.095
0 0.7615625 0.2995833333333333 0.074375 0.1075
0 0.8478125 0.20416666666666666 0.083125 0.085
0 0.0959375 0.08958333333333333 0.080625 0.1025
0 0.3115625 0.3908333333333333 0.075625 0.105
0 0.1378125 0.43625 0.073125 0.07916666666666666
0 0.18 0.09375 0.0775 0.0825
0 0.410625 0.7054166666666667 0.0675 0.0775
0 0.2128125 0.27208333333333334 0.060625 0.09416666666666666
0 0.2865625 0.9079166666666667 0.064375 0.09583333333333334
0 0.110625 0.08125 0.0725 0.0925
0 0.2134375 0.04 0.080625 0.07833333333333334
0 0.1084375 0.76375 0.071875 0.11083333333333334
0 0.45375 0.8920833333333333 0.065 0.08916666666666667
0 0.8859375 0.7983333333333333 0.075625 0.058333333333333334
1 0.3490625 0.7516666666666667 0.079375 0.14833333333333334
1 0.2025 0.15041666666666667 0.07125 0.1475
0 0.483125 0.15708333333333332 0.0625 0.09916666666666667
0 0.4221875 0.93875 0.066875 0.12083333333333333
0 0.28125 0.31125 0.05625 0.0975
0 0.1578125 0.53375 0.073125 0.0875