0 0.4715625 0.19458333333333333 0.079375 0.10916666666666666
0 0.268125 0.7120833333333333 0.08 0.1075
0 0.33375 0.5675 0.075 0.115
0 0.375625 0.78375 0.065 0.0825
0 0.7478125 0.555 0.073125 0.1
0 0.19375 0.8804166666666666 0.0775 0.10416666666666667
0 0.6703125 0.48833333333333334 0.071875 0.11
0 0.453125 0.5545833333333333 0.0725 0.0925
0 0.7890625 0.33958333333333335 0.079375 0.11416666666666667
0 0.4625 0.6541666666666667 0.0825 0.09166666666666666
0 0.5284375 0.6983333333333334 0.066875 0.105
0 0.2365625 0.5975 0.066875 0.095
0 0.395625 0.18125 0.07375 0.1025
0 0.3634375 0.35625 0.061875 0.10083333333333333
0 0.6240625 0.7620833333333333 0.071875 0.10416666666666667
0 0.5896875 0.45416666666666666 0.079375 0.10166666666666667
0 0.80625 0.15208333333333332 0.0775 0.0925
0 0.50125 0.37041666666666667 0.0675 0.1075
0 0.3165625 0.4141666666666667 0.068125 0.09833333333333333
0 0.5990625 0.69375 0.071875 0.08583333333333333
0 0.226875 0.215 0.08875 0.10166666666666667
0 0.565625 0.21375 0.075 0.10583333333333333
0 0.410625 0.8791666666666667 0.08 0.10166666666666667
0 0.595 0.9375 0.07375 0.09
0 0.3309375 0.14166666666666666 0.081875 0.1
0 0.5809375 0.5341666666666667 0.081875 0.10166666666666667
0 0.623125 0.27958333333333335 0.09125 0.09583333333333334
0 0.46375 0.8125 0.07 0.115
0 0.24125 0.2916666666666667 0.0825 0.09
0 0.8253125 0.7329166666666667 0.068125 0.08583333333333333
0 0.7853125 0.6004166666666667 0.069375 0.1025
0 0.743125 0.9004166666666666 0.075 0.09916666666666667
0 0.7784375 0.7333333333333333 0.059375 0.10166666666666667
0 0.4325 0.40708333333333335 0.0775 0.11083333333333334
0 0.6925 0.8320833333333333 0.07 0.0875
0 0.7728125 0.8679166666666667 0.064375 0.09916666666666667
0 0.828125 0.4658333333333333 0.08375 0.1
0 0.43 0.3525 0.06625 0.08
0 0.2909375 0.9466666666666667 0.091875 0.10166666666666667
0 0.2025 0.6229166666666667 0.0775 0.09416666666666666
0 0.185 0.6895833333333333 0.09625 0.0775
0 0.239375 0.38 0.0875 0.09166666666666666