0 0.2253125 0.18958333333333333 0.065625 0.08916666666666667
0 0.4021875 0.555 0.076875 0.085
0 0.6403125 0.6316666666666667 0.065625 0.07666666666666666
0 0.610625 0.8720833333333333 0.0675 0.0825
0 0.7528125 0.33416666666666667 0.066875 0.08333333333333333
0 0.3821875 0.13458333333333333 0.073125 0.06916666666666667
0 0.814375 0.33208333333333334 0.06375 0.0875
0 0.4665625 0.2525 0.068125 0.08
0 0.425625 0.185 0.0675 0.07666666666666666
0 0.37125 0.31916666666666665 0.07125 0.08833333333333333
0 0.1971875 0.4345833333333333 0.056875 0.07083333333333333
0 0.1696875 0.2520833333333333 0.078125 0.09916666666666667
0 0.2925 0.07208333333333333 0.065 0.07916666666666666
0 0.544375 0.6683333333333333 0.06625 0.09833333333333333
0 0.264375 0.9358333333333333 0.07875 0.08333333333333333
0 0.5309375 0.75 0.078125 0.07833333333333334
0 0.83875 0.5604166666666667 0.05625 0.0825
0 0.245625 0.7195833333333334 0.0725 0.08583333333333333
0 0.7075 0.0525 0.06125 0.08166666666666667
0 0.785625 0.48833333333333334 0.07375 0.09333333333333334
0 0.4809375 0.69625 0.048125 0.0875
0 0.6084375 0.7016666666666667 0.064375 0.09
0 0.2971875 0.50875 0.063125 0.08916666666666667
0 0.30625 0.76375 0.0575 0.0725
0 0.369375 0.6370833333333333 0.065 0.08083333333333333
0 0.254375 0.4945833333333333 0.065 0.0875
0 0.683125 0.84375 0.0625 0.07416666666666667
0 0.694375 0.67875 0.05375 0.0775
0 0.42375 0.9379166666666666 0.05875 0.08416666666666667
0 0.16375 0.3641666666666667 0.06625 0.10166666666666667
0 0.5784375 0.5779166666666666 0.061875 0.0825
0 0.50875 0.37333333333333335 0.06875 0.08166666666666667
0 0.50875 0.62 0.0625 0.08
0 0.82 0.8283333333333334 0.075 0.10166666666666667
0 0.1753125 0.7391666666666666 0.053125 0.07
0 0.6028125 0.10666666666666667 0.060625 0.08166666666666667
0 0.6828125 0.34541666666666665 0.063125 0.08416666666666667
0 0.7021875 0.9316666666666666 0.068125 0.1
0 0.3403125 0.2225 0.066875 0.10166666666666667
0 0.40625 0.845 0.05625 0.08333333333333333
0 0.6903125 0.19125 0.065625 0.0875
0 0.61875 0.19916666666666666 0.06 0.08
0 0.7909375 0.63875 0.055625 0.07583333333333334
0 0.5240625 0.085 0.063125 0.08
0 0.2109375 0.09541666666666666 0.060625 0.07416666666666667
0 0.1984375 0.945 0.070625 0.07833333333333334
0 0.573125 0.2841666666666667 0.06 0.08833333333333333
0 0.3621875 0.78 0.064375 0.08
0 0.259375 0.8620833333333333 0.0675 0.09583333333333334
0 0.5975 0.37333333333333335 0.08375 0.09
0 0.429375 0.6354166666666666 0.05875 0.06916666666666667
0 0.76875 0.8208333333333333 0.055 0.07
0 0.810625 0.44458333333333333 0.05875 0.08416666666666667
0 0.303125 0.16666666666666666 0.04875 0.08666666666666667
0 0.158125 0.16291666666666665 0.06625 0.07916666666666666
0 0.786875 0.23416666666666666 0.0675 0.1
0 0.70875 0.775 0.0575 0.07833333333333334
0 0.405 0.705 0.05375 0.06666666666666667
0 0.5528125 0.8245833333333333 0.064375 0.07583333333333334
0 0.60875 0.25583333333333336 0.05375 0.09166666666666666
0 0.489375 0.48041666666666666 0.05625 0.11083333333333334
0 0.4309375 0.7395833333333334 0.053125 0.10083333333333333
0 0.790625 0.8904166666666666 0.0525 0.08416666666666667
0 0.650625 0.78375 0.0525 0.07916666666666666
0 0.435 0.8845833333333334 0.06125 0.09083333333333334
0 0.5871875 0.44166666666666665 0.071875 0.07833333333333334
0 0.4440625 0.785 0.073125 0.08166666666666667
0 0.1909375 0.5266666666666666 0.055625 0.08
0 0.295 0.39708333333333334 0.06375 0.07583333333333334
0 0.5165625 0.8941666666666667 0.055625 0.07666666666666666
0 0.5621875 0.48541666666666666 0.058125 0.0875
0 0.5378125 0.9570833333333333 0.061875 0.07916666666666666
0 0.3265625 0.38416666666666666 0.058125 0.1
0 0.7503125 0.14125 0.063125 0.07583333333333334
0 0.5271875 0.20666666666666667 0.059375 0.08
1 0.336875 0.8841666666666667 0.0725 0.09
0 0.73375 0.5825 0.05625 0.08833333333333333
0 0.46 0.12208333333333334 0.05625 0.07583333333333334
0 0.53875 0.18 0.05125 0.08
0 0.75875 0.23416666666666666 0.06375 0.08166666666666667
0 0.3153125 0.25583333333333336 0.064375 0.08
0 0.2865625 0.13875 0.070625 0.08916666666666667
0 0.1765625 0.057916666666666665 0.061875 0.0875
0 0.19125 0.09 0.06 0.08
0 0.443125 0.2991666666666667 0.0575 0.09666666666666666
0 0.5453125 0.2945833333333333 0.053125 0.0725
0 0.4521875 0.34208333333333335 0.044375 0.08416666666666667
0 0.51375 0.3954166666666667 0.05875 0.07583333333333334
0 0.54375 0.38375 0.0525 0.0725
0 0.17875 0.7629166666666667 0.05375 0.07583333333333334
0 0.19875 0.5658333333333333 0.06875 0.085
0 0.259375 0.41291666666666665 0.0675 0.059166666666666666
0 0.389375 0.3908333333333333 0.055 0.06666666666666667
0 0.3634375 0.3825 0.064375 0.07833333333333334
0 0.5515625 0.0625 0.060625 0.08166666666666667
0 0.6434375 0.08916666666666667 0.053125 0.08166666666666667
0 0.7634375 0.09958333333333333 0.053125 0.0875
0 0.770625 0.13916666666666666 0.05875 0.075
0 0.7365625 0.4125 0.070625 0.056666666666666664
0 0.6609375 0.37625 0.053125 0.08416666666666667
0 0.759375 0.20875 0.055 0.0575
0 0.6478125 0.17541666666666667 0.078125 0.08916666666666667
0 0.838125 0.7079166666666666 0.04125 0.11083333333333334
0 0.8071875 0.3975 0.056875 0.08
0 0.779375 0.915 0.06125 0.065
0 0.66375 0.9325 0.0525 0.08
0 0.5803125 0.8245833333333333 0.065625 0.0825
0 0.709375 0.68875 0.05625 0.07583333333333334
0 0.7784375 0.6908333333333333 0.056875 0.08
0 0.8109375 0.7279166666666667 0.064375 0.08583333333333333
0 0.7434375 0.7379166666666667 0.066875 0.09916666666666667
0 0.6559375 0.7345833333333334 0.048125 0.0875
0 0.559375 0.5341666666666667 0.05 0.07166666666666667
0 0.5596875 0.5695833333333333 0.064375 0.0675
0 0.6003125 0.4608333333333333 0.056875 0.07
0 0.4828125 0.8158333333333333 0.063125 0.065
0 0.50125 0.8429166666666666 0.06 0.08083333333333333
0 0.41 0.20375 0.05375 0.07416666666666667
0 0.433125 0.35375 0.0625 0.0875
0 0.37875 0.11458333333333333 0.06 0.07416666666666667
0 0.4315625 0.05625 0.054375 0.06416666666666666
0 0.3671875 0.049166666666666664 0.060625 0.07833333333333334
0 0.26875 0.8266666666666667 0.05375 0.08166666666666667
0 0.28 0.8504166666666667 0.0625 0.0875
0 0.1784375 0.5970833333333333 0.065625 0.12583333333333332
0 0.1590625 0.6604166666666667 0.064375 0.060833333333333336
0 0.2228125 0.7075 0.065625 0.10333333333333333
0 0.3365625 0.65125 0.064375 0.08916666666666667
0 0.375 0.8179166666666666 0.06375 0.06416666666666666
0 0.489375 0.5895833333333333 0.07 0.08083333333333333
0 0.7221875 0.23541666666666666 0.081875 0.06416666666666666
0 0.730625 0.7758333333333334 0.07 0.08
0 0.48875 0.5170833333333333 0.06625 0.0875