0 0.273125 0.88 0.095 0.12666666666666668
0 0.500625 0.6329166666666667 0.09 0.12083333333333333
0 0.3621875 0.19916666666666666 0.094375 0.12666666666666668
0 0.2965625 0.65375 0.099375 0.1325
0 0.943125 0.31875 0.08625 0.11583333333333333
0 0.79625 0.5425 0.1 0.13333333333333333
0 0.7915625 0.6504166666666666 0.105625 0.14083333333333334
0 0.5778125 0.7045833333333333 0.098125 0.13083333333333333
0 0.86375 0.6491666666666667 0.09 0.12
0 0.528125 0.515 0.09375 0.125
0 0.5103125 0.3 0.094375 0.12666666666666668
0 0.1896875 0.40041666666666664 0.091875 0.1225
0 0.4925 0.14291666666666666 0.0875 0.11583333333333333
0 0.8184375 0.14875 0.098125 0.13083333333333333
0 0.7134375 0.3225 0.098125 0.13166666666666665
0 0.8478125 0.44708333333333333 0.093125 0.12416666666666666
0 0.648125 0.455 0.09 0.12
0 0.345625 0.37833333333333335 0.095 0.12666666666666668
0 0.7803125 0.28541666666666665 0.095625 0.1275
0 0.4434375 0.18708333333333332 0.088125 0.1175
0 0.19125 0.6108333333333333 0.08375 0.11166666666666666
1 0.7 0.5875 0.11375 0.15166666666666667
0 0.2340625 0.47708333333333336 0.085625 0.11416666666666667
0 0.400625 0.6025 0.09125 0.12166666666666667
0 0.3346875 0.9204166666666667 0.086875 0.11583333333333333
0 0.101875 0.7133333333333334 0.09625 0.12833333333333333
0 0.4290625 0.70125 0.099375 0.1325
0 0.4915625 0.8570833333333333 0.094375 0.12583333333333332
0 0.6384375 0.8420833333333333 0.084375 0.1125
0 0.6865625 0.81125 0.094375 0.12583333333333332
0 0.598125 0.6225 0.08125 0.10833333333333334
0 0.3753125 0.8591666666666666 0.096875 0.13
0 0.813125 0.365 0.09875 0.13166666666666665
0 0.05875 0.6579166666666667 0.0925 0.1225
0 0.37625 0.9358333333333333 0.095 0.12666666666666668
0 0.57625 0.14916666666666667 0.09375 0.125
0 0.765625 0.7341666666666666 0.09125 0.12166666666666667
0 0.15375 0.5354166666666667 0.1125 0.15083333333333335
0 0.1690625 0.7808333333333334 0.098125 0.13
0 0.1840625 0.6741666666666667 0.085625 0.115
1 0.698125 0.3908333333333333 0.1125 0.15
0 0.385625 0.49291666666666667 0.09625 0.1275
0 0.073125 0.5616666666666666 0.08 0.10666666666666667
0 0.5265625 0.8683333333333333 0.098125 0.13
0 0.2646875 0.78875 0.096875 0.12916666666666668
0 0.3390625 0.7975 0.086875 0.11666666666666667
0 0.608125 0.2875 0.085 0.11333333333333333
0 0.3875 0.415 0.08625 0.115
0 0.6484375 0.6408333333333334 0.078125 0.105
0 0.5409375 0.20958333333333334 0.091875 0.1225
0 0.4925 0.38 0.08375 0.11166666666666666
0 0.688125 0.735 0.07625 0.10166666666666667
0 0.489375 0.5525 0.07 0.09333333333333334
0 0.5725 0.3525 0.0875 0.11666666666666667
0 0.70375 0.86 0.1 0.13333333333333333
0 0.4509375 0.31625 0.073125 0.0975
0 0.7675 0.0775 0.08125 0.10833333333333334
0 0.66 0.21791666666666668 0.09375 0.12583333333333332
0 0.1640625 0.4579166666666667 0.078125 0.10416666666666667
0 0.8546875 0.5654166666666667 0.084375 0.1125
0 0.525 0.39708333333333334 0.0675 0.08916666666666667
0 0.6778125 0.26708333333333334 0.078125 0.10416666666666667