0 0.12 0.7104166666666667 0.07875 0.09916666666666667
0 0.646875 0.11208333333333333 0.07875 0.10083333333333333
0 0.1315625 0.27541666666666664 0.081875 0.10083333333333333
0 0.254375 0.9404166666666667 0.08125 0.09916666666666667
0 0.4021875 0.86875 0.078125 0.09583333333333334
0 0.4203125 0.10166666666666667 0.071875 0.10333333333333333
0 0.351875 0.22083333333333333 0.08375 0.09
0 0.051875 0.2725 0.0725 0.1
0 0.4646875 0.44708333333333333 0.074375 0.0975
0 0.6409375 0.9079166666666667 0.068125 0.09083333333333334
0 0.9240625 0.41083333333333333 0.079375 0.105
0 0.6078125 0.175 0.081875 0.11333333333333333
0 0.74 0.17416666666666666 0.06375 0.09666666666666666
0 0.3271875 0.83 0.081875 0.095
0 0.354375 0.68125 0.07625 0.11416666666666667
0 0.2628125 0.11416666666666667 0.064375 0.08666666666666667
0 0.745625 0.7945833333333333 0.0775 0.09083333333333334
0 0.6940625 0.6783333333333333 0.060625 0.10333333333333333
0 0.268125 0.3975 0.07375 0.09833333333333333
0 0.4675 0.8625 0.0575 0.09333333333333334
0 0.32875 0.09375 0.07375 0.10083333333333333
0 0.5771875 0.8929166666666667 0.071875 0.09916666666666667
0 0.7765625 0.66 0.066875 0.09166666666666666
0 0.8559375 0.45458333333333334 0.071875 0.0825
0 0.6665625 0.46958333333333335 0.079375 0.1025
0 0.61625 0.3933333333333333 0.07875 0.095
0 0.2809375 0.6154166666666666 0.081875 0.10083333333333333
0 0.7565625 0.29875 0.064375 0.09083333333333334
0 0.5725 0.345 0.08125 0.11
0 0.9584375 0.5370833333333334 0.068125 0.09416666666666666
0 0.8353125 0.6179166666666667 0.078125 0.10583333333333333
0 0.6640625 0.7966666666666666 0.073125 0.10333333333333333
0 0.0378125 0.8620833333333333 0.075625 0.10583333333333333
0 0.6571875 0.36583333333333334 0.078125 0.10166666666666667
0 0.59625 0.58625 0.07125 0.09416666666666666
0 0.213125 0.43291666666666667 0.07625 0.1025
0 0.8246875 0.3566666666666667 0.081875 0.10666666666666667
0 0.233125 0.885 0.07625 0.105
0 0.644375 0.7470833333333333 0.0825 0.0975
0 0.45375 0.735 0.0675 0.08333333333333333
0 0.211875 0.3020833333333333 0.085 0.1025
0 0.8046875 0.05875 0.068125 0.1125
0 0.4746875 0.6404166666666666 0.085625 0.0975
0 0.325625 0.4354166666666667 0.07125 0.1025
0 0.183125 0.4066666666666667 0.075 0.09833333333333333
0 0.5609375 0.4533333333333333 0.070625 0.09333333333333334
0 0.0709375 0.32875 0.074375 0.1025
0 0.0584375 0.49333333333333335 0.079375 0.1
0 0.895625 0.7233333333333334 0.06375 0.09166666666666666
0 0.8775 0.25583333333333336 0.08125 0.09666666666666666
0 0.8128125 0.28708333333333336 0.070625 0.0925
0 0.91 0.6145833333333334 0.07 0.0925
0 0.0403125 0.13916666666666666 0.066875 0.10333333333333333
0 0.7146875 0.5229166666666667 0.079375 0.06916666666666667
0 0.8896875 0.5366666666666666 0.069375 0.095
0 0.2378125 0.6995833333333333 0.074375 0.1075
0 0.1515625 0.795 0.083125 0.085
0 0.9034375 0.9095833333333333 0.080625 0.1025
0 0.6878125 0.6083333333333333 0.075625 0.105
0 0.8615625 0.5629166666666666 0.073125 0.07916666666666666
0 0.819375 0.9054166666666666 0.0775 0.0825
0 0.588125 0.29375 0.0675 0.0775
0 0.7865625 0.7270833333333333 0.060625 0.09416666666666666
0 0.7128125 0.09125 0.064375 0.09583333333333334
0 0.88875 0.9179166666666667 0.0725 0.0925
0 0.7859375 0.9591666666666666 0.080625 0.07833333333333334
0 0.8909375 0.23541666666666666 0.071875 0.11083333333333334
0 0.545 0.10708333333333334 0.065 0.08916666666666667
0 0.113125 0.20083333333333334 0.07625 0.058333333333333334
1 0.65 0.2475 0.08 0.14833333333333334
1 0.796875 0.84875 0.07125 0.1475
0 0.51625 0.8420833333333333 0.0625 0.09916666666666667
0 0.5765625 0.06041666666666667 0.066875 0.12083333333333333
0 0.718125 0.6879166666666666 0.05625 0.0975
0 0.8415625 0.46541666666666665 0.073125 0.0875