0 0.8834375 0.28708333333333336 0.101875 0.13583333333333333
0 0.8871875 0.46416666666666667 0.089375 0.12
0 0.7365625 0.30583333333333335 0.096875 0.13
0 0.5903125 0.40875 0.115625 0.15416666666666667
0 0.940625 0.38333333333333336 0.09125 0.12166666666666667
0 0.6325 0.33458333333333334 0.09 0.11916666666666667
0 0.8715625 0.37125 0.091875 0.1225
0 0.3878125 0.30125 0.096875 0.12916666666666668
0 0.81 0.6258333333333334 0.08875 0.11833333333333333
0 0.8621875 0.5504166666666667 0.121875 0.1625
0 0.7546875 0.7504166666666666 0.104375 0.13916666666666666
0 0.48625 0.15 0.0975 0.13
0 0.0853125 0.66125 0.091875 0.1225
0 0.74375 0.44083333333333335 0.1075 0.14333333333333334
0 0.5490625 0.49416666666666664 0.096875 0.12833333333333333
0 0.0634375 0.58375 0.094375 0.12583333333333332
0 0.26125 0.18958333333333333 0.11 0.14583333333333334
0 0.2434375 0.2991666666666667 0.095625 0.12833333333333333
0 0.798125 0.30375 0.0825 0.11083333333333334
0 0.47125 0.30083333333333334 0.09 0.12
0 0.4753125 0.86625 0.094375 0.12583333333333332
0 0.7175 0.83375 0.08375 0.1125
0 0.206875 0.37958333333333333 0.105 0.14083333333333334
0 0.7 0.6729166666666667 0.09875 0.1325
0 0.7528125 0.17291666666666666 0.109375 0.14583333333333334
0 0.5878125 0.08375 0.099375 0.1325
0 0.3453125 0.34833333333333333 0.106875 0.14333333333333334
0 0.671875 0.25 0.0925 0.12333333333333334
0 0.6003125 0.9120833333333334 0.099375 0.1325
0 0.2465625 0.6795833333333333 0.116875 0.15583333333333332
0 0.2853125 0.47125 0.094375 0.12583333333333332
0 0.6934375 0.16791666666666666 0.090625 0.12083333333333333
0 0.653125 0.8266666666666667 0.11 0.14666666666666667
0 0.5153125 0.42541666666666667 0.111875 0.14916666666666667
0 0.8096875 0.08958333333333333 0.099375 0.1325
0 0.453125 0.5508333333333333 0.1 0.13333333333333333
0 0.2778125 0.3858333333333333 0.093125 0.12333333333333334
0 0.3403125 0.9245833333333333 0.109375 0.14583333333333334
0 0.5 0.1075 0.09375 0.125
0 0.459375 0.4116666666666667 0.0875 0.11666666666666667
0 0.665625 0.07625 0.095 0.1275
0 0.5934375 0.26625 0.103125 0.1375
0 0.675625 0.3975 0.08875 0.11833333333333333
0 0.7946875 0.21541666666666667 0.089375 0.11916666666666667
0 0.3790625 0.9304166666666667 0.100625 0.13416666666666666
0 0.6815625 0.5791666666666667 0.093125 0.12333333333333334
0 0.554375 0.15416666666666667 0.0875 0.11666666666666667
0 0.685 0.5054166666666666 0.1125 0.15083333333333335
0 0.3053125 0.6070833333333333 0.105625 0.14083333333333334
0 0.3609375 0.6679166666666667 0.109375 0.14583333333333334
0 0.3228125 0.5195833333333333 0.098125 0.13083333333333333
1 0.6034375 0.20708333333333334 0.115625 0.15416666666666667
1 0.1440625 0.34875 0.118125 0.1575