0 0.6321875 0.4995833333333333 0.070625 0.10916666666666666
0 0.3921875 0.8920833333333333 0.068125 0.09916666666666667
0 0.2040625 0.8470833333333333 0.060625 0.11583333333333333
0 0.18125 0.195 0.08375 0.105
0 0.7821875 0.09666666666666666 0.075625 0.09666666666666666
0 0.410625 0.67125 0.06875 0.0925
0 0.8271875 0.635 0.074375 0.09666666666666666
0 0.8253125 0.27708333333333335 0.074375 0.1025
0 0.6425 0.3566666666666667 0.0875 0.10166666666666667
0 0.728125 0.49291666666666667 0.0675 0.10416666666666667
0 0.7615625 0.7120833333333333 0.078125 0.0925
0 0.4971875 0.075 0.076875 0.10333333333333333
0 0.5703125 0.4425 0.070625 0.09666666666666666
0 0.5028125 0.51375 0.083125 0.11416666666666667
1 0.32 0.9266666666666666 0.08625 0.11333333333333333
0 0.434375 0.8145833333333333 0.055 0.0925
0 0.6146875 0.20458333333333334 0.074375 0.09083333333333334
0 0.348125 0.14458333333333334 0.08375 0.1025
0 0.516875 0.8220833333333334 0.065 0.09583333333333334
0 0.1875 0.59125 0.07 0.08916666666666667
0 0.6740625 0.04541666666666667 0.081875 0.09083333333333334
0 0.3525 0.22875 0.07625 0.1075
0 0.3284375 0.68625 0.088125 0.08583333333333333
0 0.3196875 0.40875 0.061875 0.12583333333333332
0 0.8078125 0.9308333333333333 0.078125 0.10833333333333334
0 0.355625 0.30666666666666664 0.095 0.095
0 0.5665625 0.54 0.074375 0.09666666666666666
0 0.6446875 0.1125 0.079375 0.08833333333333333
0 0.328125 0.7145833333333333 0.07 0.09416666666666666