0 0.6740625 0.5895833333333333 0.101875 0.13583333333333333
0 0.7375 0.7108333333333333 0.08 0.10666666666666667
0 0.6765625 0.7720833333333333 0.096875 0.12916666666666668
0 0.5678125 0.09125 0.095625 0.1275
0 0.7128125 0.3883333333333333 0.080625 0.10666666666666667
0 0.50125 0.23416666666666666 0.09 0.12
0 0.855625 0.45666666666666667 0.08875 0.11833333333333333
0 0.2665625 0.6741666666666667 0.088125 0.11833333333333333
0 0.45875 0.51 0.09375 0.125
0 0.6746875 0.6954166666666667 0.089375 0.11916666666666667
0 0.6603125 0.29291666666666666 0.084375 0.1125
0 0.681875 0.8675 0.0925 0.12333333333333334
0 0.3346875 0.46541666666666665 0.091875 0.1225
0 0.5515625 0.66125 0.086875 0.11583333333333333
0 0.3571875 0.39458333333333334 0.088125 0.1175
0 0.5234375 0.5404166666666667 0.081875 0.10916666666666666
0 0.6075 0.7579166666666667 0.0925 0.12416666666666666
0 0.795625 0.5654166666666667 0.0875 0.1175
0 0.6690625 0.08041666666666666 0.090625 0.12083333333333333
0 0.7575 0.6216666666666667 0.085 0.11333333333333333
0 0.948125 0.44916666666666666 0.09125 0.12166666666666667
0 0.5665625 0.8595833333333334 0.088125 0.1175
0 0.2125 0.5666666666666667 0.09375 0.125
0 0.238125 0.4025 0.08875 0.11833333333333333
0 0.4 0.5008333333333334 0.09125 0.12166666666666667
0 0.76 0.8029166666666666 0.09125 0.1225
0 0.8565625 0.7320833333333333 0.096875 0.12916666666666668
0 0.6884375 0.4970833333333333 0.081875 0.10916666666666666
0 0.81875 0.33875 0.09125 0.12083333333333333
0 0.31625 0.8441666666666666 0.10875 0.145
0 0.390625 0.7808333333333334 0.0825 0.11
0 0.160625 0.5066666666666667 0.09 0.12
0 0.2003125 0.3591666666666667 0.079375 0.105
0 0.4078125 0.21875 0.083125 0.11083333333333334
0 0.0728125 0.22375 0.100625 0.13416666666666666
0 0.2471875 0.76875 0.086875 0.11583333333333333
0 0.6884375 0.17875 0.098125 0.13083333333333333
0 0.6459375 0.41208333333333336 0.074375 0.09916666666666667
0 0.783125 0.23166666666666666 0.08875 0.11833333333333333
0 0.7975 0.4583333333333333 0.0775 0.10333333333333333