0 0.27125 0.1425 0.10875 0.145
0 0.828125 0.87125 0.12 0.15916666666666668
0 0.8459375 0.32375 0.103125 0.1375
0 0.7328125 0.5254166666666666 0.106875 0.1425
0 0.871875 0.7191666666666666 0.11375 0.15166666666666667
0 0.6140625 0.16125 0.104375 0.13916666666666666
0 0.753125 0.21333333333333335 0.11 0.14666666666666667
0 0.371875 0.7116666666666667 0.10875 0.145
0 0.491875 0.43875 0.11 0.1475
0 0.705625 0.8558333333333333 0.10375 0.13833333333333334
0 0.339375 0.5304166666666666 0.10875 0.14416666666666667
0 0.3434375 0.8554166666666667 0.113125 0.15083333333333335
0 0.5496875 0.48625 0.105625 0.14083333333333334
0 0.8109375 0.7141666666666666 0.093125 0.125
0 0.70125 0.2 0.09625 0.12833333333333333
0 0.239375 0.39166666666666666 0.1075 0.14333333333333334
0 0.591875 0.5525 0.09625 0.12833333333333333
0 0.59875 0.63 0.10375 0.13833333333333334
0 0.5946875 0.3416666666666667 0.101875 0.13666666666666666
0 0.1990625 0.28125 0.105625 0.14083333333333334
0 0.45375 0.6333333333333333 0.11375 0.15166666666666667
0 0.3740625 0.5854166666666667 0.119375 0.15916666666666668
0 0.8375 0.5975 0.1025 0.13666666666666666
0 0.2671875 0.6495833333333333 0.095625 0.1275
0 0.3384375 0.24125 0.105625 0.14083333333333334
0 0.505625 0.8616666666666667 0.11375 0.15166666666666667
0 0.8665625 0.4529166666666667 0.109375 0.14583333333333334
0 0.7390625 0.69125 0.096875 0.12916666666666668
0 0.2003125 0.14291666666666666 0.104375 0.13916666666666666
0 0.5675 0.07708333333333334 0.105 0.13916666666666666
0 0.5128125 0.26375 0.104375 0.13916666666666666
0 0.2109375 0.5941666666666666 0.104375 0.14
0 0.4071875 0.27958333333333335 0.110625 0.1475
0 0.0815625 0.5725 0.098125 0.13
0 0.5903125 0.3854166666666667 0.103125 0.1375
0 0.0653125 0.4825 0.103125 0.13833333333333334
0 0.534375 0.21583333333333332 0.10625 0.14166666666666666
0 0.591875 0.6829166666666666 0.10625 0.14083333333333334
1 0.7559375 0.9120833333333334 0.121875 0.1625