0 0.1040625 0.8345833333333333 0.108125 0.14416666666666667
0 0.493125 0.525 0.10625 0.14166666666666666
0 0.7653125 0.42333333333333334 0.114375 0.15166666666666667
0 0.57625 0.4266666666666667 0.115 0.15333333333333332
0 0.3153125 0.4033333333333333 0.109375 0.145
0 0.38875 0.08416666666666667 0.11375 0.15166666666666667
0 0.3890625 0.60375 0.104375 0.13916666666666666
0 0.184375 0.9125 0.09625 0.12833333333333333
0 0.88 0.3720833333333333 0.1075 0.14416666666666667
0 0.328125 0.8241666666666667 0.11125 0.14833333333333334
0 0.4803125 0.8720833333333333 0.105625 0.14083333333333334
0 0.8134375 0.6108333333333333 0.116875 0.15666666666666668
0 0.4353125 0.47833333333333333 0.114375 0.15166666666666667
0 0.3475 0.28833333333333333 0.0975 0.13
0 0.7078125 0.8225 0.113125 0.15166666666666667
0 0.61625 0.6616666666666666 0.115 0.15333333333333332
0 0.08125 0.6925 0.1075 0.14333333333333334
0 0.6125 0.22083333333333333 0.11375 0.15166666666666667
0 0.173125 0.765 0.105 0.14
0 0.388125 0.37916666666666665 0.1125 0.15
0 0.215 0.2920833333333333 0.1175 0.1575
0 0.2928125 0.9204166666666667 0.104375 0.13916666666666666
0 0.2678125 0.37916666666666665 0.108125 0.145
0 0.8621875 0.29875 0.111875 0.14916666666666667
0 0.128125 0.5254166666666666 0.11 0.1475
0 0.641875 0.845 0.12 0.16
0 0.286875 0.6741666666666667 0.1 0.13333333333333333