0 0.7303125 0.8508333333333333 0.100625 0.13333333333333333
0 0.396875 0.12166666666666667 0.0975 0.13
0 0.2740625 0.5604166666666667 0.105625 0.14083333333333334
0 0.81625 0.73875 0.0975 0.13083333333333333
0 0.2903125 0.79125 0.096875 0.12916666666666668
0 0.4934375 0.48 0.103125 0.13666666666666666
0 0.519375 0.2675 0.105 0.14
0 0.2171875 0.255 0.106875 0.14333333333333334
0 0.233125 0.44708333333333333 0.1075 0.1425
0 0.665 0.665 0.105 0.14
0 0.6503125 0.4508333333333333 0.110625 0.14666666666666667
0 0.770625 0.3045833333333333 0.11 0.14583333333333334
0 0.900625 0.6629166666666667 0.095 0.12583333333333332
0 0.1253125 0.46 0.096875 0.12833333333333333
0 0.308125 0.4175 0.1125 0.15
0 0.444375 0.78625 0.115 0.1525
0 0.459375 0.21541666666666667 0.10875 0.14583333333333334
0 0.6453125 0.33208333333333334 0.106875 0.1425
0 0.8334375 0.8216666666666667 0.103125 0.13833333333333334
0 0.4478125 0.5866666666666667 0.095625 0.12833333333333333
0 0.0921875 0.5604166666666667 0.099375 0.1325
0 0.35125 0.7395833333333334 0.09875 0.1325
0 0.66125 0.5079166666666667 0.1075 0.14416666666666667
0 0.1203125 0.3329166666666667 0.104375 0.13916666666666666
0 0.5603125 0.7566666666666667 0.105625 0.14
0 0.301875 0.17416666666666666 0.10625 0.14166666666666666
0 0.5325 0.5575 0.09625 0.12833333333333333
0 0.6775 0.23083333333333333 0.095 0.12666666666666668
0 0.685625 0.6 0.105 0.14
0 0.55875 0.5266666666666666 0.10875 0.145
0 0.2075 0.1 0.1 0.13333333333333333
0 0.4646875 0.38875 0.098125 0.13083333333333333
0 0.27875 0.6541666666666667 0.11375 0.15166666666666667
0 0.7953125 0.6783333333333333 0.101875 0.135
0 0.1434375 0.5779166666666666 0.086875 0.11583333333333333
0 0.939375 0.48375 0.10625 0.14083333333333334
0 0.740625 0.5691666666666667 0.10125 0.135
0 0.178125 0.12416666666666666 0.0925 0.12333333333333334
0 0.8740625 0.8491666666666666 0.103125 0.13833333333333334
0 0.8059375 0.35333333333333333 0.110625 0.14833333333333334
0 0.8446875 0.5033333333333333 0.088125 0.11833333333333333
0 0.75375 0.62125 0.09375 0.12583333333333332
0 0.8321875 0.57875 0.105625 0.14083333333333334
0 0.27625 0.09541666666666666 0.095 0.12583333333333332
0 0.874375 0.885 0.0925 0.12333333333333334