0 0.0996875 0.6491666666666667 0.103125 0.13666666666666666
0 0.4596875 0.34041666666666665 0.100625 0.13416666666666666
0 0.1071875 0.7916666666666666 0.109375 0.145
0 0.17 0.47291666666666665 0.105 0.13916666666666666
0 0.9025 0.44 0.10875 0.145
0 0.9103125 0.32125 0.108125 0.14416666666666667
0 0.546875 0.7225 0.095 0.12666666666666668
0 0.709375 0.31416666666666665 0.11625 0.155
0 0.313125 0.6454166666666666 0.1025 0.13583333333333333
0 0.27875 0.315 0.10625 0.14166666666666666
0 0.19375 0.8866666666666667 0.1175 0.15666666666666668
0 0.1709375 0.6145833333333334 0.105625 0.14083333333333334
0 0.39875 0.54875 0.09625 0.1275
0 0.4440625 0.4395833333333333 0.105625 0.14083333333333334
0 0.289375 0.18583333333333332 0.10375 0.13833333333333334
0 0.2315625 0.35541666666666666 0.118125 0.1575
0 0.6228125 0.31583333333333335 0.116875 0.155
0 0.6459375 0.71625 0.113125 0.15083333333333335
0 0.489375 0.61 0.1025 0.13666666666666666
0 0.385625 0.7083333333333334 0.10625 0.14166666666666666
0 0.375625 0.17541666666666667 0.11 0.14583333333333334
0 0.4475 0.0975 0.1 0.13333333333333333
0 0.70875 0.6170833333333333 0.11375 0.1525
0 0.37625 0.7808333333333334 0.11375 0.15166666666666667
0 0.8053125 0.6766666666666666 0.104375 0.14
0 0.3540625 0.8454166666666667 0.101875 0.13583333333333333
0 0.8109375 0.5675 0.111875 0.15
0 0.37 0.3020833333333333 0.09 0.11916666666666667
0 0.3128125 0.8720833333333333 0.105625 0.14083333333333334
0 0.4903125 0.5204166666666666 0.104375 0.13916666666666666
0 0.310625 0.7391666666666666 0.0925 0.12333333333333334
0 0.888125 0.625 0.09625 0.12833333333333333
0 0.329375 0.36083333333333334 0.09625 0.12833333333333333
0 0.4365625 0.19958333333333333 0.101875 0.13583333333333333
0 0.2828125 0.5433333333333333 0.111875 0.14833333333333334
0 0.82625 0.3591666666666667 0.10125 0.135
0 0.38375 0.39708333333333334 0.11125 0.1475
0 0.3659375 0.4354166666666667 0.099375 0.1325
0 0.663125 0.25083333333333335 0.11125 0.14833333333333334
0 0.095 0.3925 0.095 0.12666666666666668
0 0.4875 0.13 0.175 0.23333333333333334