0 0.7734375 0.4945833333333333 0.089375 0.11916666666666667
0 0.5415625 0.21958333333333332 0.085625 0.11416666666666667
0 0.3121875 0.4454166666666667 0.091875 0.1225
0 0.2190625 0.5616666666666666 0.089375 0.11833333333333333
0 0.8265625 0.7620833333333333 0.093125 0.12416666666666666
0 0.654375 0.5566666666666666 0.08125 0.10833333333333334
0 0.063125 0.3175 0.08625 0.115
0 0.935 0.7666666666666667 0.10375 0.13833333333333334
0 0.6409375 0.72875 0.086875 0.11583333333333333
0 0.4053125 0.05875 0.080625 0.1075
0 0.3178125 0.26458333333333334 0.090625 0.12083333333333333
0 0.29125 0.15166666666666667 0.0975 0.13
0 0.29625 0.86 0.1 0.13333333333333333
0 0.909375 0.6875 0.0975 0.13
0 0.1946875 0.7545833333333334 0.076875 0.1025
0 0.4571875 0.3958333333333333 0.074375 0.1
0 0.65875 0.37333333333333335 0.07875 0.105
0 0.3328125 0.3358333333333333 0.088125 0.11833333333333333
0 0.4353125 0.7941666666666667 0.093125 0.125
0 0.2346875 0.20666666666666667 0.088125 0.11666666666666667
0 0.6740625 0.88125 0.088125 0.1175
0 0.545 0.31 0.09375 0.125
0 0.3853125 0.7225 0.090625 0.12
0 0.46 0.58875 0.1025 0.1375
0 0.3196875 0.6920833333333334 0.110625 0.1475
0 0.73875 0.6925 0.0925 0.12333333333333334
0 0.765625 0.6766666666666666 0.10375 0.13833333333333334
0 0.39375 0.8466666666666667 0.09375 0.125
0 0.62375 0.13833333333333334 0.0975 0.13
0 0.471875 0.11208333333333333 0.09125 0.12083333333333333
0 0.39 0.5525 0.0975 0.13
0 0.854375 0.6583333333333333 0.08625 0.115
0 0.3996875 0.4658333333333333 0.088125 0.11666666666666667
0 0.3475 0.09791666666666667 0.0875 0.11583333333333333
0 0.6690625 0.13625 0.090625 0.12083333333333333
0 0.504375 0.67 0.09875 0.13166666666666665
0 0.698125 0.19666666666666666 0.085 0.11333333333333333
0 0.4840625 0.74375 0.083125 0.11083333333333334
0 0.0984375 0.21291666666666667 0.101875 0.13583333333333333
0 0.5046875 0.12375 0.088125 0.1175
0 0.8221875 0.38875 0.091875 0.1225
0 0.7121875 0.53625 0.086875 0.11583333333333333
0 0.36125 0.6066666666666667 0.08125 0.10833333333333334
0 0.5734375 0.7995833333333333 0.095625 0.1275
0 0.7771875 0.35125 0.094375 0.12583333333333332
0 0.7184375 0.5904166666666667 0.084375 0.1125
0 0.4309375 0.4816666666666667 0.090625 0.12166666666666667
0 0.800625 0.6058333333333333 0.0875 0.11666666666666667
0 0.6190625 0.6629166666666667 0.086875 0.11583333333333333
0 0.3840625 0.9170833333333334 0.073125 0.0975
0 0.2996875 0.77625 0.080625 0.1075
0 0.1803125 0.18208333333333335 0.088125 0.1175
0 0.56875 0.7541666666666667 0.08125 0.10833333333333334
1 0.7278125 0.9133333333333333 0.124375 0.16666666666666666
1 0.839375 0.32166666666666666 0.11125 0.14833333333333334