0 0.465625 0.20166666666666666 0.10125 0.135
0 0.79125 0.13791666666666666 0.08375 0.1125
0 0.44625 0.5233333333333333 0.10375 0.13833333333333334
0 0.91375 0.28833333333333333 0.0975 0.13
0 0.715625 0.8004166666666667 0.09125 0.1225
0 0.7365625 0.5004166666666666 0.095625 0.1275
0 0.27875 0.2679166666666667 0.085 0.11416666666666667
0 0.483125 0.39208333333333334 0.08375 0.11083333333333334
0 0.41375 0.6829166666666666 0.07875 0.10583333333333333
0 0.34 0.20666666666666667 0.09375 0.125
0 0.888125 0.4875 0.09125 0.12166666666666667
0 0.2071875 0.35083333333333333 0.090625 0.12
0 0.6471875 0.18583333333333332 0.074375 0.1
0 0.675625 0.2733333333333333 0.08875 0.11833333333333333
0 0.854375 0.54 0.1 0.13333333333333333
0 0.06 0.5075 0.095 0.12666666666666668
0 0.466875 0.86 0.08125 0.10833333333333334
0 0.6059375 0.3645833333333333 0.095625 0.1275
0 0.3759375 0.10041666666666667 0.088125 0.1175
0 0.735625 0.62 0.1 0.13333333333333333
0 0.3125 0.17416666666666666 0.09 0.12
0 0.3121875 0.46708333333333335 0.083125 0.11083333333333334
0 0.109375 0.545 0.0825 0.11
0 0.28 0.5125 0.0725 0.09666666666666666
0 0.24125 0.7858333333333334 0.08875 0.11833333333333333
0 0.5753125 0.5645833333333333 0.086875 0.11583333333333333
0 0.855625 0.11583333333333333 0.09375 0.125
1 0.4596875 0.74625 0.111875 0.14916666666666667
0 0.2903125 0.6520833333333333 0.091875 0.1225
0 0.37 0.385 0.08375 0.11166666666666666
0 0.7621875 0.55625 0.089375 0.11916666666666667
0 0.8096875 0.5966666666666667 0.086875 0.11666666666666667
0 0.9078125 0.5575 0.075625 0.10166666666666667
0 0.576875 0.4270833333333333 0.0775 0.1025
0 0.4175 0.8383333333333334 0.08125 0.10833333333333334
0 0.7553125 0.18625 0.074375 0.09916666666666667
0 0.3475 0.7516666666666667 0.08375 0.11166666666666666
1 0.126875 0.7320833333333333 0.11625 0.15583333333333332
0 0.1853125 0.6504166666666666 0.091875 0.1225
0 0.6925 0.36 0.0775 0.10333333333333333
0 0.24 0.71625 0.08625 0.11583333333333333
0 0.66875 0.5616666666666666 0.08875 0.11833333333333333
0 0.91 0.18875 0.10125 0.13583333333333333
0 0.8046875 0.7270833333333333 0.105625 0.14083333333333334
0 0.5975 0.7529166666666667 0.07375 0.09916666666666667
0 0.489375 0.92125 0.08375 0.11083333333333334
0 0.826875 0.2875 0.0725 0.09666666666666666
0 0.7159375 0.2529166666666667 0.095625 0.1275
0 0.65625 0.40708333333333335 0.08 0.1075
0 0.673125 0.47333333333333333 0.0775 0.10333333333333333
0 0.505625 0.70625 0.08 0.10583333333333333
0 0.465 0.6208333333333333 0.08125 0.10833333333333334
0 0.124375 0.6291666666666667 0.0725 0.09666666666666666
0 0.254375 0.90875 0.09125 0.12083333333333333
0 0.1778125 0.7870833333333334 0.085625 0.11416666666666667
0 0.4540625 0.04708333333333333 0.070625 0.09416666666666666
0 0.5559375 0.23708333333333334 0.084375 0.1125
0 0.585625 0.6425 0.07875 0.105
0 0.864375 0.34375 0.08375 0.11083333333333334
0 0.9084375 0.1625 0.083125 0.11166666666666666
0 0.3896875 0.31 0.095625 0.12666666666666668
0 0.3946875 0.5808333333333333 0.075625 0.1
0 0.7165625 0.8704166666666666 0.071875 0.09583333333333334
0 0.755 0.29875 0.07875 0.10583333333333333
0 0.564375 0.48583333333333334 0.065 0.08666666666666667
0 0.62875 0.51875 0.07875 0.10583333333333333
0 0.615625 0.45625 0.08375 0.1125
0 0.649375 0.12416666666666666 0.1025 0.13666666666666666
0 0.1853125 0.8420833333333333 0.103125 0.1375
0 0.31 0.6141666666666666 0.085 0.11333333333333333
0 0.3034375 0.68 0.088125 0.11833333333333333
0 0.1915625 0.5808333333333333 0.080625 0.10833333333333334
0 0.0746875 0.62375 0.069375 0.0925
0 0.1621875 0.61875 0.090625 0.12083333333333333