0 0.6875 0.4791666666666667 0.0975 0.13
0 0.3559375 0.34625 0.098125 0.13083333333333333
0 0.2565625 0.20083333333333334 0.098125 0.13166666666666665
0 0.8746875 0.3929166666666667 0.094375 0.12583333333333332
0 0.154375 0.30416666666666664 0.09625 0.12833333333333333
0 0.5965625 0.9304166666666667 0.098125 0.13083333333333333
0 0.3178125 0.455 0.105625 0.14166666666666666
0 0.101875 0.22916666666666666 0.09625 0.12833333333333333
0 0.635 0.40625 0.0975 0.13083333333333333
0 0.5971875 0.8420833333333333 0.095625 0.1275
0 0.514375 0.5908333333333333 0.105 0.14
0 0.80875 0.42 0.0925 0.12333333333333334
0 0.8296875 0.5779166666666666 0.098125 0.13083333333333333
0 0.34875 0.7466666666666667 0.08625 0.115
0 0.9065625 0.6120833333333333 0.106875 0.1425
0 0.875625 0.7008333333333333 0.09625 0.12833333333333333
0 0.6353125 0.18666666666666668 0.091875 0.12333333333333334
0 0.5059375 0.31708333333333333 0.090625 0.12083333333333333
0 0.539375 0.68625 0.1 0.13416666666666666
0 0.5771875 0.3104166666666667 0.104375 0.13916666666666666
0 0.450625 0.7958333333333333 0.10625 0.14166666666666666
0 0.8675 0.8625 0.08875 0.11833333333333333
0 0.7396875 0.5679166666666666 0.094375 0.12583333333333332
0 0.3028125 0.27208333333333334 0.106875 0.1425
0 0.6059375 0.47208333333333335 0.096875 0.12916666666666668
0 0.230625 0.11 0.09375 0.125
0 0.5228125 0.8579166666666667 0.101875 0.13583333333333333
0 0.4990625 0.13791666666666666 0.088125 0.1175
0 0.8234375 0.85125 0.098125 0.13083333333333333
0 0.353125 0.6570833333333334 0.11125 0.14916666666666667
0 0.42 0.08958333333333333 0.105 0.14083333333333334
0 0.4525 0.3641666666666667 0.095 0.12666666666666668
0 0.4178125 0.8725 0.096875 0.12833333333333333
0 0.6909375 0.27958333333333335 0.104375 0.13916666666666666
0 0.0975 0.5991666666666666 0.09375 0.125
0 0.56125 0.1075 0.09375 0.125
0 0.4271875 0.5145833333333333 0.098125 0.13083333333333333
0 0.9234375 0.7479166666666667 0.095625 0.1275
0 0.350625 0.9125 0.10875 0.145
0 0.5478125 0.18833333333333332 0.109375 0.145
0 0.763125 0.49833333333333335 0.10125 0.135
0 0.945625 0.69875 0.08375 0.11083333333333334
0 0.208125 0.44208333333333333 0.11375 0.1525
0 0.7025 0.22666666666666666 0.11125 0.14833333333333334
0 0.393125 0.5445833333333333 0.09375 0.12583333333333332
0 0.33125 0.19041666666666668 0.1025 0.1375
0 0.63875 0.0725 0.10125 0.135
0 0.6453125 0.74625 0.098125 0.13083333333333333
0 0.1421875 0.42333333333333334 0.096875 0.13
0 0.411875 0.6916666666666667 0.0975 0.13
0 0.4128125 0.23875 0.099375 0.1325
0 0.4559375 0.6258333333333334 0.098125 0.13166666666666665
0 0.413125 0.36333333333333334 0.11 0.14666666666666667
0 0.4084375 0.19375 0.103125 0.1375
0 0.2628125 0.30375 0.098125 0.13083333333333333
0 0.41625 0.44083333333333335 0.11 0.14666666666666667
0 0.3628125 0.19041666666666668 0.103125 0.1375
0 0.2834375 0.365 0.098125 0.13166666666666665
0 0.4334375 0.6058333333333333 0.090625 0.12166666666666667