0 0.6540625 0.6995833333333333 0.073125 0.0825
0 0.3440625 0.17916666666666667 0.061875 0.08
0 0.564375 0.10375 0.07 0.0925
0 0.485 0.36583333333333334 0.07 0.1
0 0.763125 0.2945833333333333 0.0575 0.08416666666666667
0 0.511875 0.5854166666666667 0.07625 0.10416666666666667
0 0.4178125 0.79375 0.070625 0.10083333333333333
0 0.7459375 0.8366666666666667 0.061875 0.08333333333333333
0 0.2040625 0.6979166666666666 0.066875 0.09416666666666666
0 0.6278125 0.5016666666666667 0.068125 0.08833333333333333
0 0.3190625 0.43125 0.058125 0.07916666666666666
0 0.6909375 0.815 0.061875 0.10333333333333333
0 0.154375 0.41041666666666665 0.05375 0.07583333333333334
0 0.3546875 0.31583333333333335 0.066875 0.08833333333333333
0 0.1978125 0.35541666666666666 0.065625 0.09916666666666667
0 0.3384375 0.7191666666666666 0.060625 0.075
0 0.801875 0.8795833333333334 0.06125 0.09583333333333334
0 0.7046875 0.49291666666666667 0.056875 0.07916666666666666
0 0.6703125 0.08291666666666667 0.058125 0.08916666666666667
0 0.2075 0.21291666666666667 0.0525 0.0675
0 0.7471875 0.6058333333333333 0.061875 0.08
0 0.35875 0.6058333333333333 0.04875 0.06833333333333333
0 0.395 0.08625 0.0625 0.0925
0 0.1840625 0.0575 0.091875 0.095
0 0.50375 0.95625 0.05875 0.08416666666666667
0 0.2703125 0.5170833333333333 0.059375 0.08083333333333333
0 0.42125 0.24083333333333334 0.055 0.075
0 0.6503125 0.85875 0.053125 0.07416666666666667
0 0.229375 0.10708333333333334 0.0525 0.0825
0 0.575 0.42625 0.07875 0.0825
0 0.156875 0.7641666666666667 0.0525 0.07833333333333334
0 0.5103125 0.4379166666666667 0.053125 0.0675
0 0.28875 0.35833333333333334 0.05 0.06333333333333334
0 0.500625 0.9008333333333334 0.06 0.07333333333333333
0 0.4209375 0.3425 0.061875 0.08166666666666667
0 0.3190625 0.5041666666666667 0.050625 0.06166666666666667
0 0.8425 0.76375 0.05 0.07083333333333333
0 0.828125 0.15166666666666667 0.0475 0.07
0 0.2790625 0.050833333333333335 0.050625 0.065
0 0.21 0.5895833333333333 0.05625 0.07916666666666666
0 0.6090625 0.8408333333333333 0.059375 0.085
0 0.33875 0.6625 0.06 0.09166666666666666
0 0.1840625 0.5479166666666667 0.053125 0.08583333333333333
0 0.804375 0.8045833333333333 0.0825 0.08583333333333333
0 0.39625 0.9354166666666667 0.0525 0.0675
0 0.4490625 0.6720833333333334 0.064375 0.07583333333333334
0 0.23 0.26375 0.05625 0.0725
0 0.264375 0.4554166666666667 0.0525 0.06916666666666667
0 0.45125 0.4583333333333333 0.0525 0.06166666666666667
0 0.778125 0.14416666666666667 0.05 0.07166666666666667
0 0.499375 0.75875 0.055 0.0675
0 0.7421875 0.18958333333333333 0.063125 0.0925
0 0.74375 0.08666666666666667 0.05 0.08
0 0.1628125 0.2708333333333333 0.068125 0.06833333333333333
0 0.194375 0.14208333333333334 0.055 0.07583333333333334
0 0.3365625 0.10625 0.048125 0.06416666666666666
0 0.2221875 0.9579166666666666 0.046875 0.06416666666666666
0 0.1575 0.5804166666666667 0.04875 0.0675
0 0.2496875 0.3925 0.049375 0.055