0 0.4303125 0.3075 0.059375 0.085
0 0.2665625 0.09166666666666666 0.060625 0.09333333333333334
0 0.3171875 0.925 0.061875 0.08333333333333333
0 0.8025 0.4241666666666667 0.06375 0.08833333333333333
0 0.245625 0.5720833333333334 0.07125 0.0825
0 0.5384375 0.19416666666666665 0.060625 0.10666666666666667
0 0.125625 0.9191666666666667 0.0575 0.09333333333333334
0 0.245625 0.37375 0.0675 0.0875
0 0.49 0.36 0.05875 0.09166666666666666
0 0.875 0.08583333333333333 0.0625 0.085
0 0.14875 0.6608333333333334 0.05875 0.08666666666666667
0 0.4875 0.8033333333333333 0.06125 0.07833333333333334
0 0.1178125 0.34875 0.066875 0.07583333333333334
0 0.6390625 0.5525 0.065625 0.095
0 0.9459375 0.6275 0.060625 0.085
0 0.5309375 0.5870833333333333 0.059375 0.07916666666666666
0 0.8234375 0.7470833333333333 0.070625 0.06916666666666667
0 0.3721875 0.24916666666666668 0.059375 0.075
0 0.46125 0.7116666666666667 0.0575 0.08166666666666667
0 0.6640625 0.7054166666666667 0.060625 0.0675
0 0.535625 0.735 0.05625 0.08
0 0.9028125 0.4716666666666667 0.063125 0.07833333333333334
0 0.781875 0.8316666666666667 0.0625 0.07833333333333334
0 0.2546875 0.45958333333333334 0.064375 0.07083333333333333
0 0.3840625 0.7125 0.070625 0.095
0 0.8465625 0.8170833333333334 0.049375 0.0975
0 0.5571875 0.2725 0.065625 0.10166666666666667
0 0.6390625 0.8320833333333333 0.058125 0.0875
0 0.704375 0.82 0.06 0.08166666666666667
0 0.854375 0.26125 0.0625 0.10916666666666666
0 0.761875 0.51 0.06625 0.10333333333333333
0 0.6790625 0.6016666666666667 0.059375 0.09
0 0.4853125 0.5116666666666667 0.059375 0.085
0 0.0434375 0.7208333333333333 0.060625 0.085
0 0.26125 0.20458333333333334 0.06625 0.0775
0 0.17 0.145 0.0625 0.075
0 0.7278125 0.8645833333333334 0.060625 0.0725
0 0.871875 0.6733333333333333 0.07125 0.105
0 0.906875 0.8470833333333333 0.05875 0.08583333333333333
0 0.206875 0.8383333333333334 0.05875 0.085
0 0.4834375 0.23125 0.058125 0.07416666666666667
0 0.5634375 0.6779166666666666 0.068125 0.09083333333333334
0 0.1665625 0.4270833333333333 0.065625 0.07083333333333333
0 0.303125 0.565 0.065 0.08333333333333333
0 0.3209375 0.4475 0.044375 0.095
0 0.825625 0.16291666666666665 0.06625 0.08583333333333333
0 0.6121875 0.6770833333333334 0.064375 0.09416666666666666
0 0.3190625 0.14875 0.070625 0.06916666666666667
0 0.348125 0.34291666666666665 0.09 0.11583333333333333
0 0.3746875 0.105 0.066875 0.085
0 0.0975 0.19 0.0725 0.08333333333333333
0 0.5821875 0.08958333333333333 0.066875 0.0825
0 0.5490625 0.07708333333333334 0.075625 0.0875
0 0.7709375 0.2866666666666667 0.066875 0.085
0 0.10375 0.56875 0.0625 0.0825
0 0.185625 0.6183333333333333 0.0625 0.08833333333333333
0 0.2703125 0.25875 0.058125 0.0725
0 0.4234375 0.6091666666666666 0.061875 0.07666666666666666
0 0.3371875 0.05583333333333333 0.065625 0.09
0 0.040625 0.18916666666666668 0.05625 0.08166666666666667
0 0.3884375 0.9254166666666667 0.068125 0.0975
0 0.79625 0.8720833333333333 0.05875 0.07583333333333334
0 0.539375 0.9508333333333333 0.05375 0.07833333333333334
0 0.1940625 0.05375 0.068125 0.08916666666666667
0 0.033125 0.8604166666666667 0.06625 0.10416666666666667
0 0.394375 0.8025 0.0625 0.08166666666666667
0 0.7425 0.7454166666666666 0.06875 0.08583333333333333
0 0.0678125 0.7833333333333333 0.080625 0.085
0 0.599375 0.7416666666666667 0.055 0.08166666666666667
0 0.361875 0.6066666666666667 0.0575 0.08833333333333333
0 0.049375 0.07041666666666667 0.06125 0.08416666666666667
0 0.5540625 0.3279166666666667 0.070625 0.07916666666666666
0 0.6659375 0.93 0.055625 0.09166666666666666
0 0.34375 0.705 0.05375 0.085
0 0.183125 0.3620833333333333 0.0525 0.06583333333333333
0 0.4515625 0.18875 0.074375 0.07583333333333334
0 0.155 0.5479166666666667 0.0625 0.0975
0 0.3715625 0.5441666666666667 0.063125 0.08833333333333333
0 0.84375 0.5475 0.05 0.09666666666666666
0 0.4178125 0.4170833333333333 0.050625 0.09083333333333334
0 0.2740625 0.8058333333333333 0.054375 0.08333333333333333
0 0.9146875 0.5566666666666666 0.051875 0.06666666666666667
0 0.7309375 0.09 0.053125 0.06666666666666667
0 0.93 0.19708333333333333 0.06625 0.08583333333333333
0 0.9478125 0.05541666666666667 0.055625 0.0725
0 0.1128125 0.51375 0.060625 0.07583333333333334
0 0.6909375 0.15333333333333332 0.064375 0.075
0 0.6375 0.07208333333333333 0.07125 0.0925
0 0.6828125 0.28875 0.056875 0.0775
0 0.51 0.8741666666666666 0.05625 0.07333333333333333
0 0.0540625 0.28208333333333335 0.071875 0.0825
0 0.324375 0.66125 0.07 0.07583333333333334
0 0.5471875 0.47375 0.054375 0.07083333333333333
0 0.161875 0.8429166666666666 0.06375 0.07083333333333333
0 0.091875 0.655 0.0575 0.06
0 0.28125 0.7233333333333334 0.05125 0.095
0 0.18875 0.7425 0.07125 0.075
0 0.17375 0.48875 0.06375 0.08916666666666667
0 0.4571875 0.06583333333333333 0.068125 0.085
0 0.77625 0.5629166666666666 0.0625 0.09416666666666666
0 0.800625 0.6304166666666666 0.0725 0.0875
0 0.7225 0.1675 0.055 0.08
0 0.646875 0.18958333333333333 0.07125 0.0775
0 0.095 0.24875 0.06625 0.10416666666666667
0 0.3234375 0.8429166666666666 0.053125 0.08583333333333333
0 0.2025 0.27208333333333334 0.06375 0.06916666666666667
1 0.216875 0.71875 0.07375 0.08583333333333333
0 0.088125 0.06875 0.06125 0.060833333333333336
0 0.2053125 0.15541666666666668 0.084375 0.050833333333333335
0 0.9646875 0.18 0.064375 0.07833333333333334
0 0.6215625 0.19541666666666666 0.054375 0.07416666666666667
0 0.5775 0.37333333333333335 0.06 0.08333333333333333
0 0.5284375 0.44208333333333333 0.054375 0.0725
0 0.3990625 0.4504166666666667 0.055625 0.0675
0 0.3534375 0.23458333333333334 0.061875 0.08416666666666667
0 0.2621875 0.49125 0.066875 0.0725
0 0.14375 0.5245833333333333 0.06125 0.0775
0 0.546875 0.42 0.06 0.085
0 0.4671875 0.54 0.051875 0.07
0 0.8853125 0.3858333333333333 0.064375 0.08166666666666667
0 0.75375 0.15208333333333332 0.05875 0.08416666666666667
0 0.7296875 0.059166666666666666 0.054375 0.08333333333333333
0 0.6090625 0.09791666666666667 0.055625 0.050833333333333335
0 0.428125 0.06 0.05 0.085
0 0.434375 0.09541666666666666 0.06 0.0875
0 0.2946875 0.28708333333333336 0.064375 0.08583333333333333
0 0.324375 0.31583333333333335 0.0625 0.08
0 0.104375 0.22666666666666666 0.05375 0.08333333333333333
0 0.16875 0.3475 0.05125 0.06666666666666667
0 0.069375 0.43333333333333335 0.0675 0.075
0 0.1 0.4479166666666667 0.06 0.0875
0 0.1428125 0.4266666666666667 0.063125 0.06833333333333333
0 0.09625 0.40208333333333335 0.0725 0.08416666666666667
0 0.3428125 0.5770833333333333 0.065625 0.09083333333333334
0 0.0646875 0.63875 0.055625 0.0625
0 0.03375 0.6633333333333333 0.05875 0.08
0 0.094375 0.5991666666666666 0.0625 0.09
0 0.344375 0.3466666666666667 0.0575 0.07666666666666666
0 0.3578125 0.33458333333333334 0.064375 0.0975
0 0.3315625 0.36541666666666667 0.054375 0.08416666666666667
0 0.6140625 0.37916666666666665 0.065625 0.07666666666666666
0 0.4840625 0.26208333333333333 0.045625 0.0775
0 0.3015625 0.6933333333333334 0.071875 0.08
0 0.1528125 0.7554166666666666 0.063125 0.07416666666666667
0 0.1484375 0.8054166666666667 0.043125 0.0725
0 0.29625 0.83625 0.06125 0.07916666666666666
0 0.329375 0.80625 0.04375 0.08583333333333333
0 0.405 0.8933333333333333 0.05875 0.08
0 0.550625 0.9070833333333334 0.06375 0.0875
0 0.4134375 0.7725 0.064375 0.08166666666666667
0 0.444375 0.79875 0.06875 0.07416666666666667
0 0.4028125 0.64 0.059375 0.07333333333333333
0 0.6109375 0.7933333333333333 0.055625 0.075
0 0.5040625 0.6104166666666667 0.065625 0.0625
0 0.7209375 0.7079166666666666 0.064375 0.0975
0 0.86125 0.5075 0.06 0.09
0 0.8209375 0.6091666666666666 0.053125 0.08
0 0.739375 0.6579166666666667 0.0675 0.0825
0 0.7878125 0.665 0.055625 0.095
0 0.77 0.6254166666666666 0.0625 0.07083333333333333
0 0.701875 0.29625 0.05875 0.08583333333333333
0 0.9365625 0.11416666666666667 0.055625 0.095
0 0.9528125 0.085 0.065625 0.08166666666666667
0 0.7484375 0.2725 0.064375 0.075
0 0.7590625 0.32 0.053125 0.09166666666666666
0 0.7328125 0.37666666666666665 0.056875 0.08
0 0.7275 0.40541666666666665 0.05 0.0725
0 0.705 0.3904166666666667 0.055 0.08083333333333333
0 0.6625 0.38458333333333333 0.06 0.07583333333333334
0 0.440625 0.5679166666666666 0.0675 0.0875
0 0.9634375 0.8504166666666667 0.058125 0.0925
0 0.906875 0.33416666666666667 0.05125 0.085
0 0.8975 0.3616666666666667 0.05 0.08
0 0.9465625 0.30416666666666664 0.066875 0.06666666666666667
0 0.9184375 0.9025 0.051875 0.095
0 0.8659375 0.9258333333333333 0.054375 0.07166666666666667
0 0.7465625 0.925 0.055625 0.09
0 0.9365625 0.9379166666666666 0.053125 0.08583333333333333
0 0.9478125 0.9629166666666666 0.061875 0.06583333333333333
0 0.8515625 0.95625 0.056875 0.08416666666666667
0 0.471875 0.6958333333333333 0.06125 0.08166666666666667
0 0.398125 0.5379166666666667 0.05875 0.05583333333333333
0 0.9709375 0.34 0.053125 0.075
0 0.2428125 0.285 0.045625 0.07
0 0.069375 0.8529166666666667 0.06125 0.0875
0 0.6471875 0.40291666666666665 0.056875 0.0825
0 0.4375 0.13791666666666666 0.05 0.08583333333333333
0 0.3165625 0.04541666666666667 0.066875 0.0875
0 0.7909375 0.052083333333333336 0.055625 0.07416666666666667
0 0.7778125 0.14166666666666666 0.070625 0.07
0 0.625 0.76125 0.0525 0.0625
0 0.41125 0.87125 0.0425 0.0775