0 0.6453125 0.7420833333333333 0.068125 0.09916666666666667
0 0.53625 0.28791666666666665 0.07625 0.1075
0 0.34875 0.5833333333333334 0.075 0.09666666666666666
0 0.660625 0.8566666666666667 0.06125 0.085
0 0.28 0.7270833333333333 0.07875 0.1175
0 0.8275 0.5641666666666667 0.0675 0.115
0 0.2175 0.7995833333333333 0.07 0.09583333333333334
0 0.8084375 0.06541666666666666 0.083125 0.0925
0 0.4996875 0.9008333333333334 0.056875 0.07833333333333334
0 0.3515625 0.815 0.080625 0.095
0 0.6015625 0.94125 0.063125 0.08416666666666667
0 0.215 0.8 0.05625 0.08333333333333333
0 0.441875 0.49041666666666667 0.06875 0.09583333333333334
0 0.1809375 0.2833333333333333 0.076875 0.11
0 0.785 0.7429166666666667 0.07375 0.10416666666666667
0 0.759375 0.8295833333333333 0.0725 0.09583333333333334
0 0.5415625 0.6054166666666667 0.063125 0.09416666666666666
0 0.536875 0.6904166666666667 0.06125 0.0825
0 0.33 0.050416666666666665 0.06875 0.09416666666666666
0 0.2384375 0.05291666666666667 0.073125 0.0925
0 0.591875 0.22625 0.075 0.0975
0 0.7728125 0.37833333333333335 0.080625 0.105
0 0.344375 0.47375 0.07375 0.08916666666666667
0 0.56 0.89 0.07 0.105
0 0.406875 0.09333333333333334 0.06875 0.08
0 0.7428125 0.7745833333333333 0.061875 0.08916666666666667
0 0.401875 0.41291666666666665 0.075 0.1075
0 0.6071875 0.49666666666666665 0.071875 0.095
0 0.2334375 0.8983333333333333 0.088125 0.10333333333333333
0 0.1921875 0.12583333333333332 0.074375 0.10833333333333334
0 0.5878125 0.575 0.051875 0.09333333333333334
0 0.530625 0.4175 0.06125 0.09
0 0.504375 0.13208333333333333 0.06875 0.0975
0 0.320625 0.9458333333333333 0.07 0.1
0 0.2496875 0.5095833333333334 0.071875 0.1025
0 0.4684375 0.1775 0.076875 0.1
0 0.626875 0.3491666666666667 0.0675 0.08833333333333333
0 0.4753125 0.77625 0.071875 0.09083333333333334
0 0.47125 0.7079166666666666 0.0775 0.09583333333333334
0 0.7353125 0.4675 0.074375 0.09
0 0.665625 0.18875 0.06875 0.0925
0 0.1565625 0.78375 0.059375 0.07083333333333333
1 0.603125 0.09 0.12625 0.09833333333333333
1 0.7165625 0.15625 0.055625 0.1475
1 0.6996875 0.5508333333333333 0.089375 0.11
1 0.7115625 0.39625 0.099375 0.12083333333333333
0 0.6753125 0.37375 0.060625 0.07916666666666666
0 0.6465625 0.47625 0.068125 0.08916666666666667
1 0.2640625 0.8825 0.099375 0.085
0 0.608125 0.17208333333333334 0.065 0.0925
0 0.655 0.1225 0.065 0.06833333333333333
0 0.699375 0.08166666666666667 0.0525 0.07666666666666666
0 0.528125 0.45208333333333334 0.0575 0.08583333333333333
1 0.39625 0.17041666666666666 0.10375 0.16416666666666666