0 0.8328125 0.17458333333333334 0.113125 0.15083333333333335
0 0.588125 0.3641666666666667 0.11 0.14666666666666667
0 0.761875 0.4554166666666667 0.11875 0.1575
0 0.525 0.31666666666666665 0.10375 0.13833333333333334
0 0.7709375 0.5445833333333333 0.104375 0.13916666666666666
0 0.19375 0.8375 0.10875 0.145
0 0.76375 0.37416666666666665 0.11125 0.14833333333333334
0 0.35375 0.16333333333333333 0.115 0.15333333333333332
0 0.6146875 0.475 0.111875 0.14833333333333334
0 0.824375 0.08666666666666667 0.11125 0.14833333333333334
0 0.218125 0.3525 0.1025 0.13666666666666666
0 0.7040625 0.25125 0.099375 0.1325
0 0.2796875 0.17708333333333334 0.114375 0.1525
0 0.72125 0.13083333333333333 0.11 0.14666666666666667
0 0.7459375 0.30625 0.114375 0.1525
0 0.6709375 0.08875 0.104375 0.13916666666666666
0 0.654375 0.18916666666666668 0.1125 0.15
0 0.553125 0.185 0.1025 0.13666666666666666