0 0.200625 0.5729166666666666 0.0575 0.08083333333333333
0 0.49125 0.0575 0.07125 0.09333333333333334
0 0.1221875 0.7333333333333333 0.066875 0.09
0 0.5765625 0.87625 0.073125 0.10583333333333333
0 0.8884375 0.7295833333333334 0.073125 0.10583333333333333
0 0.3865625 0.49541666666666667 0.074375 0.10083333333333333
0 0.940625 0.3745833333333333 0.075 0.1075
0 0.7828125 0.53375 0.071875 0.09083333333333334
0 0.43375 0.885 0.07 0.09166666666666666
0 0.858125 0.40625 0.07125 0.11416666666666667
0 0.3590625 0.9220833333333334 0.064375 0.0775
0 0.4984375 0.46041666666666664 0.066875 0.0975
0 0.9 0.5125 0.07125 0.095
0 0.541875 0.37416666666666665 0.06125 0.08833333333333333
0 0.180625 0.18791666666666668 0.07125 0.09416666666666666
0 0.555625 0.12291666666666666 0.06375 0.0875
0 0.7253125 0.6329166666666667 0.076875 0.08916666666666667
0 0.35375 0.73 0.07125 0.08833333333333333
0 0.2934375 0.5895833333333333 0.064375 0.1025
0 0.3184375 0.8354166666666667 0.059375 0.08583333333333333
0 0.2490625 0.14083333333333334 0.060625 0.08333333333333333
0 0.8121875 0.63875 0.074375 0.09916666666666667
0 0.921875 0.8566666666666667 0.07 0.1
0 0.7065625 0.5479166666666667 0.063125 0.08083333333333333
0 0.7103125 0.42 0.056875 0.08333333333333333
0 0.213125 0.29 0.06375 0.08833333333333333
0 0.1359375 0.6266666666666667 0.070625 0.09833333333333333
0 0.06 0.61375 0.06 0.07916666666666666
0 0.715625 0.9425 0.07375 0.09666666666666666
0 0.7790625 0.4375 0.066875 0.08333333333333333
0 0.3709375 0.6245833333333334 0.071875 0.09583333333333334
0 0.620625 0.21833333333333332 0.075 0.09
0 0.2421875 0.8575 0.064375 0.08666666666666667
0 0.8240625 0.06625 0.074375 0.09416666666666666
0 0.640625 0.125 0.07375 0.08666666666666667
0 0.0996875 0.31416666666666665 0.063125 0.08166666666666667
0 0.691875 0.7829166666666667 0.06625 0.08583333333333333
0 0.788125 0.86625 0.07375 0.07583333333333334
0 0.0909375 0.07208333333333333 0.076875 0.1075
0 0.3021875 0.32625 0.069375 0.09416666666666666
0 0.49625 0.6941666666666667 0.07375 0.09666666666666666
0 0.221875 0.9454166666666667 0.07875 0.08416666666666667
0 0.29375 0.2675 0.075 0.10333333333333333
0 0.3821875 0.825 0.066875 0.09333333333333334
0 0.9684375 0.77625 0.061875 0.08916666666666667
0 0.9259375 0.17291666666666666 0.079375 0.11583333333333333
0 0.650625 0.31333333333333335 0.07875 0.10166666666666667
0 0.5975 0.0425 0.0725 0.085
0 0.8565625 0.9495833333333333 0.070625 0.0925
0 0.9590625 0.19625 0.078125 0.09916666666666667