0 0.534375 0.09625 0.10125 0.13583333333333333
0 0.229375 0.3566666666666667 0.10125 0.135
0 0.4565625 0.12375 0.101875 0.13583333333333333
0 0.661875 0.6941666666666667 0.10375 0.13833333333333334
0 0.116875 0.5108333333333334 0.10875 0.145
0 0.6171875 0.11291666666666667 0.104375 0.13916666666666666
0 0.6625 0.47791666666666666 0.11625 0.15583333333333332
0 0.528125 0.32208333333333333 0.1075 0.1425
0 0.115 0.7533333333333333 0.1 0.13333333333333333
0 0.7284375 0.125 0.101875 0.135
0 0.3271875 0.4170833333333333 0.106875 0.1425
0 0.401875 0.30333333333333334 0.1075 0.14333333333333334
0 0.13 0.3858333333333333 0.09625 0.12833333333333333
0 0.8640625 0.45208333333333334 0.090625 0.12083333333333333
0 0.5834375 0.8020833333333334 0.108125 0.14416666666666667
0 0.458125 0.39416666666666667 0.08375 0.11166666666666666
0 0.5740625 0.5583333333333333 0.096875 0.12833333333333333
0 0.3975 0.47583333333333333 0.11125 0.14833333333333334
0 0.348125 0.21666666666666667 0.09 0.12
0 0.240625 0.8425 0.115 0.15333333333333332
0 0.748125 0.3491666666666667 0.11 0.14666666666666667
0 0.4125 0.5816666666666667 0.09625 0.12833333333333333
0 0.6221875 0.23875 0.090625 0.12083333333333333
0 0.4925 0.62 0.10375 0.13833333333333334
0 0.2825 0.6575 0.10625 0.14166666666666666
0 0.491875 0.56375 0.10375 0.13916666666666666
0 0.15375 0.8508333333333333 0.10375 0.13833333333333334
0 0.6678125 0.18541666666666667 0.090625 0.12083333333333333
0 0.6875 0.8520833333333333 0.1025 0.13583333333333333
0 0.7034375 0.5858333333333333 0.116875 0.155
0 0.305 0.8408333333333333 0.095 0.12666666666666668
0 0.1015625 0.8458333333333333 0.099375 0.13166666666666665
1 0.5625 0.425 0.11625 0.155