0 0.8346875 0.24416666666666667 0.093125 0.12333333333333334
0 0.656875 0.8070833333333334 0.1025 0.13583333333333333
0 0.113125 0.7233333333333334 0.085 0.11333333333333333
0 0.6834375 0.2920833333333333 0.095625 0.1275
0 0.27875 0.6383333333333333 0.09875 0.13166666666666665
0 0.488125 0.7991666666666667 0.10125 0.135
0 0.664375 0.44 0.09625 0.12833333333333333
0 0.6053125 0.28875 0.108125 0.14416666666666667
0 0.7271875 0.67625 0.101875 0.13583333333333333
0 0.5453125 0.4170833333333333 0.088125 0.1175
0 0.766875 0.45375 0.0975 0.12916666666666668
0 0.295625 0.7983333333333333 0.0975 0.13
0 0.8553125 0.5229166666666667 0.104375 0.13916666666666666
0 0.4628125 0.17541666666666667 0.095625 0.1275
0 0.059375 0.69625 0.10375 0.13916666666666666
0 0.1996875 0.2679166666666667 0.083125 0.11083333333333334
0 0.1465625 0.605 0.088125 0.11666666666666667
0 0.3603125 0.21166666666666667 0.089375 0.11833333333333333
0 0.3190625 0.14708333333333334 0.091875 0.1225
0 0.3840625 0.13791666666666666 0.108125 0.14416666666666667
0 0.6375 0.9204166666666667 0.09375 0.12583333333333332
0 0.5384375 0.82375 0.099375 0.1325
0 0.7353125 0.24541666666666667 0.095625 0.1275
0 0.11125 0.54125 0.09875 0.13083333333333333
0 0.1153125 0.8429166666666666 0.099375 0.1325
0 0.4753125 0.0725 0.101875 0.135
0 0.1709375 0.9254166666666667 0.110625 0.1475