0 0.58 0.1575 0.0675 0.105
0 0.1109375 0.7208333333333333 0.056875 0.07666666666666666
0 0.374375 0.3095833333333333 0.06875 0.0775
0 0.3490625 0.12375 0.075625 0.0925
0 0.5690625 0.6991666666666667 0.069375 0.095
0 0.7875 0.8170833333333334 0.07375 0.1075
0 0.320625 0.6975 0.06625 0.08333333333333333
0 0.19 0.25833333333333336 0.075 0.09166666666666666
0 0.71875 0.8204166666666667 0.06375 0.08583333333333333
0 0.22875 0.19083333333333333 0.065 0.07166666666666667
0 0.3015625 0.4320833333333333 0.060625 0.07916666666666666
0 0.705625 0.23833333333333334 0.07375 0.08666666666666667
0 0.59875 0.25333333333333335 0.07 0.09833333333333333
0 0.941875 0.5525 0.07 0.09166666666666666
0 0.15875 0.6075 0.05625 0.075
0 0.4378125 0.7129166666666666 0.058125 0.0775
0 0.8975 0.08125 0.065 0.08083333333333333
0 0.775625 0.66 0.0725 0.09166666666666666
0 0.05 0.7945833333333333 0.06 0.08083333333333333
0 0.5175 0.21083333333333334 0.0625 0.07
0 0.2465625 0.92875 0.071875 0.08416666666666667
0 0.330625 0.775 0.06375 0.07833333333333334
0 0.305 0.8520833333333333 0.06625 0.07583333333333334
0 0.2490625 0.5320833333333334 0.053125 0.07416666666666667
0 0.68125 0.5733333333333334 0.07625 0.09
0 0.5778125 0.58 0.065625 0.08666666666666667
0 0.8134375 0.12958333333333333 0.068125 0.07583333333333334
0 0.9159375 0.85125 0.058125 0.10416666666666667
0 0.9490625 0.32916666666666666 0.066875 0.10333333333333333
0 0.554375 0.9204166666666667 0.06375 0.07083333333333333
0 0.049375 0.4091666666666667 0.055 0.08833333333333333
0 0.7696875 0.26458333333333334 0.063125 0.09416666666666666
0 0.6790625 0.4925 0.071875 0.09166666666666666
0 0.871875 0.225 0.05625 0.08333333333333333
0 0.874375 0.8154166666666667 0.06375 0.07916666666666666
0 0.6265625 0.09875 0.050625 0.08416666666666667
0 0.15 0.37416666666666665 0.05875 0.07666666666666666
0 0.5121875 0.63 0.059375 0.07
0 0.0503125 0.08625 0.056875 0.07583333333333334
0 0.179375 0.9275 0.07375 0.08
0 0.9646875 0.11958333333333333 0.069375 0.09083333333333334
0 0.144375 0.4633333333333333 0.05625 0.065
0 0.6425 0.955 0.065 0.07666666666666666
0 0.269375 0.7808333333333334 0.06625 0.075
0 0.6925 0.16833333333333333 0.05375 0.06833333333333333
0 0.4396875 0.5816666666666667 0.061875 0.07666666666666666
0 0.6609375 0.8845833333333334 0.063125 0.07583333333333334
0 0.8278125 0.30083333333333334 0.061875 0.07833333333333334
0 0.283125 0.46958333333333335 0.06875 0.08916666666666667
0 0.0940625 0.5679166666666666 0.053125 0.0825
0 0.5084375 0.6020833333333333 0.063125 0.08916666666666667
0 0.2390625 0.43833333333333335 0.056875 0.07333333333333333
0 0.328125 0.04625 0.0625 0.07916666666666666
0 0.73375 0.5320833333333334 0.05375 0.06416666666666666
0 0.7546875 0.13333333333333333 0.046875 0.07
0 0.67375 0.4025 0.05 0.07333333333333333
0 0.9725 0.25875 0.045 0.0675
0 0.4359375 0.19041666666666668 0.053125 0.0675
0 0.065 0.66125 0.065 0.07583333333333334
0 0.4096875 0.9608333333333333 0.061875 0.075
0 0.6725 0.06708333333333333 0.07125 0.06583333333333333
0 0.085625 0.14125 0.0525 0.0775
0 0.9253125 0.7095833333333333 0.063125 0.08083333333333333
0 0.84125 0.18041666666666667 0.07 0.08416666666666667
0 0.3475 0.5433333333333333 0.07125 0.06833333333333333
0 0.5228125 0.775 0.064375 0.085
0 0.6475 0.45458333333333334 0.06625 0.07583333333333334
0 0.496875 0.27875 0.0575 0.07416666666666667
0 0.754375 0.0875 0.06125 0.06833333333333333
0 0.5975 0.3825 0.07625 0.075
0 0.3559375 0.9133333333333333 0.059375 0.07666666666666666
0 0.82625 0.445 0.07125 0.07833333333333334
0 0.638125 0.33791666666666664 0.05375 0.0775
0 0.5084375 0.8283333333333334 0.058125 0.065
0 0.8240625 0.049166666666666664 0.061875 0.09166666666666666
0 0.855 0.84625 0.06375 0.08083333333333333
0 0.55375 0.8483333333333334 0.06125 0.06
0 0.31375 0.62 0.05625 0.07
0 0.393125 0.7908333333333334 0.0575 0.08666666666666667
1 0.7421875 0.35291666666666666 0.085625 0.11916666666666667
0 0.428125 0.9395833333333333 0.055 0.08083333333333333
0 0.1915625 0.5329166666666667 0.051875 0.0775
0 0.5621875 0.3204166666666667 0.061875 0.07083333333333333
0 0.735625 0.44416666666666665 0.05 0.065
0 0.3296875 0.25166666666666665 0.058125 0.07333333333333333
0 0.5728125 0.47125 0.048125 0.06916666666666667
0 0.774375 0.5808333333333333 0.075 0.06833333333333333
0 0.6984375 0.7266666666666667 0.058125 0.08833333333333333
0 0.3903125 0.42583333333333334 0.044375 0.06666666666666667
0 0.415 0.25625 0.05375 0.07083333333333333
0 0.3278125 0.19 0.059375 0.06166666666666667
0 0.1046875 0.425 0.048125 0.06833333333333333
0 0.534375 0.5233333333333333 0.05 0.08666666666666667
0 0.384375 0.8854166666666666 0.05375 0.0825
0 0.6996875 0.6445833333333333 0.046875 0.0625
0 0.608125 0.5116666666666667 0.05 0.06666666666666667
0 0.83875 0.06333333333333334 0.05375 0.06666666666666667
0 0.6453125 0.265 0.045625 0.065
0 0.456875 0.6129166666666667 0.05125 0.060833333333333336