0 0.691875 0.80375 0.075 0.0975
0 0.3628125 0.8520833333333333 0.074375 0.07583333333333334
0 0.100625 0.5891666666666666 0.07 0.09333333333333334
0 0.8434375 0.8745833333333334 0.080625 0.0825
0 0.459375 0.6620833333333334 0.0725 0.0975
0 0.7878125 0.7458333333333333 0.066875 0.09
0 0.4203125 0.385 0.065625 0.08
0 0.44875 0.8516666666666667 0.08 0.09333333333333334
0 0.559375 0.8820833333333333 0.08 0.0925
0 0.1284375 0.06625 0.081875 0.0975
0 0.5175 0.7679166666666667 0.0675 0.0975
0 0.6690625 0.3525 0.075625 0.08333333333333333
0 0.19625 0.49875 0.0775 0.08916666666666667
0 0.786875 0.195 0.07125 0.09666666666666666
0 0.808125 0.66 0.0675 0.07833333333333334
0 0.7278125 0.7041666666666667 0.069375 0.09
0 0.890625 0.6475 0.075 0.08833333333333333
0 0.1321875 0.4454166666666667 0.068125 0.1175
0 0.221875 0.7779166666666667 0.07875 0.10416666666666667
0 0.96 0.21625 0.0625 0.0975
0 0.95625 0.060833333333333336 0.07 0.095
0 0.0603125 0.09875 0.083125 0.1025
0 0.224375 0.23833333333333334 0.08875 0.08666666666666667
0 0.301875 0.7725 0.07125 0.08
0 0.1409375 0.30791666666666667 0.080625 0.09916666666666667
0 0.4075 0.49166666666666664 0.07875 0.10333333333333333
0 0.909375 0.19166666666666668 0.07 0.10333333333333333
0 0.96125 0.8666666666666667 0.06875 0.08666666666666667
0 0.3078125 0.68375 0.073125 0.0925
0 0.4625 0.47208333333333335 0.0775 0.09083333333333334
0 0.496875 0.5508333333333333 0.10375 0.07333333333333333
0 0.424375 0.7770833333333333 0.07625 0.09416666666666666
0 0.214375 0.5945833333333334 0.07125 0.0925
0 0.760625 0.47 0.0675 0.135
0 0.2365625 0.6695833333333333 0.084375 0.0875