0 0.17026748971193414 0.5195227765726681 0.05246913580246913 0.07592190889370933
0 0.08436213991769548 0.41612436731742586 0.06790123456790123 0.09038322487346348
0 0.07021604938271606 0.7180043383947939 0.05298353909465021 0.07519884309472162
0 0.13040123456790123 0.25488069414316705 0.07047325102880658 0.09761388286334056
0 0.07690329218106996 0.1005061460592914 0.06944444444444445 0.07953723788864786
0 0.11625514403292181 0.8420101229211858 0.04938271604938271 0.07881417208966016
0 0.7669753086419753 0.9468546637744034 0.07818930041152264 0.08604483007953724
0 0.5753600823045267 0.8969631236442517 0.07047325102880658 0.0918293564714389
0 0.2821502057613169 0.3051337671728127 0.051954732510288065 0.0636297903109183
0 0.1337448559670782 0.43998553868402024 0.051440329218107 0.06579898770788142
0 0.15252057613168724 0.6854663774403471 0.05606995884773663 0.0737527114967462
0 0.2821502057613169 0.19125090383224874 0.055041152263374485 0.06146059291395517
0 0.5558127572016461 0.8308026030368764 0.06944444444444445 0.07664497469269703