0 0.1834375 0.5233333333333333 0.084375 0.11333333333333333
0 0.7503125 0.3 0.089375 0.11833333333333333
0 0.4984375 0.19458333333333333 0.090625 0.12083333333333333
0 0.856875 0.585 0.0975 0.13
0 0.6275 0.25333333333333335 0.09125 0.12166666666666667
0 0.84 0.47 0.08125 0.10833333333333334
0 0.2534375 0.68625 0.098125 0.13083333333333333
0 0.6228125 0.9129166666666667 0.096875 0.12916666666666668
0 0.20875 0.6033333333333334 0.09 0.12
0 0.6928125 0.26958333333333334 0.091875 0.1225
0 0.859375 0.8375 0.09125 0.12166666666666667
0 0.4146875 0.455 0.089375 0.11833333333333333
0 0.7271875 0.48125 0.095625 0.1275
0 0.355 0.15208333333333332 0.10375 0.1375
0 0.67125 0.3825 0.08 0.10666666666666667
0 0.3621875 0.38375 0.104375 0.13916666666666666
0 0.5940625 0.10875 0.096875 0.12916666666666668
0 0.798125 0.8120833333333334 0.085 0.1125
0 0.723125 0.7983333333333333 0.085 0.11333333333333333
0 0.899375 0.4166666666666667 0.08875 0.11833333333333333
0 0.2271875 0.42833333333333334 0.080625 0.10666666666666667
0 0.08125 0.3279166666666667 0.0925 0.1225
0 0.435 0.88875 0.0825 0.10916666666666666
0 0.173125 0.20875 0.09125 0.12083333333333333
0 0.325625 0.5041666666666667 0.08 0.10666666666666667
0 0.3228125 0.44416666666666665 0.083125 0.11166666666666666
0 0.776875 0.4866666666666667 0.095 0.12666666666666668
0 0.68375 0.4579166666666667 0.09125 0.12083333333333333
0 0.598125 0.7604166666666666 0.09625 0.12916666666666668
0 0.6875 0.60875 0.0775 0.10416666666666667
0 0.1840625 0.3595833333333333 0.094375 0.12583333333333332
0 0.280625 0.42125 0.0925 0.12416666666666666
0 0.560625 0.2875 0.10625 0.14166666666666666
0 0.3215625 0.6320833333333333 0.089375 0.11916666666666667
0 0.3009375 0.21625 0.083125 0.11083333333333334
0 0.438125 0.1825 0.09375 0.125
0 0.5315625 0.7158333333333333 0.096875 0.13
0 0.559375 0.7183333333333334 0.09375 0.125
0 0.52875 0.805 0.07875 0.105
0 0.43375 0.6370833333333333 0.09625 0.12916666666666668
0 0.3140625 0.7575 0.106875 0.14166666666666666
0 0.3684375 0.5445833333333333 0.084375 0.1125
0 0.165 0.08875 0.08375 0.11083333333333334
0 0.2428125 0.5079166666666667 0.099375 0.1325
0 0.828125 0.30666666666666664 0.1025 0.13666666666666666
0 0.154375 0.6458333333333334 0.0775 0.10333333333333333
0 0.4965625 0.46041666666666664 0.099375 0.1325
0 0.419375 0.5754166666666667 0.08 0.1075
1 0.4134375 0.7558333333333334 0.109375 0.145
0 0.666875 0.8558333333333333 0.09625 0.12833333333333333
0 0.1990625 0.135 0.098125 0.13
0 0.5590625 0.5795833333333333 0.075625 0.10083333333333333
0 0.529375 0.8841666666666667 0.09125 0.12166666666666667
0 0.8578125 0.7183333333333334 0.081875 0.11
0 0.2403125 0.15541666666666668 0.071875 0.09583333333333334
0 0.4746875 0.66 0.094375 0.12666666666666668
0 0.34 0.7054166666666667 0.08125 0.10916666666666666
0 0.9028125 0.7604166666666666 0.094375 0.12583333333333332
0 0.6396875 0.6908333333333333 0.098125 0.13166666666666665
1 0.788125 0.5875 0.12875 0.17166666666666666
0 0.3875 0.875 0.08 0.10666666666666667
0 0.4178125 0.10875 0.079375 0.10583333333333333
0 0.8325 0.6716666666666666 0.105 0.14
0 0.3409375 0.6333333333333333 0.091875 0.12333333333333334
0 0.561875 0.9375 0.0925 0.12333333333333334
0 0.4875 0.685 0.0825 0.11
0 0.2078125 0.33375 0.085625 0.11416666666666667
0 0.14 0.2629166666666667 0.095 0.1275
0 0.5284375 0.93375 0.095625 0.1275
0 0.4709375 0.80125 0.085625 0.11416666666666667
1 0.5209375 0.2916666666666667 0.140625 0.18833333333333332
1 0.4753125 0.4866666666666667 0.121875 0.16333333333333333
0 0.5240625 0.54375 0.100625 0.13416666666666666
0 0.6546875 0.80375 0.088125 0.1175
0 0.439375 0.5308333333333334 0.07125 0.095