0 0.5059375 0.57625 0.076875 0.0625
0 0.1575 0.23666666666666666 0.08625 0.09
0 0.3584375 0.7491666666666666 0.065625 0.09166666666666666
0 0.71 0.09875 0.06875 0.10916666666666666
0 0.769375 0.46708333333333335 0.06625 0.11916666666666667
0 0.6865625 0.45625 0.088125 0.0775
0 0.1575 0.32916666666666666 0.06625 0.115
0 0.9503125 0.23583333333333334 0.075625 0.09666666666666666
0 0.0890625 0.5029166666666667 0.068125 0.11916666666666667
0 0.5646875 0.15416666666666667 0.068125 0.11333333333333333
0 0.6340625 0.3570833333333333 0.061875 0.1175
0 0.3240625 0.635 0.063125 0.11166666666666666
0 0.3025 0.4875 0.07375 0.09333333333333334
0 0.61375 0.22916666666666666 0.06125 0.10833333333333334
0 0.0375 0.28125 0.06375 0.1375
0 0.88625 0.39375 0.0875 0.08416666666666667
0 0.8509375 0.4766666666666667 0.086875 0.09833333333333333
0 0.1709375 0.6616666666666666 0.066875 0.13833333333333334
0 0.9540625 0.37958333333333333 0.089375 0.10083333333333333
0 0.2628125 0.5820833333333333 0.059375 0.14583333333333334
0 0.67625 0.5766666666666667 0.06375 0.12166666666666667
0 0.2278125 0.67625 0.059375 0.1075
0 0.553125 0.37833333333333335 0.0625 0.12333333333333334
0 0.3559375 0.5016666666666667 0.076875 0.11166666666666666
0 0.39625 0.3145833333333333 0.0525 0.1275
0 0.4665625 0.7120833333333333 0.065625 0.1525
0 0.3240625 0.5566666666666666 0.074375 0.07
0 0.228125 0.885 0.11375 0.08666666666666667
0 0.6359375 0.17166666666666666 0.068125 0.12333333333333334
0 0.810625 0.6229166666666667 0.09375 0.09416666666666666
0 0.504375 0.6825 0.05375 0.17
0 0.8546875 0.8508333333333333 0.059375 0.11166666666666666
0 0.6721875 0.8133333333333334 0.063125 0.12166666666666667
0 0.951875 0.9566666666666667 0.075 0.085
0 0.1028125 0.6925 0.081875 0.10166666666666667
0 0.2809375 0.3070833333333333 0.056875 0.14083333333333334
0 0.7075 0.7879166666666667 0.05 0.12583333333333332