0 0.1590625 0.45375 0.090625 0.12083333333333333
0 0.2940625 0.25375 0.098125 0.13083333333333333
0 0.2184375 0.7195833333333334 0.083125 0.11083333333333334
0 0.6415625 0.9270833333333334 0.090625 0.12083333333333333
0 0.78625 0.37416666666666665 0.08375 0.11166666666666666
0 0.1634375 0.33541666666666664 0.096875 0.12916666666666668
0 0.231875 0.11541666666666667 0.09625 0.1275
0 0.2484375 0.6054166666666667 0.088125 0.1175
0 0.67375 0.61125 0.0875 0.11583333333333333
0 0.6084375 0.43875 0.085625 0.11416666666666667
0 0.2621875 0.7795833333333333 0.094375 0.12583333333333332
0 0.320625 0.805 0.0925 0.12333333333333334
0 0.621875 0.6733333333333333 0.1 0.13333333333333333
0 0.47875 0.19833333333333333 0.09125 0.12166666666666667
0 0.70125 0.25916666666666666 0.08125 0.10833333333333334
0 0.914375 0.7754166666666666 0.0925 0.12416666666666666
0 0.18375 0.645 0.09125 0.12166666666666667
0 0.361875 0.15541666666666668 0.0975 0.13083333333333333
0 0.169375 0.5533333333333333 0.09375 0.125
0 0.1515625 0.19791666666666666 0.086875 0.11583333333333333
0 0.7390625 0.44208333333333333 0.085625 0.11416666666666667
0 0.1078125 0.39958333333333335 0.088125 0.1175
0 0.836875 0.7945833333333333 0.09375 0.12583333333333332
0 0.479375 0.8775 0.0925 0.12333333333333334
0 0.5084375 0.7295833333333334 0.098125 0.13083333333333333
0 0.54 0.4191666666666667 0.08875 0.11833333333333333
0 0.104375 0.4979166666666667 0.0925 0.12416666666666666
0 0.59875 0.8629166666666667 0.0975 0.12916666666666668
0 0.5346875 0.6670833333333334 0.084375 0.1125
0 0.1153125 0.2704166666666667 0.084375 0.1125
0 0.3890625 0.5229166666666667 0.094375 0.12583333333333332
0 0.236875 0.2916666666666667 0.0925 0.12333333333333334
0 0.6009375 0.11458333333333333 0.091875 0.1225
0 0.654375 0.8204166666666667 0.09625 0.1275
0 0.198125 0.18458333333333332 0.0925 0.12416666666666666
0 0.07625 0.185 0.1 0.13333333333333333
0 0.245 0.37916666666666665 0.09625 0.12833333333333333
0 0.6228125 0.5529166666666666 0.084375 0.1125
0 0.3265625 0.49875 0.098125 0.13083333333333333
0 0.5390625 0.59125 0.089375 0.11916666666666667
0 0.6590625 0.20083333333333334 0.091875 0.12166666666666667
0 0.369375 0.5933333333333334 0.09125 0.12166666666666667
0 0.611875 0.75375 0.09125 0.12083333333333333
0 0.0475 0.355 0.085 0.11333333333333333
0 0.8478125 0.36083333333333334 0.083125 0.11
0 0.74625 0.5441666666666667 0.08375 0.11166666666666666
0 0.5565625 0.25375 0.084375 0.1125
0 0.7553125 0.3045833333333333 0.086875 0.11583333333333333
0 0.360625 0.9108333333333334 0.0825 0.11
0 0.34125 0.3475 0.10375 0.13833333333333334
0 0.464375 0.28375 0.095 0.12583333333333332
0 0.8796875 0.5475 0.089375 0.11833333333333333
0 0.489375 0.47875 0.1 0.13416666666666666
0 0.3075 0.18166666666666667 0.09 0.12
0 0.4184375 0.895 0.095625 0.12833333333333333
0 0.0728125 0.5670833333333334 0.096875 0.12916666666666668
0 0.0803125 0.32 0.104375 0.13833333333333334
0 0.34625 0.6616666666666666 0.0775 0.10333333333333333
0 0.271875 0.15333333333333332 0.08875 0.11833333333333333
0 0.7 0.7145833333333333 0.0925 0.1225