0 0.3821875 0.18125 0.090625 0.12083333333333333
0 0.055625 0.4008333333333333 0.10125 0.135
0 0.09625 0.20333333333333334 0.10125 0.135
0 0.1671875 0.3516666666666667 0.089375 0.12
0 0.4840625 0.8454166666666667 0.098125 0.13083333333333333
0 0.645 0.16791666666666666 0.0875 0.11583333333333333
0 0.61875 0.29791666666666666 0.10125 0.13416666666666666
0 0.5309375 0.31875 0.093125 0.12416666666666666
0 0.56625 0.69125 0.085 0.1125
0 0.70875 0.7841666666666667 0.08125 0.10833333333333334
0 0.2525 0.38083333333333336 0.09875 0.13166666666666665
0 0.4146875 0.08458333333333333 0.094375 0.12583333333333332
0 0.396875 0.4429166666666667 0.10375 0.13916666666666666
0 0.7175 0.9258333333333333 0.095 0.12666666666666668
0 0.37 0.7266666666666667 0.09125 0.12166666666666667
0 0.2140625 0.15875 0.086875 0.11583333333333333
0 0.315625 0.8575 0.08875 0.11833333333333333
0 0.9165625 0.44708333333333333 0.101875 0.13583333333333333
0 0.79375 0.66625 0.095 0.1275
0 0.4559375 0.60625 0.096875 0.12916666666666668
0 0.7534375 0.2679166666666667 0.090625 0.12083333333333333
0 0.31375 0.48333333333333334 0.095 0.12666666666666668
0 0.5928125 0.4025 0.089375 0.11833333333333333
0 0.10875 0.4975 0.09125 0.12166666666666667
0 0.764375 0.3675 0.0875 0.11666666666666667
0 0.153125 0.44208333333333333 0.075 0.10083333333333333
0 0.8296875 0.5629166666666666 0.099375 0.1325
0 0.046875 0.5229166666666667 0.0775 0.10416666666666667
0 0.555 0.52375 0.0975 0.12916666666666668
0 0.5984375 0.11958333333333333 0.080625 0.1075
0 0.308125 0.24416666666666667 0.0875 0.11666666666666667
0 0.8140625 0.35541666666666666 0.093125 0.12416666666666666
0 0.669375 0.5525 0.09375 0.125
0 0.22625 0.665 0.0775 0.10333333333333333
1 0.6925 0.21833333333333332 0.09875 0.13166666666666665
0 0.686875 0.7108333333333333 0.105 0.14
0 0.345625 0.12041666666666667 0.0825 0.10916666666666666
1 0.655625 0.47833333333333333 0.11125 0.14833333333333334
0 0.64375 0.8058333333333333 0.0725 0.09666666666666666
0 0.6640625 0.6395833333333333 0.095625 0.1275
0 0.8809375 0.7945833333333333 0.110625 0.1475
0 0.118125 0.3 0.0775 0.10333333333333333
0 0.16625 0.4895833333333333 0.0975 0.12916666666666668
0 0.8990625 0.7129166666666666 0.074375 0.09916666666666667
0 0.7396875 0.4429166666666667 0.090625 0.12083333333333333
0 0.3309375 0.57875 0.078125 0.10416666666666667
0 0.5653125 0.25125 0.075625 0.10083333333333333
0 0.938125 0.5775 0.085 0.11333333333333333
0 0.655 0.37916666666666665 0.08 0.10666666666666667
0 0.516875 0.1675 0.1025 0.13666666666666666
0 0.70875 0.4775 0.09 0.12
0 0.8659375 0.39875 0.091875 0.1225
0 0.5603125 0.44 0.090625 0.12166666666666667
0 0.6221875 0.6995833333333333 0.070625 0.09416666666666666
0 0.3584375 0.64125 0.086875 0.11583333333333333
0 0.3778125 0.87125 0.079375 0.10583333333333333
0 0.678125 0.32375 0.07 0.09416666666666666
1 0.7925 0.7625 0.105 0.14
0 0.2946875 0.6420833333333333 0.094375 0.12583333333333332
0 0.2603125 0.5716666666666667 0.084375 0.11166666666666666
1 0.1559375 0.11791666666666667 0.120625 0.16083333333333333
0 0.7709375 0.7320833333333333 0.081875 0.10916666666666666
0 0.0975 0.5816666666666667 0.0775 0.10333333333333333
0 0.39 0.5733333333333334 0.08875 0.11833333333333333
0 0.4940625 0.6695833333333333 0.075625 0.10083333333333333
0 0.9371875 0.6479166666666667 0.089375 0.11916666666666667
0 0.6853125 0.11166666666666666 0.073125 0.09666666666666666
0 0.7325 0.15708333333333332 0.075 0.10083333333333333
0 0.7628125 0.5079166666666667 0.065625 0.0875
0 0.8265625 0.28375 0.085625 0.11416666666666667
0 0.79125 0.24 0.0875 0.11666666666666667
0 0.245 0.82125 0.0725 0.09583333333333334
0 0.1275 0.6616666666666666 0.08125 0.10833333333333334
0 0.249375 0.7533333333333333 0.08 0.10666666666666667
0 0.285625 0.6858333333333333 0.075 0.1
0 0.39375 0.53125 0.0675 0.09083333333333334
0 0.8928125 0.8658333333333333 0.079375 0.105
0 0.29375 0.5258333333333334 0.0775 0.10333333333333333
0 0.6865625 0.8583333333333333 0.075625 0.1