0 0.4190625 0.36583333333333334 0.076875 0.105
0 0.9615625 0.8320833333333333 0.074375 0.1025
0 0.596875 0.7641666666666667 0.06875 0.09333333333333334
0 0.6371875 0.5425 0.076875 0.11333333333333333
0 0.169375 0.46041666666666664 0.07 0.10416666666666667
0 0.476875 0.5675 0.07875 0.11666666666666667
0 0.7265625 0.3983333333333333 0.080625 0.105
0 0.8025 0.3254166666666667 0.07375 0.10583333333333333
0 0.5003125 0.30666666666666664 0.081875 0.10833333333333334
0 0.0946875 0.14 0.076875 0.105
0 0.2715625 0.32875 0.083125 0.10916666666666666
0 0.8540625 0.905 0.069375 0.09166666666666666
0 0.0853125 0.52375 0.071875 0.0925
0 0.549375 0.7 0.07625 0.10833333333333334
0 0.90125 0.15625 0.0775 0.09916666666666667
0 0.5221875 0.8570833333333333 0.083125 0.09583333333333334
0 0.38125 0.2679166666666667 0.07375 0.10083333333333333
0 0.039375 0.4404166666666667 0.07875 0.0975
0 0.6359375 0.9075 0.076875 0.09833333333333333
0 0.5659375 0.14375 0.078125 0.10416666666666667
0 0.3659375 0.5254166666666666 0.075625 0.10916666666666666
0 0.083125 0.8625 0.07625 0.09833333333333333
0 0.2075 0.23791666666666667 0.0775 0.09416666666666666
1 0.8440625 0.7566666666666667 0.089375 0.12
0 0.820625 0.11666666666666667 0.07125 0.10166666666666667
0 0.3609375 0.8229166666666666 0.076875 0.10583333333333333
0 0.15 0.6195833333333334 0.0725 0.09416666666666666
0 0.746875 0.255 0.07625 0.10333333333333333
0 0.73 0.5533333333333333 0.09125 0.11333333333333333
0 0.775625 0.7979166666666667 0.0775 0.09083333333333334
0 0.640625 0.17208333333333334 0.0775 0.09916666666666667
0 0.3140625 0.07125 0.070625 0.11416666666666667
0 0.4634375 0.9391666666666667 0.065625 0.11833333333333333
0 0.185625 0.16958333333333334 0.07375 0.09583333333333334
0 0.3840625 0.06416666666666666 0.071875 0.095
0 0.3859375 0.7920833333333334 0.070625 0.09583333333333334
0 0.6053125 0.19625 0.064375 0.09916666666666667
0 0.4465625 0.9179166666666667 0.073125 0.10416666666666667