0 0.2559375 0.3025 0.084375 0.11166666666666666
0 0.60375 0.24416666666666667 0.085 0.11333333333333333
0 0.87 0.4816666666666667 0.08375 0.11166666666666666
0 0.546875 0.50625 0.07875 0.10416666666666667
0 0.3071875 0.7841666666666667 0.081875 0.11
0 0.668125 0.59 0.08625 0.115
0 0.6934375 0.5045833333333334 0.089375 0.11916666666666667
0 0.4390625 0.0925 0.089375 0.11833333333333333
0 0.724375 0.22166666666666668 0.08875 0.11833333333333333
0 0.9303125 0.24125 0.088125 0.1175
0 0.2059375 0.41125 0.086875 0.11583333333333333
0 0.62 0.9258333333333333 0.10875 0.145
0 0.903125 0.32458333333333333 0.09125 0.1225
0 0.42 0.21916666666666668 0.08 0.10666666666666667
0 0.1153125 0.5654166666666667 0.105625 0.14083333333333334
0 0.60625 0.10083333333333333 0.08625 0.115
0 0.13125 0.35833333333333334 0.0825 0.11
0 0.0734375 0.7691666666666667 0.089375 0.12
0 0.359375 0.7554166666666666 0.08375 0.1125
0 0.886875 0.1575 0.105 0.14
0 0.73875 0.3129166666666667 0.09625 0.12916666666666668
0 0.33375 0.65 0.08625 0.115
0 0.051875 0.6908333333333333 0.0875 0.11666666666666667
0 0.5590625 0.32416666666666666 0.089375 0.11833333333333333
0 0.776875 0.3879166666666667 0.0975 0.12916666666666668
0 0.20625 0.5933333333333334 0.1 0.13333333333333333
0 0.48625 0.31916666666666665 0.0875 0.11666666666666667
0 0.546875 0.9216666666666666 0.095 0.12666666666666668
0 0.67125 0.40708333333333335 0.10375 0.1375
0 0.0465625 0.5766666666666667 0.091875 0.12166666666666667
0 0.5253125 0.5795833333333333 0.083125 0.11083333333333334
0 0.7046875 0.085 0.095625 0.12666666666666668
0 0.125 0.6966666666666667 0.08 0.10666666666666667
0 0.738125 0.4775 0.0925 0.12333333333333334
0 0.1725 0.4775 0.1 0.13333333333333333
0 0.538125 0.765 0.09125 0.12166666666666667
0 0.25125 0.7758333333333334 0.09125 0.12166666666666667
0 0.264375 0.475 0.08875 0.11833333333333333
0 0.3615625 0.38916666666666666 0.081875 0.11
0 0.6115625 0.35833333333333334 0.101875 0.135
0 0.3025 0.43583333333333335 0.085 0.11333333333333333
0 0.423125 0.8883333333333333 0.09125 0.12166666666666667
0 0.4896875 0.87125 0.085625 0.11416666666666667
0 0.45625 0.50125 0.085 0.11416666666666667
0 0.53875 0.08416666666666667 0.09125 0.12166666666666667
0 0.4265625 0.4058333333333333 0.089375 0.12
0 0.4590625 0.9170833333333334 0.098125 0.13083333333333333
0 0.90375 0.595 0.08875 0.11833333333333333
0 0.461875 0.5475 0.10125 0.135
0 0.4315625 0.32375 0.073125 0.0975
0 0.5225 0.8270833333333333 0.08 0.10583333333333333
0 0.575 0.4075 0.06625 0.08833333333333333
0 0.9371875 0.5695833333333333 0.076875 0.1025