0 0.66 0.35 0.08625 0.115
0 0.158125 0.4025 0.08625 0.115
0 0.4675 0.8833333333333333 0.0825 0.11
0 0.143125 0.2275 0.10125 0.135
0 0.3178125 0.365 0.101875 0.13666666666666666
0 0.205 0.12541666666666668 0.08 0.10583333333333333
0 0.321875 0.75875 0.09375 0.12583333333333332
0 0.773125 0.625 0.09375 0.125
1 0.18375 0.3304166666666667 0.105 0.13916666666666666
0 0.2284375 0.62125 0.099375 0.1325
0 0.3159375 0.20125 0.094375 0.12583333333333332
0 0.3971875 0.465 0.096875 0.13
0 0.5359375 0.21291666666666667 0.080625 0.1075
0 0.2840625 0.6866666666666666 0.100625 0.13333333333333333
0 0.0675 0.44416666666666665 0.095 0.12666666666666668
0 0.1575 0.6791666666666667 0.09375 0.125
0 0.805 0.40125 0.1025 0.1375
0 0.535 0.6408333333333334 0.09875 0.13166666666666665
0 0.46875 0.3775 0.09875 0.13166666666666665
0 0.42125 0.2991666666666667 0.09875 0.13166666666666665
0 0.263125 0.5333333333333333 0.0875 0.11666666666666667
0 0.15375 0.12875 0.09125 0.1225
0 0.5246875 0.5420833333333334 0.094375 0.12583333333333332
0 0.204375 0.25666666666666665 0.085 0.11333333333333333
0 0.255625 0.3875 0.09375 0.125
0 0.201875 0.5279166666666667 0.08375 0.1125
0 0.0703125 0.5366666666666666 0.093125 0.125
0 0.860625 0.71875 0.09125 0.1225
0 0.43 0.77 0.08625 0.115
0 0.246875 0.47833333333333333 0.09375 0.125
1 0.706875 0.6366666666666667 0.115 0.15333333333333332
0 0.5453125 0.9225 0.086875 0.11666666666666667
0 0.469375 0.3120833333333333 0.0975 0.13083333333333333
0 0.5425 0.7933333333333333 0.085 0.11333333333333333
0 0.486875 0.8108333333333333 0.0975 0.13
0 0.63125 0.6283333333333333 0.08125 0.10833333333333334
0 0.9128125 0.7766666666666666 0.083125 0.11166666666666666
0 0.661875 0.5966666666666667 0.085 0.11333333333333333
0 0.509375 0.59375 0.08625 0.11416666666666667