0 0.3634375 0.29333333333333333 0.061875 0.085
0 0.449375 0.56875 0.0675 0.08083333333333333
0 0.576875 0.84 0.06125 0.08833333333333333
0 0.6140625 0.5825 0.069375 0.095
0 0.4184375 0.7725 0.071875 0.07666666666666666
0 0.7303125 0.6354166666666666 0.078125 0.08916666666666667
0 0.4084375 0.8454166666666667 0.074375 0.07916666666666666
0 0.2446875 0.075 0.066875 0.08333333333333333
0 0.796875 0.9558333333333333 0.07375 0.08166666666666667
0 0.5315625 0.69125 0.071875 0.09916666666666667
0 0.2753125 0.3645833333333333 0.071875 0.09583333333333334
0 0.255625 0.17 0.0725 0.09166666666666666
0 0.57625 0.7204166666666667 0.07125 0.09083333333333334
0 0.343125 0.7625 0.07 0.08833333333333333
0 0.2621875 0.5570833333333334 0.080625 0.08583333333333333
0 0.451875 0.4370833333333333 0.07875 0.0925
0 0.511875 0.5279166666666667 0.07 0.08416666666666667
0 0.38625 0.6983333333333334 0.06875 0.085
0 0.705 0.12125 0.07 0.08916666666666667
0 0.3878125 0.0725 0.080625 0.08666666666666667
0 0.455 0.32625 0.085 0.07916666666666666
0 0.57875 0.35125 0.075 0.0925
0 0.4959375 0.14333333333333334 0.076875 0.085
0 0.8340625 0.8495833333333334 0.066875 0.09416666666666666
0 0.749375 0.16791666666666666 0.0825 0.08583333333333333
0 0.554375 0.05875 0.07 0.0925
1 0.4325 0.11833333333333333 0.0875 0.10666666666666667
0 0.481875 0.48291666666666666 0.065 0.08583333333333333
0 0.5034375 0.205 0.080625 0.07666666666666666
0 0.440625 0.38666666666666666 0.09625 0.08333333333333333
0 0.6015625 0.30833333333333335 0.074375 0.07333333333333333
0 0.6703125 0.40125 0.093125 0.06583333333333333
0 0.68125 0.33541666666666664 0.09 0.06583333333333333
0 0.3609375 0.15916666666666668 0.069375 0.085