0 0.355 0.22958333333333333 0.0675 0.08916666666666667
0 0.7221875 0.47791666666666666 0.073125 0.09083333333333334
0 0.3940625 0.3229166666666667 0.063125 0.1075
0 0.241875 0.115 0.05375 0.08333333333333333
0 0.675 0.71375 0.065 0.08583333333333333
0 0.24 0.7595833333333334 0.06 0.08583333333333333
0 0.823125 0.83 0.05625 0.085
0 0.2921875 0.31833333333333336 0.071875 0.09333333333333334
0 0.35125 0.40125 0.07125 0.09083333333333334
0 0.6503125 0.17375 0.068125 0.09583333333333334
0 0.2546875 0.8554166666666667 0.071875 0.0775
0 0.3 0.06458333333333334 0.06375 0.07916666666666666
0 0.4571875 0.3458333333333333 0.059375 0.085
0 0.3675 0.7954166666666667 0.04875 0.0875
0 0.1825 0.8379166666666666 0.055 0.0825
0 0.208125 0.41333333333333333 0.06125 0.07833333333333334
0 0.7821875 0.5554166666666667 0.073125 0.08916666666666667
0 0.6659375 0.3 0.061875 0.08
0 0.575 0.82 0.06375 0.08666666666666667
0 0.6028125 0.7133333333333334 0.066875 0.08166666666666667
0 0.5165625 0.92625 0.080625 0.1025
0 0.7725 0.39416666666666667 0.05875 0.075
0 0.4321875 0.135 0.058125 0.085
0 0.56375 0.5129166666666667 0.06125 0.06916666666666667
0 0.81375 0.15416666666666667 0.06375 0.075
0 0.565625 0.16458333333333333 0.06 0.08416666666666667
0 0.545625 0.06208333333333333 0.0625 0.09416666666666666
0 0.16375 0.26375 0.05625 0.07583333333333334
0 0.2903125 0.91 0.061875 0.08166666666666667
0 0.185 0.93375 0.06625 0.0825
0 0.499375 0.125 0.05875 0.07666666666666666
0 0.3978125 0.7041666666666667 0.078125 0.095
0 0.19375 0.6729166666666667 0.05625 0.09583333333333334
0 0.183125 0.145 0.06875 0.08333333333333333
0 0.48 0.04083333333333333 0.06 0.07666666666666666
0 0.765 0.6841666666666667 0.0575 0.075
0 0.564375 0.405 0.0575 0.075
0 0.59625 0.11916666666666667 0.06125 0.08166666666666667
0 0.4265625 0.22875 0.053125 0.07416666666666667
0 0.2178125 0.23125 0.055625 0.07583333333333334
0 0.8046875 0.63 0.068125 0.07666666666666666
0 0.164375 0.34958333333333336 0.05375 0.08416666666666667
0 0.628125 0.4166666666666667 0.06125 0.09
0 0.2615625 0.6720833333333334 0.054375 0.07416666666666667
0 0.31 0.5754166666666667 0.07375 0.0925
0 0.406875 0.42541666666666667 0.06375 0.10416666666666667
0 0.43875 0.4920833333333333 0.06 0.0875
0 0.2775 0.18875 0.065 0.07083333333333333
0 0.1878125 0.0675 0.063125 0.085
0 0.789375 0.235 0.05 0.08333333333333333
0 0.3209375 0.7583333333333333 0.064375 0.08166666666666667
0 0.55125 0.32083333333333336 0.06625 0.08833333333333333
0 0.428125 0.8779166666666667 0.07125 0.09583333333333334
0 0.4915625 0.4225 0.068125 0.07833333333333334
0 0.3678125 0.065 0.055625 0.06666666666666667
0 0.69625 0.9554166666666667 0.06125 0.0725
0 0.693125 0.10041666666666667 0.0575 0.0775
0 0.609375 0.27666666666666667 0.06625 0.08
0 0.6259375 0.3204166666666667 0.069375 0.08583333333333333
0 0.6434375 0.8716666666666667 0.070625 0.08166666666666667
0 0.6271875 0.53625 0.051875 0.0875
0 0.3253125 0.13791666666666666 0.066875 0.0875
0 0.4884375 0.21458333333333332 0.054375 0.07583333333333334
0 0.6290625 0.22583333333333333 0.065625 0.09833333333333333
0 0.8440625 0.3095833333333333 0.060625 0.0925
0 0.4621875 0.59 0.060625 0.09333333333333334
0 0.2003125 0.6170833333333333 0.045625 0.0825
0 0.3990625 0.6416666666666667 0.066875 0.07833333333333334
0 0.7759375 0.08375 0.056875 0.0825
0 0.465 0.8445833333333334 0.06125 0.06916666666666667
0 0.491875 0.5445833333333333 0.06 0.08583333333333333
0 0.455625 0.64 0.05625 0.10166666666666667
0 0.3515625 0.8645833333333334 0.050625 0.07416666666666667
0 0.764375 0.9266666666666666 0.055 0.065
0 0.678125 0.7895833333333333 0.06125 0.08416666666666667
0 0.725 0.6220833333333333 0.06125 0.09583333333333334
0 0.7184375 0.18791666666666668 0.054375 0.0725
0 0.769375 0.77375 0.07 0.059166666666666666
0 0.1703125 0.09666666666666666 0.063125 0.09333333333333334
0 0.69375 0.05541666666666667 0.05 0.07083333333333333
0 0.528125 0.034166666666666665 0.05 0.06666666666666667
0 0.5265625 0.13333333333333333 0.070625 0.07833333333333334
0 0.5659375 0.20041666666666666 0.054375 0.07416666666666667
0 0.7959375 0.07125 0.056875 0.07583333333333334
0 0.4215625 0.19166666666666668 0.056875 0.095
0 0.3728125 0.04 0.054375 0.07833333333333334
0 0.3565625 0.6566666666666666 0.064375 0.08
0 0.3340625 0.6304166666666666 0.054375 0.07083333333333333
0 0.305 0.7829166666666667 0.0525 0.0675
0 0.2753125 0.7083333333333334 0.053125 0.07833333333333334
0 0.2215625 0.765 0.064375 0.075
0 0.184375 0.34458333333333335 0.0575 0.0775
0 0.4928125 0.755 0.056875 0.095
0 0.3984375 0.90375 0.065625 0.07916666666666666
0 0.815 0.41791666666666666 0.0675 0.07583333333333334
0 0.789375 0.275 0.0475 0.08333333333333333
0 0.8009375 0.10833333333333334 0.064375 0.09333333333333334
0 0.7309375 0.17666666666666667 0.066875 0.06666666666666667
0 0.7653125 0.8516666666666667 0.046875 0.07
0 0.8409375 0.9329166666666666 0.055625 0.07416666666666667
0 0.6915625 0.8275 0.059375 0.07166666666666667
0 0.685 0.85625 0.05625 0.0575
0 0.36 0.8875 0.0625 0.06666666666666667
0 0.388125 0.8075 0.06125 0.07
0 0.3253125 0.7883333333333333 0.064375 0.07833333333333334
0 0.2075 0.5816666666666667 0.05125 0.08
0 0.1609375 0.5379166666666667 0.064375 0.07583333333333334
0 0.244375 0.26125 0.055 0.07416666666666667
0 0.2284375 0.4175 0.063125 0.08166666666666667
0 0.4934375 0.24083333333333334 0.066875 0.08
0 0.5078125 0.46708333333333335 0.055625 0.07416666666666667
0 0.545 0.8066666666666666 0.06125 0.06166666666666667
0 0.794375 0.87625 0.06625 0.08583333333333333
0 0.773125 0.9054166666666666 0.0625 0.0875
0 0.76625 0.6145833333333334 0.06125 0.08416666666666667
0 0.744375 0.19708333333333333 0.0625 0.08416666666666667
0 0.6475 0.4508333333333333 0.07125 0.08
0 0.610625 0.5179166666666667 0.06125 0.07416666666666667
0 0.680625 0.5016666666666667 0.05875 0.08
0 0.743125 0.6541666666666667 0.06875 0.07166666666666667
0 0.8065625 0.7466666666666667 0.055625 0.06
0 0.460625 0.7675 0.05 0.075
0 0.4965625 0.6754166666666667 0.064375 0.09083333333333334
0 0.4178125 0.5279166666666667 0.064375 0.08583333333333333
0 0.4971875 0.8270833333333333 0.074375 0.08583333333333333
0 0.26875 0.27458333333333335 0.06875 0.08583333333333333
0 0.4875 0.27125 0.05125 0.0725
0 0.50125 0.3075 0.05125 0.06833333333333333
0 0.4684375 0.4525 0.056875 0.08333333333333333
0 0.296875 0.16 0.06 0.07833333333333334
0 0.3096875 0.11625 0.055625 0.0975
0 0.8453125 0.53125 0.053125 0.08916666666666667
0 0.5575 0.42583333333333334 0.04875 0.08333333333333333