0 0.7890625 0.18125 0.074375 0.10416666666666667
0 0.055625 0.19291666666666665 0.06875 0.0975
0 0.8134375 0.56 0.083125 0.10166666666666667
0 0.3315625 0.31166666666666665 0.081875 0.115
0 0.25125 0.27958333333333335 0.08 0.1025
0 0.9296875 0.49875 0.086875 0.10583333333333333
0 0.604375 0.7125 0.07 0.095
0 0.4725 0.42 0.0825 0.10333333333333333
0 0.3171875 0.63 0.071875 0.10166666666666667
0 0.8553125 0.24666666666666667 0.069375 0.10666666666666667
0 0.8578125 0.9358333333333333 0.071875 0.09833333333333333
0 0.7603125 0.31083333333333335 0.074375 0.09666666666666666
0 0.6953125 0.7695833333333333 0.073125 0.1125
0 0.559375 0.8404166666666667 0.0825 0.10416666666666667
1 0.244375 0.5466666666666666 0.09125 0.145
0 0.5928125 0.18458333333333332 0.076875 0.09916666666666667
0 0.0715625 0.5754166666666667 0.066875 0.0975
0 0.1434375 0.19416666666666665 0.071875 0.09833333333333333
0 0.39125 0.15625 0.07 0.1025
0 0.2415625 0.8083333333333333 0.081875 0.10833333333333334
0 0.8965625 0.8720833333333333 0.074375 0.0975
0 0.17 0.8383333333333334 0.06375 0.095
0 0.5115625 0.6766666666666666 0.076875 0.08666666666666667
0 0.8321875 0.7358333333333333 0.068125 0.1
0 0.536875 0.48291666666666666 0.0725 0.09416666666666666
0 0.52875 0.5875 0.08125 0.1
0 0.3784375 0.6429166666666667 0.079375 0.10416666666666667
0 0.933125 0.205 0.08625 0.12333333333333334
0 0.89875 0.7658333333333334 0.065 0.09666666666666666
0 0.216875 0.15458333333333332 0.085 0.1075
0 0.636875 0.05 0.085 0.09833333333333333
0 0.2825 0.5825 0.0725 0.09
0 0.3359375 0.81 0.074375 0.11
0 0.9525 0.32958333333333334 0.07625 0.10916666666666666
0 0.68125 0.14291666666666666 0.07 0.08916666666666667
0 0.6140625 0.92625 0.078125 0.08916666666666667
0 0.3728125 0.84125 0.063125 0.08583333333333333
0 0.7090625 0.51 0.088125 0.09666666666666666
0 0.504375 0.70625 0.07375 0.09916666666666667
0 0.120625 0.9233333333333333 0.07125 0.085
0 0.81125 0.7416666666666667 0.07125 0.08666666666666667
0 0.7534375 0.2891666666666667 0.069375 0.08833333333333333
0 0.896875 0.7379166666666667 0.0625 0.10416666666666667