0 0.5934375 0.375 0.108125 0.14333333333333334
0 0.631875 0.8783333333333333 0.1 0.13333333333333333
0 0.113125 0.5833333333333334 0.115 0.15333333333333332
0 0.5278125 0.705 0.098125 0.13
0 0.803125 0.2866666666666667 0.10375 0.13833333333333334
0 0.0775 0.4225 0.105 0.14
0 0.5253125 0.26375 0.115625 0.15416666666666667
0 0.6578125 0.27958333333333335 0.103125 0.1375
0 0.7978125 0.40291666666666665 0.104375 0.13916666666666666
0 0.273125 0.20083333333333334 0.10875 0.145
0 0.519375 0.3925 0.10125 0.135
0 0.896875 0.6375 0.1 0.13333333333333333
0 0.5096875 0.5070833333333333 0.119375 0.15916666666666668
0 0.620625 0.7841666666666667 0.0875 0.11666666666666667
0 0.090625 0.25375 0.12 0.15916666666666668
0 0.425 0.1825 0.1 0.13333333333333333
0 0.204375 0.3904166666666667 0.11375 0.15083333333333335
0 0.6828125 0.71125 0.096875 0.12916666666666668
0 0.289375 0.09916666666666667 0.0975 0.13
0 0.3275 0.8583333333333333 0.09625 0.12833333333333333
0 0.251875 0.44625 0.11 0.1475
0 0.4775 0.7929166666666667 0.1075 0.1425
0 0.925 0.72 0.10625 0.14166666666666666
0 0.324375 0.6045833333333334 0.11 0.14583333333333334
0 0.2953125 0.49833333333333335 0.116875 0.15666666666666668
0 0.56875 0.465 0.10375 0.13833333333333334
0 0.3975 0.08916666666666667 0.1025 0.13666666666666666
0 0.4921875 0.8133333333333334 0.099375 0.13166666666666665
0 0.895625 0.7170833333333333 0.10625 0.14083333333333334
0 0.9284375 0.56375 0.108125 0.14416666666666667