0 0.2646875 0.225 0.066875 0.08833333333333333
0 0.6178125 0.05333333333333334 0.060625 0.085
0 0.6378125 0.14375 0.073125 0.09583333333333334
0 0.3384375 0.8816666666666667 0.061875 0.08333333333333333
0 0.685 0.07333333333333333 0.0625 0.08666666666666667
0 0.1253125 0.5441666666666667 0.069375 0.095
0 0.55625 0.3625 0.0675 0.1
0 0.9234375 0.155 0.063125 0.08833333333333333
0 0.655625 0.5141666666666667 0.0625 0.09333333333333334
0 0.73875 0.47875 0.07125 0.09583333333333334
0 0.92125 0.7 0.06125 0.085
0 0.273125 0.45416666666666666 0.06 0.085
0 0.62125 0.3975 0.0675 0.09
0 0.8271875 0.83375 0.060625 0.0875
0 0.744375 0.16708333333333333 0.075 0.08416666666666667
0 0.72625 0.7595833333333334 0.06375 0.08583333333333333
0 0.809375 0.92 0.06125 0.095
0 0.48125 0.51625 0.0625 0.0875
0 0.3190625 0.6425 0.058125 0.08833333333333333
0 0.8515625 0.14666666666666667 0.064375 0.095
0 0.6015625 0.8675 0.061875 0.08166666666666667
0 0.9259375 0.925 0.066875 0.09166666666666666
0 0.04375 0.18375 0.06875 0.09083333333333334
0 0.8465625 0.0575 0.066875 0.075
0 0.541875 0.6491666666666667 0.06 0.08333333333333333
0 0.3809375 0.5966666666666667 0.068125 0.09333333333333334
0 0.06125 0.73 0.0675 0.09166666666666666
0 0.1940625 0.8220833333333334 0.080625 0.10583333333333333
0 0.71625 0.2608333333333333 0.06 0.08166666666666667
0 0.2484375 0.30416666666666664 0.065625 0.1
0 0.2284375 0.6729166666666667 0.058125 0.08083333333333333
0 0.92375 0.04791666666666667 0.0675 0.08583333333333333
0 0.706875 0.64875 0.06375 0.09416666666666666
0 0.5690625 0.09208333333333334 0.061875 0.0925
0 0.664375 0.7241666666666666 0.0575 0.08
0 0.5525 0.93625 0.065 0.09583333333333334
0 0.4834375 0.24833333333333332 0.064375 0.09
0 0.8953125 0.5354166666666667 0.066875 0.09416666666666666
0 0.1865625 0.9333333333333333 0.068125 0.09333333333333334
0 0.553125 0.79875 0.0625 0.1025
0 0.1671875 0.7070833333333333 0.056875 0.08083333333333333
0 0.6359375 0.59875 0.058125 0.07916666666666666
0 0.683125 0.38125 0.0725 0.09083333333333334
0 0.9290625 0.38625 0.070625 0.09583333333333334
0 0.854375 0.76375 0.06375 0.09083333333333334
0 0.929375 0.2629166666666667 0.0675 0.08583333333333333
0 0.805625 0.5058333333333334 0.0625 0.08166666666666667
0 0.7725 0.35 0.07625 0.09166666666666666
0 0.266875 0.78125 0.06875 0.08416666666666667
0 0.86125 0.2891666666666667 0.0625 0.08833333333333333
0 0.0984375 0.8525 0.065625 0.09166666666666666
0 0.8321875 0.4041666666666667 0.070625 0.08666666666666667
0 0.165625 0.3283333333333333 0.08 0.10666666666666667
0 0.221875 0.08416666666666667 0.0675 0.11333333333333333
0 0.2709375 0.54375 0.091875 0.10416666666666667
0 0.7990625 0.23125 0.064375 0.0825
0 0.0596875 0.5633333333333334 0.065625 0.10666666666666667
0 0.1553125 0.8970833333333333 0.075625 0.0975
0 0.44 0.63625 0.065 0.06916666666666667
0 0.435 0.3383333333333333 0.06875 0.105
0 0.1090625 0.6183333333333333 0.068125 0.075
0 0.58125 0.26416666666666666 0.0625 0.08833333333333333
0 0.2021875 0.2629166666666667 0.070625 0.09583333333333334
0 0.6565625 0.30666666666666664 0.074375 0.07333333333333333
0 0.67375 0.82375 0.06125 0.08916666666666667
0 0.1434375 0.08666666666666667 0.074375 0.08166666666666667
0 0.085 0.24958333333333332 0.05625 0.07916666666666666
0 0.40125 0.2833333333333333 0.06625 0.09666666666666666
0 0.6084375 0.73125 0.040625 0.11583333333333333
0 0.0440625 0.08583333333333333 0.069375 0.09166666666666666
0 0.8928125 0.81 0.059375 0.10666666666666667
0 0.204375 0.43833333333333335 0.06875 0.08
0 0.78625 0.6095833333333334 0.06125 0.0725
0 0.11125 0.4245833333333333 0.06375 0.09083333333333334
0 0.7946875 0.6816666666666666 0.064375 0.07333333333333333
0 0.728125 0.9083333333333333 0.07125 0.095
0 0.201875 0.55125 0.06375 0.08916666666666667
0 0.7528125 0.8641666666666666 0.070625 0.10333333333333333
0 0.2228125 0.3641666666666667 0.056875 0.08333333333333333
0 0.3153125 0.30916666666666665 0.054375 0.08333333333333333
0 0.51 0.14125 0.0625 0.07583333333333334
0 0.611875 0.23083333333333333 0.07 0.09166666666666666
0 0.6225 0.78375 0.07125 0.09916666666666667
0 0.731875 0.36833333333333335 0.0775 0.11666666666666667
0 0.381875 0.12333333333333334 0.06125 0.08833333333333333
0 0.26375 0.9083333333333333 0.0725 0.08333333333333333
0 0.669375 0.9491666666666667 0.07375 0.1
0 0.946875 0.4725 0.06375 0.095
0 0.556875 0.5091666666666667 0.0525 0.07333333333333333
0 0.8078125 0.11458333333333333 0.053125 0.0725
0 0.4975 0.8645833333333334 0.06625 0.08416666666666667
0 0.334375 0.19666666666666666 0.06375 0.08
0 0.4440625 0.175 0.054375 0.08333333333333333
0 0.9675 0.5820833333333333 0.06125 0.0775
0 0.8875 0.24125 0.06375 0.08583333333333333
0 0.4653125 0.73125 0.069375 0.06916666666666667
0 0.4940625 0.39375 0.060625 0.08916666666666667
0 0.0753125 0.35583333333333333 0.061875 0.08333333333333333
0 0.77 0.05291666666666667 0.06625 0.0825
0 0.4878125 0.94875 0.066875 0.08083333333333333
0 0.213125 0.15625 0.055 0.09083333333333334
0 0.3421875 0.45166666666666666 0.064375 0.095
0 0.281875 0.06375 0.0575 0.07083333333333333
0 0.4040625 0.3925 0.051875 0.08666666666666667
0 0.3825 0.49875 0.06 0.0725
0 0.41625 0.05 0.0675 0.1
0 0.0446875 0.4583333333333333 0.055625 0.08166666666666667
1 0.155 0.44916666666666666 0.0875 0.12166666666666667
0 0.37375 0.7179166666666666 0.05 0.09083333333333334
0 0.3884375 0.7408333333333333 0.065625 0.08
0 0.065 0.06833333333333333 0.055 0.08
0 0.0465625 0.3466666666666667 0.066875 0.09166666666666666
0 0.4065625 0.15916666666666668 0.064375 0.08166666666666667
0 0.315 0.1675 0.05625 0.08333333333333333
0 0.968125 0.33208333333333334 0.06125 0.08583333333333333
0 0.8675 0.32666666666666666 0.06 0.075
0 0.82625 0.43333333333333335 0.0725 0.08166666666666667
0 0.7784375 0.24666666666666667 0.063125 0.07833333333333334
0 0.95375 0.5520833333333334 0.0675 0.07583333333333334
0 0.915625 0.7879166666666667 0.0625 0.08916666666666667
0 0.7684375 0.575 0.071875 0.08
0 0.814375 0.5325 0.0575 0.07833333333333334
0 0.765 0.7191666666666666 0.05875 0.075
0 0.8521875 0.7275 0.061875 0.09166666666666666
0 0.55125 0.7575 0.0625 0.07833333333333334
0 0.605 0.9608333333333333 0.065 0.075
0 0.4571875 0.9533333333333334 0.065625 0.075
0 0.79625 0.9229166666666667 0.05875 0.0775
0 0.6184375 0.62 0.054375 0.07
0 0.465 0.86 0.075 0.08166666666666667
0 0.4778125 0.81875 0.073125 0.08416666666666667
0 0.6771875 0.87 0.063125 0.08
0 0.405625 0.4895833333333333 0.06625 0.06916666666666667
0 0.1121875 0.80125 0.058125 0.08916666666666667
0 0.271875 0.93625 0.05875 0.0925
0 0.044375 0.96 0.06 0.07666666666666666
0 0.234375 0.505 0.06 0.08333333333333333
0 0.438125 0.6708333333333333 0.07875 0.08
0 0.479375 0.7058333333333333 0.05875 0.08166666666666667
0 0.175 0.5666666666666667 0.0525 0.1
0 0.514375 0.18083333333333335 0.0575 0.09166666666666666
0 0.3428125 0.31166666666666665 0.059375 0.08166666666666667
0 0.58625 0.4866666666666667 0.0675 0.08666666666666667
0 0.51 0.42291666666666666 0.0625 0.08083333333333333
0 0.4265625 0.4091666666666667 0.055625 0.06833333333333333
0 0.6565625 0.25625 0.046875 0.0675
0 0.3271875 0.42125 0.074375 0.07583333333333334
0 0.55875 0.2683333333333333 0.0625 0.09166666666666666
0 0.46375 0.2683333333333333 0.05875 0.08333333333333333
0 0.571875 0.4558333333333333 0.05875 0.06666666666666667
0 0.335 0.38125 0.0525 0.060833333333333336
0 0.6734375 0.6970833333333334 0.061875 0.06916666666666667
0 0.2671875 0.8095833333333333 0.060625 0.07583333333333334