0 0.7328125 0.49625 0.063125 0.0825
0 0.438125 0.6983333333333334 0.0725 0.08333333333333333
0 0.663125 0.35625 0.06625 0.08416666666666667
0 0.12375 0.2704166666666667 0.06875 0.0825
0 0.39 0.23458333333333334 0.07625 0.0825
0 0.401875 0.8616666666666667 0.07 0.09833333333333333
0 0.6759375 0.07791666666666666 0.068125 0.08916666666666667
0 0.465625 0.9475 0.065 0.08333333333333333
0 0.3128125 0.8375 0.066875 0.08833333333333333
0 0.39375 0.6083333333333333 0.065 0.08666666666666667
0 0.2296875 0.4845833333333333 0.069375 0.0875
0 0.33 0.655 0.0725 0.08166666666666667
0 0.6565625 0.8416666666666667 0.061875 0.075
0 0.28125 0.59 0.0675 0.07666666666666666
0 0.8928125 0.21666666666666667 0.058125 0.08
0 0.94375 0.27625 0.075 0.09416666666666666
0 0.7328125 0.8191666666666667 0.063125 0.075
0 0.0896875 0.8295833333333333 0.063125 0.0875
0 0.6296875 0.19166666666666668 0.066875 0.07666666666666666
0 0.7996875 0.6945833333333333 0.069375 0.0925
0 0.22125 0.05583333333333333 0.0625 0.07833333333333334
0 0.4996875 0.7625 0.071875 0.09
0 0.685 0.25583333333333336 0.0625 0.08166666666666667
0 0.8209375 0.2554166666666667 0.075625 0.07916666666666666
0 0.813125 0.08166666666666667 0.07 0.08166666666666667
0 0.139375 0.5533333333333333 0.06 0.095
0 0.8009375 0.32125 0.069375 0.08416666666666667
0 0.8803125 0.8004166666666667 0.066875 0.09416666666666666
0 0.454375 0.8083333333333333 0.06 0.08666666666666667
0 0.8653125 0.4395833333333333 0.059375 0.08416666666666667
0 0.201875 0.9075 0.0675 0.09666666666666666
0 0.576875 0.31333333333333335 0.06875 0.08833333333333333
0 0.061875 0.8979166666666667 0.0475 0.08583333333333333
0 0.8215625 0.5279166666666667 0.068125 0.06916666666666667
0 0.3078125 0.51375 0.070625 0.07583333333333334
0 0.2440625 0.18416666666666667 0.061875 0.1
0 0.203125 0.5858333333333333 0.06125 0.07833333333333334
0 0.371875 0.7791666666666667 0.0725 0.08833333333333333
0 0.1421875 0.9145833333333333 0.055625 0.09083333333333334
0 0.4175 0.08458333333333333 0.06125 0.08416666666666667
0 0.3253125 0.4033333333333333 0.071875 0.07666666666666666
0 0.354375 0.12916666666666668 0.05875 0.08333333333333333
0 0.06875 0.19833333333333333 0.0625 0.08833333333333333
0 0.9409375 0.13375 0.064375 0.0725
0 0.48125 0.041666666666666664 0.06625 0.06333333333333334
0 0.4978125 0.45375 0.064375 0.09083333333333334
0 0.4665625 0.53 0.071875 0.08833333333333333
0 0.4890625 0.185 0.055625 0.07
0 0.548125 0.15333333333333332 0.06125 0.085
0 0.406875 0.35333333333333333 0.04875 0.08666666666666667
0 0.61375 0.4370833333333333 0.07125 0.07916666666666666
0 0.0878125 0.10208333333333333 0.064375 0.0925
0 0.8909375 0.059166666666666666 0.053125 0.065
0 0.445625 0.35791666666666666 0.06 0.0725
0 0.919375 0.67625 0.0675 0.07916666666666666
0 0.9771875 0.06458333333333334 0.040625 0.060833333333333336
0 0.5521875 0.08291666666666667 0.058125 0.0825
0 0.4865625 0.12583333333333332 0.064375 0.07666666666666666