0 0.83875 0.11083333333333334 0.0875 0.11666666666666667
0 0.4678125 0.29 0.104375 0.13833333333333334
0 0.4353125 0.51 0.093125 0.125
0 0.8446875 0.5191666666666667 0.100625 0.135
0 0.0684375 0.5829166666666666 0.099375 0.1325
0 0.06875 0.49541666666666667 0.09125 0.1225
0 0.1965625 0.60125 0.101875 0.13583333333333333
0 0.424375 0.8583333333333333 0.11 0.14666666666666667
0 0.621875 0.1625 0.10375 0.13833333333333334
0 0.5646875 0.28458333333333335 0.090625 0.12083333333333333
0 0.249375 0.7720833333333333 0.1 0.13416666666666666
0 0.6315625 0.5275 0.096875 0.13
0 0.28875 0.45666666666666667 0.10875 0.145
0 0.1065625 0.6854166666666667 0.110625 0.1475
0 0.450625 0.1525 0.11125 0.14833333333333334
0 0.3428125 0.5104166666666666 0.096875 0.12916666666666668
0 0.7490625 0.6779166666666666 0.106875 0.1425
0 0.53375 0.47291666666666665 0.11 0.1475
0 0.59875 0.3416666666666667 0.09875 0.13166666666666665
0 0.1871875 0.67 0.106875 0.14166666666666666
0 0.233125 0.9075 0.09375 0.125
0 0.765625 0.3670833333333333 0.09375 0.12416666666666666
0 0.261875 0.5745833333333333 0.1025 0.1375
0 0.674375 0.7783333333333333 0.10375 0.13833333333333334
0 0.6534375 0.3620833333333333 0.098125 0.13083333333333333
0 0.4125 0.7358333333333333 0.09875 0.13166666666666665
0 0.3596875 0.6245833333333334 0.105625 0.14083333333333334
0 0.8803125 0.3525 0.108125 0.14333333333333334
0 0.5628125 0.7995833333333333 0.104375 0.13916666666666666
0 0.656875 0.83 0.1025 0.13666666666666666
0 0.78875 0.2175 0.10125 0.135
0 0.555625 0.41125 0.1025 0.13583333333333333
0 0.5840625 0.7145833333333333 0.113125 0.15083333333333335
0 0.6546875 0.60375 0.098125 0.13083333333333333
0 0.2784375 0.7279166666666667 0.114375 0.1525
0 0.6840625 0.62375 0.099375 0.1325
0 0.70875 0.31083333333333335 0.1125 0.15
0 0.9071875 0.46625 0.105625 0.14083333333333334
0 0.795 0.3975 0.08875 0.11833333333333333
0 0.655 0.2475 0.10125 0.135
0 0.5853125 0.8466666666666667 0.104375 0.13833333333333334
0 0.228125 0.80375 0.10625 0.14083333333333334
0 0.335625 0.11791666666666667 0.115 0.1525
0 0.7215625 0.5908333333333333 0.096875 0.12833333333333333
0 0.648125 0.6704166666666667 0.0975 0.13083333333333333
0 0.6046875 0.6479166666666667 0.113125 0.15083333333333335
0 0.3765625 0.65 0.105625 0.14166666666666666