0 0.856875 0.235 0.055 0.08166666666666667
0 0.4025 0.88875 0.07625 0.10083333333333333
0 0.7196875 0.27208333333333334 0.060625 0.0825
0 0.6184375 0.7666666666666667 0.059375 0.09333333333333334
0 0.17125 0.5895833333333333 0.0825 0.10083333333333333
0 0.419375 0.18791666666666668 0.06625 0.0925
1 0.19 0.11125 0.08 0.1025
0 0.2784375 0.7858333333333334 0.073125 0.095
0 0.473125 0.24416666666666667 0.0675 0.095
0 0.5871875 0.5629166666666666 0.083125 0.0875
0 0.494375 0.5783333333333334 0.07 0.08166666666666667
0 0.1240625 0.28791666666666665 0.074375 0.09916666666666667
0 0.9046875 0.8904166666666666 0.073125 0.07916666666666666
0 0.5409375 0.08916666666666667 0.074375 0.105
0 0.039375 0.18916666666666668 0.06625 0.08833333333333333
0 0.85 0.395 0.07125 0.09833333333333333
0 0.108125 0.5216666666666666 0.11625 0.065
0 0.8909375 0.74625 0.081875 0.0975
0 0.7040625 0.4220833333333333 0.079375 0.0875
0 0.9296875 0.9620833333333333 0.066875 0.0725
0 0.755625 0.8866666666666667 0.07125 0.09166666666666666
1 0.78625 0.19416666666666665 0.08125 0.105
0 0.891875 0.36791666666666667 0.07 0.10083333333333333
0 0.1771875 0.88125 0.076875 0.08916666666666667
0 0.09625 0.7983333333333333 0.075 0.09833333333333333
0 0.319375 0.45958333333333334 0.07 0.07083333333333333
0 0.36125 0.5341666666666667 0.06875 0.09166666666666666
0 0.4059375 0.5758333333333333 0.065625 0.08
0 0.3175 0.87625 0.0675 0.08583333333333333
0 0.794375 0.9358333333333333 0.06375 0.08666666666666667
0 0.9209375 0.8025 0.085625 0.08333333333333333
0 0.31 0.6870833333333334 0.07875 0.08416666666666667
0 0.594375 0.88875 0.07625 0.08416666666666667
0 0.0403125 0.43583333333333335 0.080625 0.11333333333333333
0 0.6625 0.19916666666666666 0.065 0.09166666666666666
1 0.8615625 0.6479166666666667 0.075625 0.09916666666666667
0 0.5559375 0.7541666666666667 0.070625 0.09833333333333333
0 0.6865625 0.8070833333333334 0.071875 0.07083333333333333
0 0.4184375 0.47291666666666665 0.071875 0.07916666666666666
0 0.0353125 0.7220833333333333 0.068125 0.0875
0 0.2540625 0.22916666666666666 0.070625 0.07833333333333334
0 0.8259375 0.6179166666666667 0.080625 0.0925
0 0.4334375 0.4083333333333333 0.063125 0.085
0 0.3771875 0.62125 0.073125 0.08583333333333333
0 0.8534375 0.5441666666666667 0.066875 0.09
0 0.8925 0.5320833333333334 0.0675 0.0875
0 0.5675 0.5104166666666666 0.08875 0.06416666666666666
0 0.14125 0.41791666666666666 0.09375 0.07583333333333334
0 0.6296875 0.5820833333333333 0.069375 0.09083333333333334
0 0.2803125 0.6545833333333333 0.069375 0.0825
0 0.648125 0.13375 0.0675 0.09416666666666666
0 0.576875 0.7108333333333333 0.05875 0.085
0 0.44375 0.05708333333333333 0.07375 0.06916666666666667