0 0.673125 0.87 0.08 0.10666666666666667
0 0.5934375 0.8825 0.084375 0.11333333333333333
0 0.5990625 0.16791666666666666 0.100625 0.13416666666666666
0 0.1128125 0.3566666666666667 0.098125 0.13166666666666665
0 0.1965625 0.44 0.100625 0.13333333333333333
0 0.4903125 0.7420833333333333 0.096875 0.12916666666666668
0 0.7428125 0.23625 0.090625 0.12083333333333333
0 0.3553125 0.395 0.096875 0.13
0 0.29125 0.6954166666666667 0.095 0.12583333333333332
0 0.830625 0.4970833333333333 0.09 0.11916666666666667
0 0.115 0.16416666666666666 0.09375 0.125
0 0.501875 0.6475 0.08125 0.10833333333333334
0 0.34375 0.7345833333333334 0.09 0.11916666666666667
0 0.8928125 0.7925 0.091875 0.12166666666666667
0 0.219375 0.5495833333333333 0.085 0.11416666666666667
0 0.5590625 0.7608333333333334 0.089375 0.11833333333333333
0 0.8975 0.505 0.105 0.14
0 0.3865625 0.56625 0.095625 0.1275
0 0.7403125 0.5745833333333333 0.091875 0.1225
0 0.3290625 0.21875 0.094375 0.12583333333333332
0 0.4490625 0.48625 0.090625 0.12083333333333333
0 0.2940625 0.4345833333333333 0.099375 0.1325
0 0.9065625 0.6595833333333333 0.101875 0.13583333333333333
0 0.858125 0.5895833333333333 0.0975 0.13083333333333333
0 0.349375 0.6441666666666667 0.0875 0.11666666666666667
1 0.2225 0.1325 0.11125 0.14833333333333334
0 0.2771875 0.6229166666666667 0.086875 0.11583333333333333
0 0.171875 0.0925 0.07375 0.09833333333333333
0 0.639375 0.40166666666666667 0.0875 0.11666666666666667
0 0.504375 0.45708333333333334 0.0875 0.1175
1 0.450625 0.125 0.1175 0.15666666666666668
0 0.5015625 0.3695833333333333 0.105625 0.14083333333333334
0 0.79375 0.545 0.08875 0.11833333333333333
0 0.8425 0.825 0.09125 0.12166666666666667
0 0.0709375 0.2325 0.103125 0.13666666666666666
0 0.44 0.25 0.0875 0.11666666666666667
0 0.8015625 0.5941666666666666 0.100625 0.13333333333333333
0 0.6478125 0.34875 0.093125 0.12416666666666666
0 0.359375 0.08666666666666667 0.08625 0.115
0 0.8271875 0.7341666666666666 0.094375 0.12666666666666668
1 0.5396875 0.5554166666666667 0.116875 0.15583333333333332
0 0.6725 0.23 0.08375 0.11166666666666666
0 0.775 0.3425 0.09 0.12
0 0.1225 0.535 0.09 0.12
0 0.24125 0.665 0.085 0.11333333333333333
0 0.3265625 0.12291666666666666 0.084375 0.1125
0 0.4709375 0.7754166666666666 0.091875 0.1225
0 0.7315625 0.32416666666666666 0.086875 0.115
0 0.65875 0.31625 0.085 0.11416666666666667
0 0.7 0.27958333333333335 0.08 0.10583333333333333
0 0.39375 0.20666666666666667 0.0825 0.11
0 0.379375 0.15541666666666668 0.07875 0.10416666666666667
0 0.2296875 0.6204166666666666 0.104375 0.13916666666666666