0 0.7334375 0.33916666666666667 0.076875 0.09666666666666666
0 0.2971875 0.2975 0.079375 0.09666666666666666
0 0.0596875 0.69 0.071875 0.09166666666666666
0 0.8871875 0.7666666666666667 0.081875 0.1
0 0.3725 0.8625 0.06875 0.09
0 0.6803125 0.4370833333333333 0.074375 0.0925
0 0.8465625 0.31583333333333335 0.075625 0.09166666666666666
0 0.1665625 0.14166666666666666 0.083125 0.10833333333333334
0 0.4646875 0.54125 0.065625 0.08916666666666667
0 0.3934375 0.5104166666666666 0.069375 0.09416666666666666
0 0.13125 0.30416666666666664 0.0725 0.1
0 0.2575 0.25083333333333335 0.07875 0.09166666666666666
0 0.858125 0.52375 0.075 0.09583333333333334
0 0.1321875 0.42041666666666666 0.069375 0.0875
0 0.4790625 0.10791666666666666 0.076875 0.10583333333333333
0 0.8775 0.39875 0.0775 0.10416666666666667
0 0.3096875 0.5195833333333333 0.074375 0.10083333333333333
0 0.9184375 0.5783333333333334 0.076875 0.09833333333333333
0 0.7028125 0.7316666666666667 0.068125 0.09666666666666666
0 0.1446875 0.9054166666666666 0.071875 0.1175
0 0.3340625 0.6908333333333333 0.079375 0.10833333333333334
0 0.35375 0.10791666666666666 0.08875 0.11416666666666667
0 0.0678125 0.8920833333333333 0.078125 0.09583333333333334
0 0.06875 0.50375 0.09 0.11583333333333333
0 0.2765625 0.8620833333333333 0.069375 0.0975
0 0.7071875 0.5279166666666667 0.071875 0.09083333333333334
0 0.613125 0.50125 0.06875 0.0975
0 0.923125 0.29041666666666666 0.06875 0.1025
0 0.0928125 0.73875 0.069375 0.10416666666666667
0 0.6046875 0.8129166666666666 0.073125 0.10416666666666667
0 0.22 0.6691666666666667 0.075 0.10166666666666667
0 0.8040625 0.6091666666666666 0.078125 0.10333333333333333
0 0.068125 0.3620833333333333 0.08125 0.10416666666666667
0 0.42375 0.25666666666666665 0.07125 0.1
0 0.841875 0.18083333333333335 0.065 0.09833333333333333
0 0.5390625 0.7166666666666667 0.078125 0.085
0 0.4290625 0.62625 0.078125 0.10416666666666667
0 0.780625 0.12625 0.06625 0.1075
0 0.225625 0.4270833333333333 0.07875 0.10083333333333333
0 0.511875 0.8870833333333333 0.0825 0.11083333333333334
0 0.4953125 0.27291666666666664 0.081875 0.11083333333333334
0 0.7353125 0.8833333333333333 0.075625 0.08
0 0.656875 0.6941666666666667 0.06875 0.08333333333333333
0 0.5825 0.6383333333333333 0.065 0.095
0 0.1071875 0.22458333333333333 0.055625 0.10416666666666667
0 0.6671875 0.34541666666666665 0.056875 0.1025
0 0.8071875 0.19208333333333333 0.066875 0.09083333333333334
0 0.645 0.5983333333333334 0.0625 0.07166666666666667
0 0.6365625 0.6779166666666666 0.069375 0.0925