0 0.2659375 0.77625 0.089375 0.11916666666666667
0 0.4465625 0.8083333333333333 0.091875 0.12333333333333334
0 0.31375 0.40958333333333335 0.09 0.12083333333333333
0 0.1378125 0.25666666666666665 0.103125 0.13666666666666666
0 0.6103125 0.32708333333333334 0.098125 0.13083333333333333
0 0.3175 0.09458333333333334 0.085 0.1125
1 0.660625 0.4025 0.1125 0.15
0 0.8159375 0.4429166666666667 0.085625 0.11416666666666667
0 0.1809375 0.5475 0.089375 0.11833333333333333
0 0.5975 0.845 0.09375 0.125
0 0.190625 0.2075 0.08875 0.11833333333333333
0 0.9515625 0.7279166666666667 0.090625 0.12083333333333333
0 0.5015625 0.7529166666666667 0.109375 0.14583333333333334
0 0.7990625 0.6 0.081875 0.11
0 0.82625 0.52 0.1 0.13333333333333333
0 0.6028125 0.20708333333333334 0.103125 0.1375
0 0.3409375 0.51625 0.090625 0.12083333333333333
0 0.77125 0.9016666666666666 0.095 0.12666666666666668
0 0.63625 0.9141666666666667 0.10625 0.14166666666666666
0 0.409375 0.09416666666666666 0.09375 0.125
0 0.5478125 0.64875 0.091875 0.1225
0 0.3371875 0.67 0.089375 0.11833333333333333
0 0.3875 0.31416666666666665 0.0875 0.11666666666666667
0 0.7021875 0.24125 0.088125 0.1175
0 0.6915625 0.6845833333333333 0.093125 0.12416666666666666
0 0.8190625 0.81875 0.089375 0.11916666666666667
0 0.4403125 0.2704166666666667 0.084375 0.1125
0 0.8725 0.555 0.0875 0.11666666666666667
0 0.346875 0.21958333333333332 0.10375 0.13916666666666666
0 0.7490625 0.195 0.103125 0.13666666666666666
0 0.5615625 0.09666666666666666 0.093125 0.12333333333333334
0 0.6534375 0.10458333333333333 0.083125 0.11083333333333334
0 0.723125 0.8329166666666666 0.0975 0.13083333333333333
0 0.383125 0.2525 0.08875 0.11833333333333333
0 0.7103125 0.91625 0.094375 0.12583333333333332
0 0.743125 0.7808333333333334 0.0775 0.10333333333333333
0 0.5509375 0.3491666666666667 0.098125 0.13166666666666665
1 0.4025 0.4875 0.11375 0.15166666666666667
0 0.305 0.6620833333333334 0.08875 0.11916666666666667
0 0.5990625 0.0875 0.095625 0.12833333333333333