0 0.2609375 0.7729166666666667 0.099375 0.1325
0 0.53625 0.19 0.09375 0.125
0 0.7109375 0.4845833333333333 0.104375 0.13916666666666666
0 0.8821875 0.20791666666666667 0.091875 0.1225
0 0.576875 0.6508333333333334 0.11125 0.14833333333333334
0 0.3528125 0.59875 0.105625 0.14083333333333334
0 0.609375 0.23166666666666666 0.105 0.14
0 0.64 0.0825 0.095 0.12666666666666668
0 0.488125 0.8641666666666666 0.1 0.13333333333333333
0 0.4703125 0.16 0.099375 0.13166666666666665
0 0.5203125 0.35375 0.101875 0.13583333333333333
0 0.0740625 0.49625 0.105625 0.14083333333333334
0 0.79375 0.51625 0.1025 0.1375
0 0.316875 0.43291666666666667 0.0925 0.1225
0 0.6896875 0.29541666666666666 0.109375 0.14583333333333334
0 0.38125 0.80375 0.10625 0.14083333333333334
0 0.5675 0.8525 0.10125 0.135
0 0.21625 0.6533333333333333 0.1025 0.13666666666666666
0 0.738125 0.11666666666666667 0.10375 0.13833333333333334
0 0.2953125 0.3645833333333333 0.099375 0.1325
0 0.1946875 0.595 0.109375 0.145
1 0.87875 0.32 0.12625 0.16833333333333333