0 0.64 0.20083333333333334 0.08625 0.115
0 0.6140625 0.7345833333333334 0.084375 0.1125
0 0.583125 0.2679166666666667 0.0875 0.1175
0 0.799375 0.3975 0.09625 0.12833333333333333
0 0.4434375 0.8854166666666666 0.093125 0.12416666666666666
0 0.500625 0.38458333333333333 0.08375 0.11083333333333334
0 0.5584375 0.11708333333333333 0.083125 0.11083333333333334
0 0.9328125 0.31916666666666665 0.090625 0.12
0 0.684375 0.5029166666666667 0.09875 0.13083333333333333
0 0.2690625 0.56625 0.101875 0.13583333333333333
0 0.66625 0.8875 0.095 0.12666666666666668
0 0.663125 0.27416666666666667 0.09 0.12
0 0.5171875 0.8204166666666667 0.088125 0.1175
0 0.885 0.5316666666666666 0.08875 0.11833333333333333
0 0.1596875 0.45875 0.108125 0.14416666666666667
0 0.8353125 0.13958333333333334 0.101875 0.13583333333333333
0 0.78375 0.19041666666666668 0.09125 0.12083333333333333
0 0.17625 0.385 0.09125 0.12166666666666667
0 0.3546875 0.8970833333333333 0.089375 0.11916666666666667
1 0.7075 0.18291666666666667 0.08625 0.11583333333333333
0 0.058125 0.6995833333333333 0.085 0.1125
0 0.405625 0.5775 0.0875 0.11666666666666667
0 0.8225 0.5733333333333334 0.09 0.12
0 0.428125 0.7775 0.0975 0.13
0 0.4821875 0.7520833333333333 0.086875 0.11583333333333333
0 0.6884375 0.3466666666666667 0.096875 0.13
0 0.256875 0.20125 0.08375 0.11083333333333334
0 0.0590625 0.5304166666666666 0.086875 0.11583333333333333
0 0.8240625 0.6483333333333333 0.095625 0.12666666666666668
0 0.94375 0.5504166666666667 0.08125 0.10916666666666666
0 0.4484375 0.23625 0.088125 0.1175
0 0.596875 0.06416666666666666 0.07625 0.10166666666666667
0 0.45375 0.465 0.095 0.12666666666666668
0 0.5884375 0.5916666666666667 0.076875 0.10333333333333333
0 0.6640625 0.115 0.108125 0.14333333333333334
0 0.609375 0.8366666666666667 0.0975 0.13
0 0.3271875 0.83625 0.086875 0.11583333333333333
0 0.7553125 0.64 0.106875 0.14333333333333334
0 0.0525 0.4658333333333333 0.07875 0.105
0 0.4340625 0.6354166666666666 0.089375 0.11916666666666667
0 0.0925 0.64375 0.10625 0.1425
0 0.0840625 0.5195833333333333 0.090625 0.12083333333333333
0 0.5053125 0.43625 0.085625 0.11416666666666667
0 0.3034375 0.17375 0.080625 0.1075
1 0.3090625 0.77125 0.124375 0.16583333333333333
0 0.1734375 0.9166666666666666 0.101875 0.13666666666666666
0 0.0940625 0.58875 0.079375 0.10583333333333333
0 0.5590625 0.80625 0.091875 0.1225