0 0.41125 0.94 0.07125 0.1
0 0.5184375 0.8745833333333334 0.063125 0.09083333333333334
0 0.7146875 0.8004166666666667 0.064375 0.0825
0 0.6046875 0.52625 0.079375 0.1025
0 0.26625 0.8191666666666667 0.075 0.10333333333333333
0 0.389375 0.8075 0.06625 0.09166666666666666
0 0.33125 0.86375 0.0775 0.1025
0 0.5121875 0.2025 0.078125 0.10333333333333333
0 0.5753125 0.925 0.060625 0.08666666666666667
0 0.4834375 0.29083333333333333 0.063125 0.09833333333333333
0 0.470625 0.8016666666666666 0.07125 0.09666666666666666
0 0.829375 0.6391666666666667 0.0675 0.095
0 0.5134375 0.48125 0.081875 0.1025
0 0.5859375 0.68125 0.071875 0.09583333333333334
0 0.673125 0.91875 0.07625 0.09916666666666667
0 0.8153125 0.8954166666666666 0.070625 0.10083333333333333
0 0.440625 0.6208333333333333 0.06875 0.09333333333333334
0 0.63875 0.7329166666666667 0.065 0.09083333333333334
0 0.7353125 0.8754166666666666 0.064375 0.08583333333333333
0 0.6334375 0.37041666666666667 0.080625 0.10916666666666666
0 0.6703125 0.4725 0.083125 0.095
0 0.225625 0.26166666666666666 0.0675 0.08666666666666667
0 0.3771875 0.08791666666666667 0.058125 0.08083333333333333
0 0.2475 0.13333333333333333 0.06 0.095
0 0.2634375 0.51375 0.073125 0.09583333333333334
1 0.619375 0.26666666666666666 0.0825 0.11833333333333333
1 0.32625 0.6004166666666667 0.09625 0.11916666666666667
1 0.586875 0.79875 0.065 0.09416666666666666
0 0.5715625 0.12041666666666667 0.060625 0.08416666666666667
0 0.6746875 0.10583333333333333 0.083125 0.10666666666666667
0 0.77125 0.9195833333333333 0.07 0.09583333333333334
0 0.2228125 0.345 0.066875 0.07666666666666666
0 0.326875 0.10458333333333333 0.0625 0.08083333333333333
0 0.2059375 0.89375 0.059375 0.0875
0 0.196875 0.1075 0.055 0.085
1 0.4075 0.7091666666666666 0.0725 0.105
1 0.715625 0.5504166666666667 0.105 0.13416666666666666
0 0.554375 0.7616666666666667 0.05375 0.085
0 0.1921875 0.9416666666666667 0.058125 0.085
0 0.6865625 0.8808333333333334 0.071875 0.085
0 0.218125 0.43125 0.06 0.09416666666666666
0 0.354375 0.6741666666666667 0.07125 0.09833333333333333
0 0.354375 0.7216666666666667 0.07125 0.08
0 0.5265625 0.1125 0.061875 0.07833333333333334
0 0.643125 0.11333333333333333 0.07375 0.08333333333333333
0 0.6403125 0.15 0.076875 0.085
0 0.6103125 0.20208333333333334 0.065625 0.07916666666666666
0 0.8128125 0.09125 0.060625 0.08916666666666667