0 0.5096875 0.585 0.065625 0.09166666666666666
0 0.761875 0.32166666666666666 0.0625 0.09
0 0.2821875 0.056666666666666664 0.063125 0.09
0 0.733125 0.7958333333333333 0.07625 0.08333333333333333
0 0.6396875 0.07375 0.070625 0.07916666666666666
0 0.7628125 0.5104166666666666 0.069375 0.09416666666666666
0 0.670625 0.16625 0.075 0.08916666666666667
0 0.58375 0.41583333333333333 0.06125 0.09166666666666666
0 0.58 0.6395833333333333 0.0625 0.08083333333333333
0 0.5934375 0.5383333333333333 0.064375 0.08666666666666667
0 0.448125 0.6220833333333333 0.0725 0.09416666666666666
0 0.566875 0.13208333333333333 0.0675 0.07916666666666666
0 0.4109375 0.84 0.063125 0.09166666666666666
0 0.4996875 0.4891666666666667 0.059375 0.08666666666666667
1 0.2634375 0.5904166666666667 0.084375 0.11416666666666667
0 0.468125 0.35833333333333334 0.07875 0.11
0 0.42125 0.51 0.0575 0.08666666666666667
0 0.230625 0.8675 0.07125 0.10333333333333333
0 0.6621875 0.34208333333333335 0.066875 0.08583333333333333
0 0.27625 0.69 0.06875 0.08666666666666667
0 0.57375 0.8370833333333333 0.0675 0.08916666666666667
0 0.356875 0.87625 0.0625 0.0875
0 0.315625 0.7933333333333333 0.05625 0.09333333333333334
0 0.5021875 0.10916666666666666 0.058125 0.09
1 0.6315625 0.7866666666666666 0.081875 0.11166666666666666
0 0.8365625 0.3720833333333333 0.066875 0.08416666666666667
0 0.6571875 0.44708333333333333 0.065625 0.08416666666666667
0 0.51 0.40625 0.06 0.08583333333333333
0 0.660625 0.29125 0.06625 0.08416666666666667
0 0.7965625 0.1025 0.070625 0.1
0 0.63375 0.5708333333333333 0.06625 0.08666666666666667
0 0.259375 0.8 0.06875 0.105
0 0.7190625 0.5483333333333333 0.076875 0.095
0 0.6771875 0.49 0.079375 0.09666666666666666
0 0.41625 0.14625 0.08 0.0775
0 0.458125 0.8095833333333333 0.0575 0.10416666666666667
0 0.1846875 0.085 0.088125 0.095
0 0.320625 0.5925 0.06 0.125
1 0.8159375 0.19333333333333333 0.086875 0.09666666666666666
0 0.7915625 0.24166666666666667 0.076875 0.075
0 0.838125 0.14625 0.07 0.09083333333333334
0 0.8328125 0.9308333333333333 0.064375 0.09833333333333333