0 0.1734375 0.7925 0.098125 0.13166666666666665
0 0.49625 0.8270833333333333 0.10375 0.13916666666666666
0 0.9009375 0.18875 0.100625 0.13416666666666666
0 0.749375 0.595 0.095 0.12666666666666668
0 0.319375 0.40166666666666667 0.1025 0.13666666666666666
0 0.81 0.2841666666666667 0.095 0.12666666666666668
0 0.35625 0.525 0.095 0.12666666666666668
0 0.22625 0.3625 0.0975 0.13
0 0.76125 0.4970833333333333 0.0925 0.1225
0 0.8384375 0.4870833333333333 0.101875 0.13583333333333333
0 0.623125 0.4579166666666667 0.10375 0.1375
0 0.6965625 0.47291666666666665 0.105625 0.14083333333333334
0 0.481875 0.52875 0.09125 0.12083333333333333
0 0.6784375 0.6070833333333333 0.090625 0.12083333333333333
0 0.883125 0.29 0.10375 0.13833333333333334
0 0.316875 0.17791666666666667 0.10375 0.13916666666666666
0 0.6075 0.20083333333333334 0.10875 0.145
0 0.7715625 0.21875 0.094375 0.12583333333333332
0 0.399375 0.4508333333333333 0.09875 0.13166666666666665
0 0.6559375 0.36875 0.094375 0.12583333333333332
0 0.4515625 0.37333333333333335 0.101875 0.13666666666666666
0 0.668125 0.26125 0.1 0.13416666666666666
0 0.59625 0.5591666666666667 0.09875 0.13166666666666665
0 0.21625 0.7158333333333333 0.085 0.11333333333333333
0 0.2453125 0.21333333333333335 0.105625 0.14
0 0.09625 0.7929166666666667 0.10375 0.13916666666666666
0 0.3715625 0.26125 0.108125 0.14416666666666667
0 0.54625 0.8733333333333333 0.095 0.12666666666666668
0 0.254375 0.84 0.09 0.12
0 0.8878125 0.60375 0.098125 0.13083333333333333
0 0.105 0.5366666666666666 0.09125 0.12166666666666667
0 0.314375 0.7791666666666667 0.09875 0.13166666666666665
0 0.4290625 0.8833333333333333 0.093125 0.12333333333333334
0 0.2165625 0.4775 0.096875 0.12833333333333333
0 0.636875 0.74 0.10375 0.13833333333333334
0 0.94125 0.4870833333333333 0.095 0.1275
0 0.18375 0.895 0.1225 0.16333333333333333
0 0.055 0.455 0.1025 0.13666666666666666
0 0.5709375 0.09625 0.099375 0.1325
0 0.8053125 0.57875 0.094375 0.12583333333333332
0 0.77875 0.07875 0.10625 0.1425
0 0.4228125 0.55375 0.086875 0.11583333333333333
0 0.3590625 0.7429166666666667 0.098125 0.13083333333333333
0 0.4184375 0.8129166666666666 0.110625 0.1475
0 0.764375 0.3729166666666667 0.09 0.11916666666666667
0 0.2828125 0.30416666666666664 0.100625 0.135
0 0.5703125 0.7716666666666666 0.088125 0.11666666666666667
0 0.840625 0.6870833333333334 0.0775 0.10416666666666667
0 0.295 0.685 0.1025 0.13666666666666666
0 0.4325 0.15 0.10625 0.14166666666666666
0 0.8375 0.36666666666666664 0.09125 0.12166666666666667
0 0.348125 0.075 0.095 0.12666666666666668
0 0.526875 0.3275 0.1025 0.13666666666666666
0 0.303125 0.6170833333333333 0.08625 0.11416666666666667
0 0.2978125 0.49166666666666664 0.090625 0.12
0 0.7240625 0.13125 0.110625 0.1475
0 0.5278125 0.7345833333333334 0.098125 0.13083333333333333
0 0.9421875 0.37083333333333335 0.103125 0.13666666666666666
0 0.3884375 0.61625 0.091875 0.1225
0 0.5775 0.3545833333333333 0.0975 0.13083333333333333
1 0.358125 0.6479166666666667 0.0875 0.11583333333333333
0 0.8109375 0.66625 0.085625 0.11416666666666667
0 0.5109375 0.06958333333333333 0.098125 0.13083333333333333