0 0.70625 0.5325 0.1 0.13333333333333333
0 0.721875 0.27458333333333335 0.09125 0.12083333333333333
0 0.685 0.3875 0.08875 0.11833333333333333
0 0.2203125 0.16708333333333333 0.100625 0.13416666666666666
0 0.57 0.33666666666666667 0.08875 0.11833333333333333
0 0.4734375 0.19791666666666666 0.108125 0.14416666666666667
0 0.6884375 0.8095833333333333 0.098125 0.13083333333333333
0 0.1475 0.24458333333333335 0.11125 0.14916666666666667
0 0.5884375 0.46625 0.106875 0.1425
0 0.2365625 0.7225 0.098125 0.13
0 0.5775 0.6879166666666666 0.10625 0.1425
0 0.224375 0.38166666666666665 0.09 0.12
0 0.528125 0.5291666666666667 0.1025 0.13666666666666666
0 0.5653125 0.19708333333333333 0.098125 0.13083333333333333
0 0.5146875 0.3954166666666667 0.096875 0.12916666666666668
0 0.088125 0.2733333333333333 0.10875 0.145
0 0.3415625 0.40375 0.089375 0.11916666666666667
0 0.328125 0.12041666666666667 0.0875 0.1175
0 0.285625 0.3570833333333333 0.0875 0.11583333333333333
0 0.384375 0.4425 0.1025 0.13666666666666666
0 0.1859375 0.6658333333333334 0.106875 0.14166666666666666
0 0.180625 0.3975 0.10375 0.13833333333333334
0 0.4425 0.2625 0.1 0.13333333333333333
0 0.590625 0.5883333333333334 0.1075 0.14333333333333334
0 0.365625 0.2 0.085 0.11333333333333333
0 0.765 0.32666666666666666 0.11375 0.15166666666666667
0 0.2884375 0.56375 0.110625 0.1475
0 0.6559375 0.5608333333333333 0.099375 0.13166666666666665
0 0.2946875 0.16583333333333333 0.096875 0.13
0 0.4359375 0.52375 0.110625 0.1475
0 0.11875 0.46416666666666667 0.11 0.14666666666666667
0 0.6746875 0.6495833333333333 0.104375 0.13916666666666666
0 0.2940625 0.24375 0.098125 0.13083333333333333
0 0.3028125 0.5070833333333333 0.115625 0.15416666666666667
0 0.3253125 0.3129166666666667 0.080625 0.1075
0 0.9328125 0.66625 0.113125 0.15083333333333335
0 0.2859375 0.46541666666666665 0.110625 0.1475