0 0.3953125 0.11958333333333333 0.090625 0.12083333333333333
0 0.47375 0.3625 0.08 0.10666666666666667
0 0.09625 0.6541666666666667 0.0825 0.11
0 0.706875 0.6066666666666667 0.07625 0.10166666666666667
0 0.3459375 0.30375 0.089375 0.11916666666666667
0 0.5825 0.8358333333333333 0.07875 0.105
0 0.3921875 0.24375 0.104375 0.13916666666666666
0 0.5684375 0.5504166666666667 0.090625 0.12083333333333333
0 0.8334375 0.51625 0.085625 0.11416666666666667
0 0.2990625 0.1425 0.089375 0.12
0 0.54 0.75875 0.08625 0.11416666666666667
0 0.5334375 0.47375 0.093125 0.12416666666666666
0 0.848125 0.2991666666666667 0.08875 0.11833333333333333
0 0.53625 0.9108333333333334 0.0875 0.11666666666666667
0 0.683125 0.6895833333333333 0.10125 0.13583333333333333
0 0.893125 0.585 0.08625 0.115
0 0.4984375 0.5416666666666666 0.084375 0.11333333333333333
1 0.2628125 0.24125 0.130625 0.17416666666666666
0 0.4021875 0.5416666666666666 0.096875 0.12833333333333333
0 0.493125 0.8308333333333333 0.095 0.12666666666666668
0 0.6375 0.7966666666666666 0.0875 0.11666666666666667
0 0.7896875 0.5704166666666667 0.090625 0.12083333333333333
0 0.78125 0.25416666666666665 0.0925 0.12333333333333334
0 0.7325 0.5129166666666667 0.09625 0.1275
0 0.5328125 0.36791666666666667 0.093125 0.12416666666666666
0 0.4284375 0.6195833333333334 0.098125 0.13083333333333333
0 0.4940625 0.6529166666666667 0.094375 0.12583333333333332
0 0.9340625 0.42 0.091875 0.12166666666666667
0 0.3546875 0.81 0.085625 0.11333333333333333
0 0.6728125 0.7904166666666667 0.104375 0.13916666666666666
1 0.16875 0.7333333333333333 0.11625 0.155
0 0.925 0.32208333333333333 0.095 0.1275
0 0.3778125 0.3595833333333333 0.096875 0.12916666666666668
0 0.8628125 0.18833333333333332 0.100625 0.13333333333333333
0 0.2165625 0.38166666666666665 0.096875 0.12833333333333333
0 0.899375 0.24041666666666667 0.09125 0.12083333333333333
0 0.8753125 0.4870833333333333 0.095625 0.1275
0 0.0946875 0.7229166666666667 0.093125 0.12416666666666666
0 0.8696875 0.38 0.084375 0.11333333333333333
0 0.7384375 0.38208333333333333 0.099375 0.1325
0 0.5721875 0.28541666666666665 0.083125 0.11083333333333334
0 0.1396875 0.5783333333333334 0.095625 0.12833333333333333
0 0.4103125 0.9254166666666667 0.091875 0.1225
0 0.0840625 0.80375 0.075625 0.10083333333333333
0 0.703125 0.2833333333333333 0.0975 0.13
0 0.6134375 0.06666666666666667 0.095625 0.12666666666666668
0 0.50125 0.22541666666666665 0.09875 0.13083333333333333
0 0.4528125 0.8383333333333334 0.079375 0.105
0 0.286875 0.755 0.08375 0.11166666666666666
0 0.553125 0.12833333333333333 0.10375 0.13833333333333334
0 0.6865625 0.32916666666666666 0.095625 0.12833333333333333
0 0.2690625 0.6866666666666666 0.081875 0.11
0 0.0775 0.47 0.09625 0.12833333333333333
0 0.8615625 0.41875 0.100625 0.13416666666666666
0 0.4340625 0.7379166666666667 0.095625 0.1275
0 0.536875 0.31833333333333336 0.10125 0.135
0 0.4796875 0.23833333333333334 0.101875 0.13666666666666666
0 0.466875 0.71 0.095 0.12666666666666668
1 0.19625 0.2825 0.14125 0.18833333333333332
1 0.6459375 0.4245833333333333 0.130625 0.17416666666666666
1 0.211875 0.6020833333333333 0.10875 0.14583333333333334
0 0.2184375 0.83625 0.093125 0.12416666666666666
0 0.4134375 0.7758333333333334 0.098125 0.13166666666666665
0 0.2940625 0.7295833333333334 0.090625 0.12083333333333333
0 0.294375 0.805 0.0925 0.12333333333333334
0 0.2434375 0.8145833333333333 0.086875 0.11583333333333333
0 0.241875 0.8575 0.09875 0.13166666666666665
0 0.939375 0.26 0.09375 0.125
0 0.7121875 0.4083333333333333 0.095625 0.12666666666666668
0 0.578125 0.15666666666666668 0.0925 0.12333333333333334
0 0.5525 0.21666666666666667 0.0825 0.11
0 0.6025 0.08458333333333333 0.09125 0.1225
0 0.2096875 0.6808333333333333 0.074375 0.1
0 0.249375 0.6141666666666666 0.0775 0.10333333333333333
0 0.1884375 0.5445833333333333 0.091875 0.1225
0 0.1346875 0.5120833333333333 0.103125 0.1375
0 0.675625 0.5183333333333333 0.09375 0.125