0 0.535 0.43833333333333335 0.0875 0.11666666666666667
0 0.731875 0.4558333333333333 0.095 0.12666666666666668
0 0.138125 0.5841666666666666 0.10625 0.14166666666666666
0 0.29125 0.2675 0.11 0.14666666666666667
0 0.344375 0.35375 0.10375 0.1375
0 0.79125 0.8841666666666667 0.11125 0.14833333333333334
0 0.2696875 0.68125 0.108125 0.14416666666666667
0 0.3284375 0.47291666666666665 0.105625 0.14083333333333334
0 0.695625 0.5691666666666667 0.10375 0.13833333333333334
0 0.6325 0.69375 0.10125 0.13583333333333333
0 0.275 0.5825 0.1 0.13333333333333333
0 0.17 0.20958333333333334 0.10625 0.1425
0 0.23875 0.18416666666666667 0.11375 0.15166666666666667
0 0.8178125 0.6945833333333333 0.120625 0.16083333333333333
0 0.114375 0.15541666666666668 0.11625 0.15583333333333332
0 0.710625 0.6641666666666667 0.11875 0.15833333333333333
0 0.4153125 0.2783333333333333 0.109375 0.14666666666666667
0 0.7853125 0.6304166666666666 0.099375 0.1325
0 0.396875 0.53375 0.11 0.14583333333333334
0 0.601875 0.6329166666666667 0.11375 0.1525
0 0.4740625 0.7270833333333333 0.104375 0.13916666666666666
0 0.635625 0.38 0.1275 0.17
0 0.65375 0.6241666666666666 0.09 0.12
0 0.895625 0.4825 0.12625 0.16833333333333333
0 0.2290625 0.6020833333333333 0.113125 0.15083333333333335
0 0.345 0.11916666666666667 0.11625 0.155
0 0.5928125 0.365 0.128125 0.17
0 0.54375 0.11458333333333333 0.10875 0.14583333333333334
0 0.8821875 0.7370833333333333 0.111875 0.14916666666666667
0 0.551875 0.8416666666666667 0.115 0.15333333333333332
0 0.5053125 0.09958333333333333 0.101875 0.13583333333333333