0 0.52125 0.6575 0.06 0.07833333333333334
0 0.299375 0.3491666666666667 0.06375 0.08166666666666667
0 0.6284375 0.30125 0.069375 0.10083333333333333
0 0.629375 0.41125 0.05625 0.0775
0 0.6896875 0.62125 0.063125 0.08583333333333333
0 0.2896875 0.73 0.073125 0.1
0 0.051875 0.53375 0.065 0.0925
0 0.630625 0.7366666666666667 0.06375 0.08333333333333333
0 0.359375 0.6804166666666667 0.0725 0.0925
0 0.5503125 0.42291666666666666 0.056875 0.08583333333333333
0 0.8378125 0.1175 0.063125 0.085
0 0.470625 0.51625 0.06125 0.0775
0 0.4503125 0.3929166666666667 0.070625 0.0875
0 0.786875 0.8004166666666667 0.05375 0.07416666666666667
0 0.8196875 0.20333333333333334 0.076875 0.105
0 0.5428125 0.10416666666666667 0.071875 0.09666666666666666
0 0.8521875 0.27708333333333335 0.065625 0.08416666666666667
0 0.475 0.595 0.0675 0.08166666666666667
0 0.7103125 0.105 0.075625 0.1
0 0.35 0.1175 0.0725 0.095
0 0.2153125 0.8345833333333333 0.061875 0.08083333333333333
0 0.7696875 0.69125 0.069375 0.0925
0 0.82625 0.4195833333333333 0.06875 0.09583333333333334
0 0.1490625 0.2075 0.064375 0.07833333333333334
0 0.8065625 0.3254166666666667 0.061875 0.0725
0 0.3675 0.44708333333333333 0.07125 0.0875
0 0.7453125 0.9366666666666666 0.064375 0.09666666666666666
0 0.1678125 0.9 0.066875 0.09333333333333334
0 0.2390625 0.9454166666666667 0.075625 0.09416666666666666
0 0.084375 0.9170833333333334 0.07 0.08916666666666667
0 0.873125 0.5675 0.06375 0.075
0 0.2715625 0.43833333333333335 0.051875 0.07333333333333333
0 0.838125 0.7125 0.06625 0.08666666666666667
0 0.8953125 0.40958333333333335 0.059375 0.09083333333333334
0 0.20875 0.19416666666666665 0.05625 0.07666666666666666
0 0.47375 0.31666666666666665 0.06625 0.07666666666666666
0 0.891875 0.75625 0.06 0.07583333333333334
0 0.1125 0.8645833333333334 0.0575 0.07416666666666667
0 0.80875 0.04375 0.055 0.07916666666666666
0 0.411875 0.29083333333333333 0.05625 0.07833333333333334
0 0.7325 0.8070833333333334 0.06 0.0775
0 0.1578125 0.59875 0.065625 0.0825
0 0.1153125 0.8108333333333333 0.064375 0.095
0 0.3978125 0.20333333333333334 0.065625 0.09
0 0.9134375 0.6970833333333334 0.061875 0.07583333333333334
0 0.465625 0.16625 0.05125 0.07083333333333333
0 0.9425 0.6325 0.05125 0.075
0 0.5096875 0.18541666666666667 0.065625 0.07083333333333333
0 0.0696875 0.155 0.068125 0.10333333333333333
0 0.893125 0.4875 0.06875 0.08166666666666667
0 0.6959375 0.73875 0.070625 0.08083333333333333
0 0.6440625 0.9091666666666667 0.055625 0.07166666666666667
0 0.5934375 0.8979166666666667 0.058125 0.08583333333333333
0 0.7346875 0.26666666666666666 0.073125 0.08666666666666667
0 0.35875 0.24416666666666667 0.05875 0.08166666666666667
0 0.7325 0.30333333333333334 0.0575 0.08166666666666667
0 0.135 0.6683333333333333 0.05375 0.06666666666666667
0 0.3490625 0.5416666666666666 0.053125 0.08
0 0.7159375 0.8541666666666666 0.068125 0.085
0 0.244375 0.2704166666666667 0.05125 0.07583333333333334
0 0.493125 0.46291666666666664 0.075 0.08416666666666667
0 0.8940625 0.13083333333333333 0.049375 0.075
0 0.8540625 0.63875 0.065625 0.06916666666666667
0 0.1134375 0.5529166666666666 0.058125 0.0825
0 0.749375 0.056666666666666664 0.05875 0.09666666666666666
0 0.944375 0.7895833333333333 0.06125 0.0775
0 0.6828125 0.16541666666666666 0.056875 0.09083333333333334
1 0.4121875 0.47833333333333333 0.079375 0.095
0 0.64875 0.13541666666666666 0.06625 0.08416666666666667
0 0.635625 0.19041666666666668 0.05625 0.0725
0 0.3084375 0.47041666666666665 0.051875 0.10583333333333333
0 0.78 0.12625 0.055 0.0775
0 0.9146875 0.5591666666666667 0.049375 0.08333333333333333
0 0.599375 0.17291666666666666 0.05125 0.059166666666666666
0 0.0625 0.8358333333333333 0.0475 0.07666666666666666
0 0.563125 0.8916666666666667 0.07 0.08
0 0.4403125 0.24541666666666667 0.046875 0.0825