0 0.5509375 0.1625 0.065625 0.09166666666666666
0 0.386875 0.7054166666666667 0.0775 0.1075
0 0.7453125 0.60875 0.063125 0.08416666666666667
0 0.8209375 0.53125 0.073125 0.1025
0 0.5971875 0.5995833333333334 0.059375 0.0875
0 0.5028125 0.3595833333333333 0.063125 0.0875
0 0.5978125 0.4270833333333333 0.076875 0.11083333333333334
0 0.395625 0.45875 0.06625 0.0875
0 0.8403125 0.91375 0.060625 0.09083333333333334
0 0.4734375 0.44083333333333335 0.068125 0.095
0 0.7090625 0.34958333333333336 0.078125 0.10916666666666666
0 0.704375 0.6733333333333333 0.075 0.10166666666666667
0 0.489375 0.25083333333333335 0.0725 0.10166666666666667
0 0.315625 0.18125 0.05875 0.0875
0 0.5990625 0.09125 0.070625 0.08583333333333333
0 0.686875 0.54125 0.07875 0.09583333333333334
0 0.440625 0.31833333333333336 0.07125 0.105
0 0.3509375 0.06875 0.061875 0.08916666666666667
0 0.6571875 0.6183333333333333 0.069375 0.08833333333333333
0 0.2390625 0.20791666666666667 0.078125 0.09916666666666667
0 0.3375 0.9266666666666666 0.07125 0.09
0 0.506875 0.6133333333333333 0.06875 0.095
0 0.4378125 0.11375 0.054375 0.11916666666666667
0 0.566875 0.6745833333333333 0.06 0.08083333333333333
0 0.695 0.14666666666666667 0.0575 0.09
0 0.6284375 0.6979166666666666 0.070625 0.08083333333333333
0 0.7734375 0.7054166666666667 0.051875 0.08583333333333333
1 0.371875 0.3695833333333333 0.0825 0.1025
0 0.8353125 0.7904166666666667 0.071875 0.09083333333333334
0 0.3990625 0.25958333333333333 0.058125 0.0875
0 0.169375 0.7904166666666667 0.07375 0.0975
0 0.543125 0.2891666666666667 0.065 0.08333333333333333
0 0.165625 0.24166666666666667 0.06625 0.09666666666666666
0 0.586875 0.04625 0.06125 0.07916666666666666
0 0.7996875 0.8479166666666667 0.063125 0.1025
1 0.1871875 0.11666666666666667 0.086875 0.105
0 0.7503125 0.47041666666666665 0.063125 0.09083333333333334
0 0.6059375 0.7633333333333333 0.059375 0.09
0 0.638125 0.5358333333333334 0.065 0.08666666666666667
0 0.81125 0.7166666666666667 0.0625 0.095
0 0.6596875 0.47041666666666665 0.060625 0.0875
0 0.3515625 0.21916666666666668 0.070625 0.10333333333333333
0 0.599375 0.3258333333333333 0.05625 0.09333333333333334
0 0.3275 0.12916666666666668 0.07625 0.09333333333333334
0 0.7296875 0.85375 0.084375 0.10083333333333333
1 0.1503125 0.17041666666666666 0.051875 0.10916666666666666
0 0.24875 0.8295833333333333 0.06 0.1125
0 0.261875 0.88875 0.07125 0.0875
0 0.5809375 0.9454166666666667 0.074375 0.1025
0 0.5615625 0.8945833333333333 0.086875 0.0975
0 0.5053125 0.7275 0.065625 0.09833333333333333
0 0.538125 0.7645833333333333 0.0775 0.09083333333333334
0 0.8490625 0.6358333333333334 0.049375 0.07166666666666667
0 0.7171875 0.46166666666666667 0.050625 0.08333333333333333