0 0.744375 0.7158333333333333 0.09125 0.12166666666666667
0 0.135 0.7091666666666666 0.09375 0.125
0 0.8525 0.49666666666666665 0.09 0.12
0 0.5628125 0.6695833333333333 0.089375 0.11916666666666667
0 0.8196875 0.17791666666666667 0.099375 0.1325
0 0.1040625 0.6391666666666667 0.094375 0.125
0 0.438125 0.9366666666666666 0.09375 0.125
0 0.626875 0.2325 0.09625 0.12833333333333333
0 0.3909375 0.16875 0.094375 0.12583333333333332
0 0.2753125 0.3129166666666667 0.096875 0.12916666666666668
0 0.8175 0.305 0.0975 0.13
0 0.6503125 0.8320833333333333 0.083125 0.11083333333333334
0 0.89 0.35625 0.10125 0.13416666666666666
0 0.686875 0.25666666666666665 0.105 0.14
0 0.2925 0.16083333333333333 0.10125 0.135
0 0.2934375 0.85375 0.095625 0.1275
0 0.2271875 0.6620833333333334 0.094375 0.12583333333333332
0 0.20625 0.25958333333333333 0.0975 0.13083333333333333
0 0.44125 0.30041666666666667 0.0875 0.1175
0 0.22625 0.5925 0.0975 0.13
0 0.4109375 0.41291666666666665 0.080625 0.1075
0 0.7165625 0.54875 0.084375 0.1125
0 0.43625 0.10166666666666667 0.09125 0.12166666666666667
0 0.4690625 0.41083333333333333 0.085625 0.115
0 0.1528125 0.5516666666666666 0.094375 0.12666666666666668
0 0.5409375 0.41291666666666665 0.089375 0.11916666666666667
0 0.6896875 0.7820833333333334 0.095625 0.1275
0 0.8771875 0.2920833333333333 0.094375 0.12583333333333332
0 0.228125 0.8991666666666667 0.08 0.10666666666666667
1 0.9234375 0.445 0.116875 0.155
0 0.5809375 0.36041666666666666 0.098125 0.13083333333333333
0 0.5859375 0.52625 0.096875 0.12916666666666668
0 0.4759375 0.34458333333333335 0.093125 0.12416666666666666
0 0.6334375 0.37958333333333333 0.094375 0.12583333333333332
0 0.7184375 0.4041666666666667 0.098125 0.13166666666666665
0 0.6096875 0.4170833333333333 0.089375 0.11916666666666667