0 0.2203125 0.76875 0.079375 0.10583333333333333
0 0.3815625 0.1775 0.089375 0.11833333333333333
0 0.4565625 0.5754166666666667 0.089375 0.11916666666666667
0 0.15375 0.6679166666666667 0.095 0.12583333333333332
0 0.2771875 0.6408333333333334 0.096875 0.12833333333333333
0 0.5328125 0.11791666666666667 0.093125 0.12416666666666666
0 0.674375 0.4141666666666667 0.0825 0.11
0 0.5625 0.5904166666666667 0.10125 0.13583333333333333
0 0.825625 0.13833333333333334 0.09125 0.12166666666666667
0 0.1084375 0.7579166666666667 0.103125 0.1375
0 0.61625 0.5070833333333333 0.0875 0.11583333333333333
0 0.1228125 0.41208333333333336 0.099375 0.1325
0 0.27625 0.3983333333333333 0.08625 0.115
0 0.47125 0.105 0.08375 0.11166666666666666
0 0.9084375 0.33208333333333334 0.104375 0.13916666666666666
0 0.7459375 0.2520833333333333 0.090625 0.12083333333333333
0 0.610625 0.12166666666666667 0.09125 0.12166666666666667
0 0.3628125 0.33 0.074375 0.09833333333333333
0 0.8334375 0.6895833333333333 0.083125 0.11083333333333334
0 0.7815625 0.36666666666666664 0.085625 0.115
0 0.3553125 0.6741666666666667 0.085625 0.115
0 0.661875 0.35 0.105 0.14
0 0.29125 0.7475 0.08 0.10666666666666667
0 0.085 0.6416666666666667 0.08 0.10666666666666667
0 0.289375 0.19083333333333333 0.08 0.10666666666666667
0 0.3853125 0.46791666666666665 0.076875 0.1025
0 0.21875 0.61 0.07375 0.09833333333333333
0 0.488125 0.45375 0.08125 0.10916666666666666
0 0.04375 0.7075 0.0875 0.11666666666666667
1 0.8378125 0.2704166666666667 0.108125 0.14416666666666667
0 0.25625 0.8325 0.08 0.10666666666666667
0 0.4609375 0.19333333333333333 0.080625 0.10666666666666667
0 0.4178125 0.09958333333333333 0.078125 0.10416666666666667
0 0.5728125 0.8616666666666667 0.084375 0.11166666666666666
0 0.3321875 0.81125 0.098125 0.13083333333333333
0 0.4415625 0.41375 0.086875 0.11583333333333333
0 0.4275 0.8266666666666667 0.1 0.13333333333333333
0 0.4934375 0.77875 0.074375 0.09916666666666667
0 0.23375 0.21833333333333332 0.0775 0.10333333333333333
0 0.3403125 0.50125 0.073125 0.0975
0 0.5028125 0.87625 0.084375 0.1125
0 0.2840625 0.89625 0.080625 0.1075
1 0.4896875 0.6354166666666666 0.114375 0.1525
0 0.3103125 0.11083333333333334 0.096875 0.13
0 0.105 0.845 0.08625 0.115
0 0.776875 0.7391666666666666 0.09875 0.13166666666666665
1 0.5240625 0.27208333333333334 0.128125 0.17083333333333334
0 0.5321875 0.47541666666666665 0.071875 0.09583333333333334
0 0.449375 0.8891666666666667 0.0775 0.10333333333333333
0 0.3971875 0.7195833333333334 0.075625 0.10083333333333333
0 0.25625 0.9029166666666667 0.09 0.11916666666666667
0 0.88875 0.1925 0.08 0.10666666666666667
0 0.359375 0.9529166666666666 0.06875 0.0925
0 0.48 0.7241666666666666 0.0675 0.09
0 0.5215625 0.8245833333333333 0.083125 0.11083333333333334
0 0.321875 0.9225 0.09375 0.125
0 0.3684375 0.815 0.085625 0.115
0 0.471875 0.2633333333333333 0.0675 0.09
0 0.6209375 0.057916666666666665 0.078125 0.10416666666666667
0 0.4159375 0.7495833333333334 0.079375 0.10583333333333333