0 0.6146875 0.19458333333333333 0.094375 0.12583333333333332
0 0.659375 0.75375 0.11 0.14583333333333334
0 0.070625 0.7520833333333333 0.10625 0.1425
0 0.54 0.3675 0.10625 0.14166666666666666
0 0.2259375 0.41791666666666666 0.101875 0.13583333333333333
0 0.5440625 0.5054166666666666 0.101875 0.13583333333333333
0 0.58625 0.8358333333333333 0.11375 0.15166666666666667
0 0.445625 0.4820833333333333 0.1025 0.1375
0 0.13375 0.7966666666666666 0.09125 0.12166666666666667
0 0.3915625 0.2125 0.105625 0.14
0 0.724375 0.20833333333333334 0.10875 0.145
0 0.3684375 0.40541666666666665 0.109375 0.14583333333333334
0 0.328125 0.29541666666666666 0.11125 0.14916666666666667
0 0.8840625 0.30875 0.115625 0.15416666666666667
0 0.1353125 0.53125 0.106875 0.1425
0 0.3853125 0.8125 0.093125 0.12333333333333334
0 0.3890625 0.72 0.098125 0.13
0 0.8928125 0.20708333333333334 0.099375 0.1325
0 0.76625 0.7129166666666666 0.105 0.13916666666666666
0 0.864375 0.6041666666666666 0.11 0.14666666666666667
0 0.2028125 0.79 0.103125 0.13666666666666666
0 0.4603125 0.32 0.100625 0.135
0 0.9475 0.4125 0.10375 0.13833333333333334
0 0.6621875 0.35041666666666665 0.091875 0.1225
0 0.6965625 0.59875 0.105625 0.14083333333333334
0 0.7378125 0.7791666666666667 0.119375 0.15833333333333333
0 0.1803125 0.5995833333333334 0.099375 0.1325
0 0.6590625 0.6404166666666666 0.096875 0.12916666666666668
0 0.1584375 0.6595833333333333 0.115625 0.15416666666666667
0 0.264375 0.8425 0.1025 0.13666666666666666
0 0.765 0.4683333333333333 0.1025 0.13666666666666666
0 0.4428125 0.395 0.105625 0.14
0 0.8365625 0.48125 0.105625 0.14083333333333334
0 0.4371875 0.8541666666666666 0.100625 0.13333333333333333
0 0.6565625 0.11875 0.115625 0.15416666666666667
0 0.6234375 0.5716666666666667 0.115625 0.155
0 0.1140625 0.57 0.116875 0.155
0 0.369375 0.10458333333333333 0.1075 0.14416666666666667
0 0.740625 0.61375 0.11625 0.15416666666666667
0 0.293125 0.45416666666666666 0.12 0.16
0 0.7434375 0.08666666666666667 0.094375 0.12666666666666668
1 0.4321875 0.5720833333333334 0.148125 0.1975
0 0.4834375 0.9058333333333334 0.114375 0.15333333333333332
0 0.4996875 0.8283333333333334 0.101875 0.13666666666666666
0 0.7184375 0.65625 0.109375 0.14583333333333334