0 0.1425 0.9270833333333334 0.06375 0.0825
0 0.3465625 0.24291666666666667 0.064375 0.09583333333333334
0 0.3309375 0.7025 0.055625 0.07666666666666666
0 0.36875 0.38375 0.06125 0.08416666666666667
0 0.8596875 0.3925 0.059375 0.08
0 0.4459375 0.7904166666666667 0.071875 0.10083333333333333
0 0.269375 0.47583333333333333 0.0825 0.1
0 0.9278125 0.0675 0.058125 0.08166666666666667
0 0.4959375 0.7470833333333333 0.071875 0.09916666666666667
0 0.8084375 0.9395833333333333 0.060625 0.08083333333333333
0 0.92 0.40875 0.06375 0.0875
1 0.103125 0.76 0.08375 0.08166666666666667
0 0.72375 0.795 0.0725 0.075
0 0.071875 0.4658333333333333 0.06875 0.1
0 0.5140625 0.8670833333333333 0.075625 0.09083333333333334
0 0.43375 0.51125 0.07375 0.07916666666666666
0 0.089375 0.21333333333333335 0.0625 0.08
0 0.476875 0.43333333333333335 0.0675 0.085
0 0.266875 0.7125 0.0675 0.09
0 0.84875 0.13458333333333333 0.0725 0.0975
0 0.0440625 0.24458333333333335 0.060625 0.0875
0 0.8671875 0.6633333333333333 0.064375 0.085
0 0.3265625 0.16 0.060625 0.075
0 0.6015625 0.90375 0.060625 0.08416666666666667
0 0.22375 0.575 0.075 0.09666666666666666
0 0.8215625 0.23708333333333334 0.056875 0.09083333333333334
0 0.7465625 0.5104166666666666 0.061875 0.0825
0 0.0390625 0.82125 0.071875 0.06583333333333333
0 0.936875 0.875 0.065 0.07666666666666666
0 0.5246875 0.08708333333333333 0.064375 0.10583333333333333
0 0.61875 0.3491666666666667 0.055 0.08
0 0.7334375 0.07458333333333333 0.069375 0.0975
0 0.4053125 0.2475 0.054375 0.07333333333333333
0 0.595625 0.7675 0.0625 0.07833333333333334
1 0.1421875 0.17541666666666667 0.078125 0.0975
0 0.626875 0.12541666666666668 0.0575 0.07583333333333334
0 0.0478125 0.33958333333333335 0.054375 0.06916666666666667
0 0.8984375 0.8079166666666666 0.059375 0.07583333333333334
0 0.751875 0.24875 0.06375 0.07583333333333334
0 0.2575 0.3154166666666667 0.06375 0.06416666666666666
0 0.794375 0.5920833333333333 0.0525 0.07916666666666666
0 0.9540625 0.13666666666666666 0.073125 0.09333333333333334
0 0.6740625 0.5866666666666667 0.056875 0.06833333333333333
0 0.9409375 0.2475 0.061875 0.07833333333333334
0 0.9021875 0.17125 0.060625 0.08083333333333333
0 0.5659375 0.3308333333333333 0.060625 0.08833333333333333
0 0.606875 0.4995833333333333 0.065 0.0725
0 0.29 0.2579166666666667 0.05125 0.08083333333333333
1 0.13875 0.56875 0.095 0.11083333333333334
0 0.1828125 0.6270833333333333 0.050625 0.07916666666666666
0 0.6734375 0.9525 0.059375 0.07666666666666666
0 0.7984375 0.68625 0.059375 0.07583333333333334
0 0.846875 0.31125 0.0575 0.07583333333333334
0 0.6875 0.19166666666666668 0.05625 0.07333333333333333
0 0.06125 0.5525 0.06875 0.07333333333333333
0 0.875 0.05875 0.0475 0.06916666666666667
0 0.1884375 0.04875 0.091875 0.08583333333333333
0 0.7765625 0.32083333333333336 0.061875 0.058333333333333334
0 0.7034375 0.6679166666666667 0.053125 0.06583333333333333
0 0.7403125 0.265 0.064375 0.07166666666666667
0 0.8615625 0.255 0.074375 0.09166666666666666
0 0.3046875 0.08041666666666666 0.050625 0.09583333333333334
0 0.6678125 0.11 0.064375 0.09333333333333334
0 0.89625 0.7558333333333334 0.06375 0.07166666666666667
0 0.835625 0.8016666666666666 0.06125 0.065
0 0.615 0.5645833333333333 0.06125 0.0725
0 0.5121875 0.25083333333333335 0.064375 0.06833333333333333
0 0.5921875 0.295 0.059375 0.09
0 0.4646875 0.23208333333333334 0.048125 0.07416666666666667
0 0.72625 0.1375 0.06875 0.07333333333333333
0 0.6725 0.52625 0.06125 0.06416666666666666
0 0.074375 0.13916666666666666 0.09 0.07333333333333333
0 0.063125 0.03833333333333333 0.05375 0.06666666666666667
0 0.169375 0.11125 0.0675 0.05416666666666667
0 0.5865625 0.08916666666666667 0.063125 0.07166666666666667
0 0.8203125 0.04541666666666667 0.063125 0.0875
0 0.74125 0.2 0.06375 0.07
0 0.716875 0.45666666666666667 0.1275 0.075
0 0.7359375 0.3925 0.065625 0.07166666666666667
0 0.7196875 0.33541666666666664 0.058125 0.060833333333333336
0 0.6875 0.38875 0.06375 0.08583333333333333
0 0.9240625 0.47333333333333333 0.093125 0.09666666666666666
0 0.8328125 0.7454166666666666 0.063125 0.0825
0 0.0284375 0.6529166666666667 0.055625 0.08083333333333333