0 0.36 0.7020833333333333 0.0825 0.11083333333333334
0 0.6809375 0.4404166666666667 0.105625 0.14083333333333334
0 0.885 0.345 0.07625 0.10166666666666667
0 0.5921875 0.8533333333333334 0.091875 0.12333333333333334
0 0.356875 0.8691666666666666 0.0875 0.11666666666666667
0 0.71875 0.6754166666666667 0.09 0.12083333333333333
0 0.74375 0.595 0.0825 0.11
0 0.810625 0.6245833333333334 0.08875 0.1175
0 0.2390625 0.5929166666666666 0.090625 0.12083333333333333
0 0.486875 0.8733333333333333 0.095 0.12666666666666668
0 0.3378125 0.7816666666666666 0.093125 0.125
0 0.3390625 0.5979166666666667 0.104375 0.13916666666666666
0 0.6996875 0.8304166666666667 0.094375 0.12583333333333332
0 0.249375 0.6875 0.1025 0.13666666666666666
0 0.1528125 0.9020833333333333 0.090625 0.12083333333333333
0 0.6525 0.69125 0.08125 0.10916666666666666
0 0.7925 0.1025 0.1 0.13333333333333333
0 0.4584375 0.6745833333333333 0.089375 0.11916666666666667
0 0.4978125 0.18041666666666667 0.099375 0.1325
0 0.0990625 0.48083333333333333 0.081875 0.11
0 0.4146875 0.90625 0.095625 0.1275
0 0.2334375 0.7970833333333334 0.089375 0.11916666666666667
0 0.6053125 0.92625 0.093125 0.12416666666666666
0 0.2934375 0.7995833333333333 0.093125 0.12416666666666666
0 0.941875 0.41791666666666666 0.09375 0.12583333333333332
0 0.4521875 0.09041666666666667 0.091875 0.1225
0 0.6534375 0.7579166666666667 0.086875 0.11583333333333333
0 0.8334375 0.54625 0.084375 0.1125
0 0.5921875 0.56625 0.096875 0.12916666666666668
0 0.20375 0.38666666666666666 0.09125 0.12166666666666667
0 0.7003125 0.13125 0.098125 0.13083333333333333
0 0.6109375 0.14541666666666667 0.094375 0.12583333333333332
0 0.67625 0.26916666666666667 0.08875 0.11833333333333333
0 0.743125 0.7545833333333334 0.08875 0.11916666666666667
0 0.1015625 0.80125 0.096875 0.12916666666666668
0 0.6946875 0.07833333333333334 0.095625 0.12666666666666668
0 0.6278125 0.325 0.098125 0.13166666666666665
0 0.2771875 0.2995833333333333 0.094375 0.12583333333333332
0 0.779375 0.5108333333333334 0.0775 0.10333333333333333
0 0.209375 0.7141666666666666 0.08 0.10666666666666667
0 0.3571875 0.37125 0.101875 0.13583333333333333
0 0.8940625 0.47208333333333335 0.090625 0.12083333333333333
0 0.160625 0.5175 0.09625 0.12833333333333333
0 0.0490625 0.5495833333333333 0.093125 0.12416666666666666
0 0.0665625 0.5779166666666666 0.085625 0.11416666666666667
0 0.5971875 0.7145833333333333 0.091875 0.1225
0 0.5409375 0.78 0.073125 0.09666666666666666
0 0.286875 0.8816666666666667 0.09 0.12
0 0.6453125 0.21875 0.101875 0.13583333333333333
0 0.758125 0.24583333333333332 0.1 0.13333333333333333
0 0.75 0.49625 0.095 0.12583333333333332
0 0.2771875 0.3441666666666667 0.096875 0.13
0 0.5703125 0.2808333333333333 0.101875 0.13666666666666666
0 0.245 0.8908333333333334 0.10125 0.135
0 0.811875 0.7104166666666667 0.10125 0.13416666666666666
0 0.1603125 0.6779166666666666 0.108125 0.14416666666666667
0 0.765 0.16958333333333334 0.0775 0.1025
0 0.408125 0.5966666666666667 0.08125 0.10833333333333334
0 0.6296875 0.39791666666666664 0.095625 0.1275
0 0.5725 0.6625 0.09625 0.12833333333333333
0 0.180625 0.5716666666666667 0.0875 0.11666666666666667
0 0.561875 0.5541666666666667 0.095 0.12666666666666668
0 0.7109375 0.19291666666666665 0.093125 0.12416666666666666
0 0.071875 0.7925 0.0925 0.12333333333333334
0 0.1396875 0.6820833333333334 0.099375 0.1325
0 0.0759375 0.6895833333333333 0.090625 0.12083333333333333
0 0.5609375 0.08375 0.098125 0.13083333333333333
1 0.4125 0.4116666666666667 0.12375 0.165
1 0.506875 0.7079166666666666 0.11 0.14583333333333334
1 0.8296875 0.42583333333333334 0.118125 0.15666666666666668
0 0.844375 0.46166666666666667 0.0875 0.11666666666666667
0 0.7803125 0.7720833333333333 0.083125 0.11083333333333334
0 0.535625 0.8391666666666666 0.10125 0.135
0 0.5628125 0.725 0.083125 0.11
0 0.5771875 0.11583333333333333 0.096875 0.12833333333333333
0 0.860625 0.08916666666666667 0.08375 0.11166666666666666
0 0.8790625 0.44375 0.099375 0.1325
0 0.0853125 0.41125 0.089375 0.11916666666666667