0 0.9509375 0.31 0.079375 0.1
0 0.88125 0.09916666666666667 0.07875 0.095
0 0.51375 0.10625 0.07375 0.10416666666666667
0 0.86125 0.18791666666666668 0.07375 0.08416666666666667
0 0.339375 0.55375 0.07125 0.09416666666666666
0 0.584375 0.21625 0.06875 0.0875
0 0.494375 0.62125 0.0625 0.0875
0 0.71875 0.11833333333333333 0.07 0.10333333333333333
0 0.6615625 0.2579166666666667 0.074375 0.09916666666666667
0 0.32375 0.47541666666666665 0.0675 0.09416666666666666
0 0.3940625 0.20041666666666666 0.078125 0.09916666666666667
0 0.3996875 0.3225 0.071875 0.10166666666666667
0 0.9321875 0.8529166666666667 0.074375 0.09416666666666666
0 0.2671875 0.9191666666666667 0.076875 0.09833333333333333
0 0.18125 0.8170833333333334 0.0725 0.0975
0 0.2721875 0.2791666666666667 0.075625 0.09833333333333333
0 0.928125 0.9470833333333334 0.08 0.08916666666666667
0 0.054375 0.9033333333333333 0.07375 0.10666666666666667
0 0.4053125 0.6066666666666667 0.078125 0.08666666666666667
0 0.4965625 0.8375 0.078125 0.11
0 0.593125 0.49166666666666664 0.07375 0.08666666666666667
0 0.8125 0.28958333333333336 0.0825 0.10416666666666667
1 0.270625 0.4033333333333333 0.0725 0.09833333333333333
0 0.4565625 0.9345833333333333 0.079375 0.1025
0 0.8134375 0.57125 0.074375 0.09583333333333334
0 0.2671875 0.715 0.070625 0.09666666666666666
0 0.743125 0.8358333333333333 0.0625 0.10333333333333333
0 0.60625 0.8295833333333333 0.07375 0.0975
0 0.89625 0.6341666666666667 0.0825 0.105
0 0.95125 0.7166666666666667 0.08375 0.10166666666666667
0 0.833125 0.8754166666666666 0.08375 0.0975
0 0.6325 0.07291666666666667 0.0825 0.10083333333333333
0 0.5234375 0.5358333333333334 0.061875 0.09
0 0.6653125 0.6304166666666666 0.076875 0.1025
0 0.81125 0.12458333333333334 0.07 0.09083333333333334
0 0.430625 0.11875 0.08375 0.09583333333333334
0 0.7021875 0.6258333333333334 0.076875 0.08833333333333333
0 0.174375 0.43375 0.065 0.1075
0 0.333125 0.7270833333333333 0.0675 0.09916666666666667
0 0.5553125 0.8308333333333333 0.065625 0.10333333333333333
0 0.819375 0.8129166666666666 0.06375 0.09416666666666666
0 0.29625 0.78125 0.0725 0.10583333333333333
0 0.4721875 0.38375 0.079375 0.08583333333333333
0 0.2759375 0.6354166666666666 0.068125 0.09583333333333334
0 0.4184375 0.6908333333333333 0.079375 0.1
0 0.9021875 0.24916666666666668 0.070625 0.095
0 0.6428125 0.7416666666666667 0.066875 0.105
0 0.2975 0.33958333333333335 0.06875 0.08416666666666667
0 0.589375 0.7370833333333333 0.0675 0.09583333333333334
0 0.3321875 0.6316666666666667 0.080625 0.085
0 0.2878125 0.25583333333333336 0.081875 0.095
0 0.2234375 0.4066666666666667 0.054375 0.09833333333333333
0 0.6071875 0.7141666666666666 0.074375 0.095
0 0.434375 0.69875 0.07 0.09916666666666667
1 0.881875 0.33958333333333335 0.0525 0.13916666666666666
0 0.1196875 0.49625 0.066875 0.0925
0 0.7721875 0.14375 0.053125 0.1325
0 0.13625 0.46708333333333335 0.0825 0.1075