0 0.324375 0.4354166666666667 0.07 0.08416666666666667
0 0.721875 0.63 0.07125 0.085
0 0.625 0.7220833333333333 0.06125 0.08583333333333333
0 0.054375 0.3304166666666667 0.0775 0.0975
0 0.6346875 0.8229166666666666 0.061875 0.09916666666666667
0 0.8021875 0.3025 0.076875 0.08833333333333333
0 0.7871875 0.09083333333333334 0.065625 0.09666666666666666
0 0.465 0.6895833333333333 0.0775 0.08916666666666667
0 0.755 0.2075 0.0675 0.105
0 0.6896875 0.08583333333333333 0.070625 0.09
0 0.8584375 0.08708333333333333 0.064375 0.09583333333333334
0 0.5021875 0.815 0.064375 0.09666666666666666
0 0.0765625 0.8166666666666667 0.058125 0.10666666666666667
0 0.7034375 0.43833333333333335 0.080625 0.105
0 0.16125 0.47125 0.08125 0.09583333333333334
0 0.3715625 0.34791666666666665 0.069375 0.0975
0 0.50875 0.24583333333333332 0.0725 0.095
0 0.1953125 0.72125 0.076875 0.09083333333333334
0 0.4771875 0.52375 0.081875 0.1075
0 0.5778125 0.17375 0.078125 0.10416666666666667
0 0.1975 0.10208333333333333 0.065 0.1125
0 0.216875 0.60375 0.0625 0.09416666666666666
0 0.240625 0.64125 0.0875 0.0925
1 0.9040625 0.5854166666666667 0.100625 0.11583333333333333