0 0.6959375 0.4241666666666667 0.068125 0.10166666666666667
0 0.331875 0.51625 0.0675 0.08916666666666667
0 0.735625 0.8525 0.065 0.095
0 0.6996875 0.9395833333333333 0.066875 0.09583333333333334
0 0.5953125 0.12208333333333334 0.068125 0.08583333333333333
0 0.509375 0.9366666666666666 0.0775 0.09
0 0.2878125 0.6816666666666666 0.066875 0.085
0 0.799375 0.85625 0.05625 0.07916666666666666
0 0.663125 0.8341666666666666 0.06125 0.06833333333333333
0 0.28625 0.1425 0.06375 0.09
0 0.2546875 0.9029166666666667 0.070625 0.0875
0 0.3584375 0.64625 0.085625 0.09416666666666666
0 0.6896875 0.12791666666666668 0.075625 0.10583333333333333
0 0.4609375 0.22791666666666666 0.071875 0.08416666666666667
0 0.4859375 0.41375 0.066875 0.0875
0 0.763125 0.62625 0.08 0.09916666666666667
0 0.805625 0.5345833333333333 0.0675 0.08416666666666667
0 0.5028125 0.17666666666666667 0.069375 0.08833333333333333
0 0.2371875 0.24958333333333332 0.068125 0.08916666666666667
0 0.1675 0.4891666666666667 0.065 0.08166666666666667
0 0.4125 0.6929166666666666 0.0625 0.0825
0 0.5696875 0.9104166666666667 0.068125 0.0825
0 0.423125 0.2925 0.065 0.07833333333333334
0 0.3159375 0.24333333333333335 0.069375 0.08833333333333333
0 0.735625 0.2175 0.07 0.085
0 0.3909375 0.4554166666666667 0.070625 0.0825
0 0.8359375 0.12458333333333334 0.069375 0.0925
0 0.7115625 0.2945833333333333 0.074375 0.0875
0 0.256875 0.42041666666666666 0.075 0.09416666666666666
0 0.63625 0.35875 0.07 0.09916666666666667
0 0.325625 0.7629166666666667 0.06375 0.06583333333333333
0 0.3665625 0.35875 0.065625 0.07916666666666666
0 0.841875 0.7604166666666666 0.065 0.0875
0 0.7634375 0.3616666666666667 0.075625 0.08833333333333333
0 0.6653125 0.5741666666666667 0.074375 0.085
0 0.3196875 0.0475 0.063125 0.08833333333333333
0 0.1903125 0.6095833333333334 0.074375 0.09083333333333334
0 0.293125 0.5841666666666666 0.06125 0.09333333333333334
0 0.7071875 0.6575 0.064375 0.09666666666666666
0 0.19375 0.7095833333333333 0.05125 0.08916666666666667
0 0.6315625 0.46791666666666665 0.061875 0.09083333333333334
0 0.5815625 0.41541666666666666 0.050625 0.08916666666666667
0 0.8171875 0.2941666666666667 0.074375 0.08
0 0.78 0.07375 0.0675 0.09416666666666666
0 0.3340625 0.88375 0.066875 0.09916666666666667
0 0.2184375 0.11375 0.063125 0.08583333333333333
0 0.6546875 0.25833333333333336 0.054375 0.07333333333333333
0 0.5353125 0.4295833333333333 0.051875 0.0825
0 0.6284375 0.6820833333333334 0.061875 0.08416666666666667
0 0.741875 0.48875 0.07 0.0975
0 0.6571875 0.7379166666666667 0.070625 0.08916666666666667
0 0.43 0.8404166666666667 0.06875 0.08916666666666667
0 0.306875 0.2941666666666667 0.0675 0.09166666666666666
0 0.36125 0.24583333333333332 0.07375 0.08833333333333333
0 0.5675 0.22708333333333333 0.0725 0.08916666666666667
0 0.5803125 0.31583333333333335 0.054375 0.08666666666666667
0 0.8225 0.41791666666666666 0.05875 0.0825
0 0.7740625 0.7179166666666666 0.085625 0.0875
0 0.16 0.265 0.0675 0.08833333333333333
0 0.4928125 0.34208333333333335 0.065625 0.08083333333333333
0 0.4184375 0.5579166666666666 0.078125 0.1075
0 0.2340625 0.6154166666666666 0.061875 0.1075
0 0.24125 0.51 0.07 0.09666666666666666
0 0.4734375 0.10583333333333333 0.055625 0.056666666666666664
0 0.175625 0.32666666666666666 0.07125 0.085
0 0.745625 0.7508333333333334 0.075 0.095
0 0.4571875 0.7495833333333334 0.064375 0.09583333333333334
0 0.2584375 0.5708333333333333 0.059375 0.08833333333333333
0 0.33 0.3908333333333333 0.065 0.10166666666666667
0 0.404375 0.7941666666666667 0.06875 0.08833333333333333
0 0.3734375 0.7695833333333333 0.071875 0.08583333333333333
0 0.8096875 0.19375 0.069375 0.0875
0 0.788125 0.33166666666666667 0.06375 0.09
0 0.526875 0.3045833333333333 0.07125 0.0775
0 0.3534375 0.14166666666666666 0.070625 0.065
0 0.5728125 0.66625 0.064375 0.0925
0 0.50125 0.5333333333333333 0.08125 0.07833333333333334
0 0.29 0.76625 0.07 0.09083333333333334
0 0.2215625 0.79125 0.070625 0.10083333333333333
0 0.220625 0.9383333333333334 0.06375 0.075
0 0.509375 0.6541666666666667 0.08375 0.08166666666666667
0 0.4484375 0.5054166666666666 0.070625 0.09583333333333334
0 0.4271875 0.8995833333333333 0.065625 0.09916666666666667
0 0.2171875 0.4270833333333333 0.080625 0.08916666666666667
1 0.41375 0.115 0.065 0.12166666666666667
1 0.514375 0.6125 0.09 0.09166666666666666
0 0.203125 0.3383333333333333 0.06875 0.07833333333333334
0 0.2178125 0.7329166666666667 0.063125 0.08583333333333333
0 0.2015625 0.82875 0.064375 0.07583333333333334
0 0.4621875 0.9408333333333333 0.063125 0.08333333333333333
0 0.4125 0.42791666666666667 0.06 0.06916666666666667
0 0.3221875 0.8554166666666667 0.068125 0.07583333333333334
0 0.47375 0.725 0.05125 0.08666666666666667
0 0.514375 0.7229166666666667 0.06125 0.08416666666666667
0 0.6009375 0.6729166666666667 0.056875 0.08916666666666667
0 0.6265625 0.5804166666666667 0.065625 0.0725
0 0.6609375 0.225 0.090625 0.08666666666666667
0 0.611875 0.3308333333333333 0.06125 0.08
0 0.38375 0.33791666666666664 0.06 0.06916666666666667
0 0.175 0.13625 0.06375 0.0775
0 0.8178125 0.8341666666666666 0.068125 0.07833333333333334
0 0.84 0.37166666666666665 0.0475 0.07333333333333333
0 0.6534375 0.8691666666666666 0.051875 0.06666666666666667