0 0.375625 0.5379166666666667 0.07 0.08583333333333333
0 0.5734375 0.4683333333333333 0.064375 0.085
0 0.6284375 0.525 0.064375 0.08333333333333333
0 0.5609375 0.24458333333333335 0.065625 0.0825
0 0.765625 0.21458333333333332 0.065 0.08916666666666667
0 0.6671875 0.6220833333333333 0.065625 0.08083333333333333
0 0.4246875 0.25333333333333335 0.070625 0.08166666666666667
0 0.6665625 0.7070833333333333 0.064375 0.0825
0 0.735625 0.55375 0.06 0.07916666666666666
0 0.8221875 0.905 0.061875 0.08
0 0.636875 0.08208333333333333 0.0775 0.08583333333333333
0 0.745 0.9479166666666666 0.06625 0.0825
0 0.41375 0.6120833333333333 0.0625 0.08416666666666667
0 0.2146875 0.345 0.065625 0.08
0 0.659375 0.21791666666666668 0.06625 0.08083333333333333
0 0.77375 0.47041666666666665 0.07 0.0975
0 0.215 0.42625 0.07125 0.08083333333333333
0 0.2809375 0.82 0.071875 0.09333333333333334
0 0.505 0.44333333333333336 0.075 0.09166666666666666
0 0.5290625 0.3545833333333333 0.075625 0.0875
0 0.490625 0.78125 0.06375 0.08916666666666667
0 0.274375 0.37875 0.06125 0.07583333333333334
0 0.3253125 0.4975 0.070625 0.09166666666666666
0 0.64375 0.8183333333333334 0.0675 0.09666666666666666
0 0.3640625 0.28291666666666665 0.058125 0.07583333333333334
0 0.4290625 0.043333333333333335 0.059375 0.08166666666666667
0 0.364375 0.0625 0.07 0.09666666666666666
0 0.5603125 0.56875 0.078125 0.1025
0 0.6346875 0.3104166666666667 0.063125 0.10416666666666667
0 0.7371875 0.7375 0.061875 0.07666666666666666
0 0.1765625 0.28125 0.053125 0.09083333333333334
0 0.4484375 0.5170833333333333 0.065625 0.09083333333333334
0 0.6959375 0.93625 0.074375 0.07916666666666666
0 0.8184375 0.28041666666666665 0.065625 0.08583333333333333
0 0.564375 0.75875 0.07 0.09583333333333334
0 0.7825 0.69 0.05875 0.07166666666666667
0 0.546875 0.9466666666666667 0.07375 0.095
0 0.554375 0.11916666666666667 0.06 0.075
0 0.7071875 0.43416666666666665 0.065625 0.08666666666666667
0 0.2465625 0.7458333333333333 0.059375 0.085
0 0.186875 0.10083333333333333 0.0625 0.075
0 0.829375 0.42833333333333334 0.05625 0.075
0 0.7553125 0.06291666666666666 0.066875 0.08083333333333333
0 0.8103125 0.5870833333333333 0.078125 0.08916666666666667
0 0.4865625 0.09125 0.061875 0.0825
0 0.1846875 0.8083333333333333 0.064375 0.08833333333333333
0 0.5521875 0.39208333333333334 0.065625 0.09083333333333334
0 0.473125 0.3125 0.06625 0.08166666666666667
0 0.828125 0.07333333333333333 0.0675 0.08666666666666667
0 0.2178125 0.5425 0.055625 0.08166666666666667
0 0.638125 0.3904166666666667 0.0725 0.07916666666666666
0 0.3921875 0.33375 0.073125 0.08083333333333333
0 0.1871875 0.75125 0.056875 0.08083333333333333
0 0.3028125 0.695 0.054375 0.07833333333333334
0 0.42625 0.8129166666666666 0.0675 0.09083333333333334
0 0.2609375 0.545 0.071875 0.09
0 0.3684375 0.19875 0.065625 0.0875
0 0.45 0.7108333333333333 0.06625 0.08666666666666667
0 0.80375 0.7733333333333333 0.06625 0.085
0 0.7290625 0.13583333333333333 0.054375 0.07666666666666666
0 0.7790625 0.8454166666666667 0.058125 0.07416666666666667
0 0.241875 0.27708333333333335 0.0625 0.09083333333333334
0 0.2675 0.09916666666666667 0.07375 0.09
0 0.26 0.645 0.06 0.07666666666666666
0 0.49625 0.21458333333333332 0.07375 0.08416666666666667
0 0.50125 0.6495833333333333 0.075 0.0975
0 0.69375 0.33458333333333334 0.0575 0.07416666666666667
0 0.3590625 0.7458333333333333 0.064375 0.07166666666666667
0 0.22875 0.8816666666666667 0.05375 0.07833333333333334
0 0.8425 0.3475 0.06375 0.085
0 0.3459375 0.4125 0.076875 0.105
0 0.8484375 0.515 0.051875 0.085
0 0.3878125 0.8841666666666667 0.053125 0.08166666666666667
0 0.335 0.8654166666666666 0.05875 0.08416666666666667
0 0.4940625 0.7154166666666667 0.070625 0.10083333333333333
0 0.7459375 0.8366666666666667 0.068125 0.08
0 0.1765625 0.6229166666666667 0.046875 0.0825
1 0.5725 0.6345833333333334 0.11875 0.16583333333333333
0 0.446875 0.84625 0.06 0.0875
0 0.3984375 0.9245833333333333 0.056875 0.07583333333333334
0 0.3625 0.9016666666666666 0.05875 0.07666666666666666
0 0.335625 0.9266666666666666 0.0625 0.07666666666666666
0 0.3015625 0.9275 0.060625 0.085
0 0.2271875 0.9325 0.063125 0.07666666666666666
0 0.230625 0.9608333333333333 0.05 0.06166666666666667
0 0.2059375 0.77125 0.068125 0.0775
0 0.321875 0.7295833333333334 0.06 0.0925
0 0.1971875 0.525 0.071875 0.08
0 0.334375 0.6 0.05375 0.06333333333333334
0 0.3646875 0.44125 0.065625 0.08416666666666667
0 0.27 0.6066666666666667 0.06 0.09833333333333333
0 0.1884375 0.6245833333333334 0.045625 0.0975
0 0.369375 0.3904166666666667 0.05625 0.08583333333333333
0 0.5015625 0.2654166666666667 0.056875 0.07583333333333334
0 0.5684375 0.15541666666666668 0.063125 0.06916666666666667
0 0.404375 0.34833333333333333 0.05125 0.09
0 0.2515625 0.24833333333333332 0.059375 0.08333333333333333
0 0.16875 0.15333333333333332 0.06 0.08833333333333333
0 0.366875 0.16541666666666666 0.05 0.08916666666666667
0 0.843125 0.1125 0.0575 0.07833333333333334
0 0.7521875 0.33708333333333335 0.053125 0.0625
0 0.7534375 0.30833333333333335 0.053125 0.07
0 0.8371875 0.5954166666666667 0.051875 0.09083333333333334
0 0.8153125 0.7533333333333333 0.053125 0.07333333333333333
0 0.8059375 0.67125 0.068125 0.07583333333333334
0 0.7371875 0.8579166666666667 0.060625 0.07583333333333334
0 0.704375 0.47208333333333335 0.0575 0.07416666666666667
0 0.703125 0.13208333333333333 0.06875 0.0575
0 0.6265625 0.4141666666666667 0.058125 0.07666666666666666
0 0.435 0.6858333333333333 0.06125 0.09
0 0.29875 0.12166666666666667 0.05125 0.07
0 0.77375 0.0875 0.0475 0.07833333333333334
0 0.3775 0.75625 0.04875 0.0775
0 0.321875 0.6154166666666666 0.05 0.07416666666666667
0 0.4703125 0.8854166666666666 0.056875 0.08583333333333333