0 0.8346875 0.50375 0.100625 0.13416666666666666
0 0.5471875 0.72875 0.085625 0.11416666666666667
0 0.2021875 0.3254166666666667 0.094375 0.12583333333333332
0 0.8459375 0.10375 0.114375 0.1525
0 0.6209375 0.5545833333333333 0.105625 0.14083333333333334
0 0.1665625 0.7258333333333333 0.105625 0.14166666666666666
0 0.528125 0.13083333333333333 0.08625 0.115
0 0.1278125 0.5720833333333334 0.106875 0.1425
0 0.2278125 0.5920833333333333 0.098125 0.13083333333333333
0 0.406875 0.825 0.10375 0.13833333333333334
0 0.6503125 0.36791666666666667 0.094375 0.12583333333333332
0 0.6575 0.4625 0.09125 0.12166666666666667
0 0.343125 0.7175 0.1025 0.13666666666666666
0 0.3590625 0.36625 0.089375 0.11916666666666667
0 0.7975 0.5908333333333333 0.0875 0.11666666666666667
0 0.729375 0.8070833333333334 0.1075 0.1425
0 0.5234375 0.88125 0.095625 0.1275
0 0.69625 0.23416666666666666 0.1075 0.14333333333333334
0 0.2646875 0.7316666666666667 0.101875 0.13666666666666666
0 0.3421875 0.21375 0.100625 0.13416666666666666
0 0.11625 0.43291666666666667 0.0975 0.13083333333333333
0 0.4240625 0.71625 0.101875 0.13583333333333333
0 0.588125 0.6508333333333334 0.0825 0.11
0 0.6834375 0.8929166666666667 0.093125 0.12416666666666666
0 0.4628125 0.19125 0.078125 0.10416666666666667
0 0.454375 0.34 0.1075 0.14333333333333334
0 0.7990625 0.25166666666666665 0.085625 0.115
0 0.0734375 0.6816666666666666 0.096875 0.13
0 0.495 0.7908333333333334 0.08875 0.11833333333333333
0 0.62125 0.2816666666666667 0.11 0.14666666666666667
0 0.286875 0.555 0.08625 0.115
0 0.4146875 0.5879166666666666 0.113125 0.15083333333333335
0 0.6196875 0.11791666666666667 0.091875 0.1225
0 0.430625 0.0975 0.0875 0.11666666666666667
0 0.2790625 0.3491666666666667 0.100625 0.13333333333333333
0 0.9353125 0.28791666666666665 0.098125 0.13083333333333333
0 0.375625 0.585 0.10125 0.135
0 0.273125 0.15166666666666667 0.08875 0.11833333333333333
0 0.619375 0.16416666666666666 0.08125 0.10833333333333334
0 0.365 0.15208333333333332 0.10875 0.14416666666666667
0 0.729375 0.28041666666666665 0.10875 0.14416666666666667
0 0.840625 0.3383333333333333 0.08 0.10666666666666667
0 0.8334375 0.69125 0.099375 0.1325
1 0.364375 0.48333333333333334 0.12625 0.16833333333333333
1 0.7165625 0.6979166666666666 0.139375 0.18583333333333332
1 0.2159375 0.45625 0.135625 0.18083333333333335