0 0.3559375 0.33625 0.070625 0.08916666666666667
0 0.52 0.7429166666666667 0.0675 0.09416666666666666
0 0.513125 0.9395833333333333 0.0675 0.09583333333333334
0 0.1778125 0.22083333333333333 0.068125 0.08666666666666667
0 0.6596875 0.10291666666666667 0.069375 0.0925
0 0.6046875 0.7020833333333333 0.073125 0.1025
0 0.3546875 0.4375 0.064375 0.09833333333333333
0 0.6125 0.165 0.0625 0.09666666666666666
0 0.5378125 0.42041666666666666 0.076875 0.09583333333333334
0 0.23875 0.26375 0.06 0.09416666666666666
0 0.308125 0.1325 0.07 0.09166666666666666
0 0.7375 0.46625 0.0575 0.08583333333333333
0 0.2378125 0.5925 0.060625 0.09333333333333334
0 0.3984375 0.6225 0.053125 0.1
0 0.570625 0.32958333333333334 0.0725 0.0925
0 0.3446875 0.5595833333333333 0.073125 0.09916666666666667
0 0.69125 0.3358333333333333 0.07 0.10666666666666667
0 0.36625 0.22416666666666665 0.06125 0.09666666666666666
0 0.5184375 0.8454166666666667 0.078125 0.0975
0 0.2159375 0.7891666666666667 0.069375 0.10166666666666667
0 0.8053125 0.24375 0.070625 0.0975
0 0.4096875 0.41833333333333333 0.070625 0.08833333333333333
0 0.6734375 0.22375 0.066875 0.1025
0 0.3084375 0.7554166666666666 0.063125 0.0825
0 0.686875 0.5258333333333334 0.08 0.10333333333333333
0 0.2865625 0.9025 0.066875 0.09666666666666666
0 0.33875 0.8641666666666666 0.07875 0.09333333333333334
0 0.46125 0.6391666666666667 0.065 0.09166666666666666
0 0.7553125 0.3125 0.065625 0.095
0 0.288125 0.8283333333333334 0.08375 0.09166666666666666
0 0.2478125 0.4741666666666667 0.078125 0.09333333333333334
0 0.836875 0.8079166666666666 0.06 0.0975
0 0.248125 0.7183333333333334 0.07375 0.07833333333333334
0 0.55875 0.5566666666666666 0.06875 0.09333333333333334
0 0.82375 0.3475 0.07375 0.10666666666666667
0 0.300625 0.67375 0.08 0.09916666666666667
0 0.3128125 0.25166666666666665 0.074375 0.09166666666666666
0 0.2325 0.9295833333333333 0.06125 0.1125
0 0.6753125 0.8145833333333333 0.070625 0.12083333333333333
0 0.75875 0.08166666666666667 0.06875 0.09666666666666666
0 0.21125 0.5008333333333334 0.08375 0.09833333333333333
0 0.5990625 0.5675 0.063125 0.09333333333333334
0 0.455 0.87625 0.0725 0.0975
0 0.1746875 0.67 0.078125 0.08666666666666667
0 0.5278125 0.18708333333333332 0.064375 0.09916666666666667
0 0.711875 0.89 0.0675 0.09333333333333334
0 0.66375 0.44583333333333336 0.0675 0.09333333333333334
0 0.4228125 0.7658333333333334 0.070625 0.09333333333333334
0 0.1565625 0.78 0.061875 0.10333333333333333
0 0.5975 0.45125 0.0775 0.0825
0 0.48875 0.6770833333333334 0.0875 0.09083333333333334
0 0.4021875 0.80125 0.069375 0.1025
0 0.5634375 0.8608333333333333 0.069375 0.09333333333333334
0 0.5278125 0.6191666666666666 0.080625 0.1
0 0.4325 0.8470833333333333 0.075 0.09416666666666666
0 0.58125 0.7979166666666667 0.06875 0.09416666666666666
0 0.6028125 0.48625 0.074375 0.0725