0 0.719375 0.4125 0.09 0.12
0 0.2984375 0.8595833333333334 0.098125 0.13083333333333333
0 0.790625 0.15916666666666668 0.0925 0.12333333333333334
0 0.3265625 0.6808333333333333 0.090625 0.12
0 0.30875 0.6025 0.09125 0.12166666666666667
0 0.344375 0.36041666666666666 0.085 0.11416666666666667
0 0.2834375 0.4429166666666667 0.086875 0.11583333333333333
0 0.4171875 0.37375 0.098125 0.13083333333333333
0 0.5596875 0.6433333333333333 0.089375 0.12
0 0.141875 0.8466666666666667 0.0925 0.12333333333333334
0 0.8490625 0.46458333333333335 0.096875 0.12916666666666668
0 0.5571875 0.39958333333333335 0.090625 0.12083333333333333
0 0.8071875 0.5933333333333334 0.095625 0.12833333333333333
0 0.249375 0.6295833333333334 0.09 0.11916666666666667
0 0.5428125 0.2683333333333333 0.103125 0.13833333333333334
0 0.4925 0.67125 0.09625 0.12916666666666668
0 0.6540625 0.8225 0.099375 0.13333333333333333
0 0.2596875 0.17958333333333334 0.083125 0.11083333333333334
0 0.7784375 0.7054166666666667 0.084375 0.1125
0 0.7071875 0.4979166666666667 0.100625 0.13416666666666666
0 0.5859375 0.8279166666666666 0.105625 0.14083333333333334
0 0.2175 0.23625 0.08625 0.11583333333333333
0 0.2690625 0.2758333333333333 0.093125 0.12333333333333334
0 0.2721875 0.34875 0.089375 0.11916666666666667
0 0.4384375 0.12041666666666667 0.091875 0.1225
0 0.4425 0.7279166666666667 0.09 0.11916666666666667
0 0.615 0.5891666666666666 0.0875 0.11666666666666667
0 0.8728125 0.3541666666666667 0.099375 0.13333333333333333
1 0.6184375 0.34833333333333333 0.119375 0.15833333333333333
0 0.518125 0.3491666666666667 0.08625 0.115
0 0.5690625 0.10958333333333334 0.090625 0.12083333333333333
0 0.9025 0.2629166666666667 0.0925 0.12416666666666666
0 0.631875 0.5304166666666666 0.0975 0.12916666666666668
0 0.681875 0.565 0.08875 0.11833333333333333
0 0.950625 0.5433333333333333 0.08 0.10666666666666667
0 0.51625 0.14833333333333334 0.09375 0.125
0 0.50375 0.18333333333333332 0.0925 0.12333333333333334