0 0.780625 0.18875 0.07125 0.09583333333333334
0 0.3490625 0.9266666666666666 0.075625 0.08666666666666667
0 0.1875 0.41458333333333336 0.07625 0.09916666666666667
0 0.7665625 0.07791666666666666 0.073125 0.10583333333333333
0 0.18875 0.3145833333333333 0.075 0.1075
0 0.225625 0.14958333333333335 0.07 0.09083333333333334
0 0.178125 0.5958333333333333 0.07875 0.115
0 0.440625 0.5204166666666666 0.07375 0.0925
0 0.7321875 0.2733333333333333 0.074375 0.10666666666666667
0 0.695 0.6633333333333333 0.07375 0.11
0 0.6371875 0.70625 0.075625 0.09083333333333334
0 0.7625 0.4579166666666667 0.08375 0.09583333333333334
0 0.3271875 0.16541666666666666 0.075625 0.0975
0 0.3696875 0.8229166666666666 0.061875 0.08416666666666667
0 0.5853125 0.30625 0.080625 0.09416666666666666
0 0.54125 0.8304166666666667 0.06875 0.0925
0 0.3375 0.55875 0.07375 0.10083333333333333
0 0.4475 0.4033333333333333 0.07125 0.09833333333333333
0 0.3434375 0.6604166666666667 0.068125 0.09916666666666667
0 0.81375 0.7775 0.07625 0.10166666666666667
0 0.3775 0.07166666666666667 0.06875 0.09333333333333334
0 0.2609375 0.35625 0.079375 0.10916666666666666
0 0.766875 0.8891666666666667 0.075 0.09833333333333333
0 0.575625 0.17375 0.07875 0.10083333333333333
0 0.8075 0.3154166666666667 0.07 0.09916666666666667
0 0.281875 0.61875 0.07125 0.09583333333333334
0 0.4740625 0.88875 0.060625 0.0825
0 0.369375 0.4266666666666667 0.0825 0.095
0 0.194375 0.2633333333333333 0.08 0.08666666666666667
0 0.8425 0.14833333333333334 0.06375 0.09
0 0.72 0.5683333333333334 0.08375 0.09833333333333333
0 0.6271875 0.8125 0.073125 0.08166666666666667
0 0.740625 0.7691666666666667 0.07 0.09833333333333333
0 0.2278125 0.7108333333333333 0.076875 0.10833333333333334
0 0.465 0.20583333333333334 0.0675 0.09333333333333334
0 0.7921875 0.5775 0.068125 0.10333333333333333
0 0.6678125 0.78625 0.078125 0.11416666666666667
0 0.6846875 0.28625 0.073125 0.09416666666666666
0 0.766875 0.7554166666666666 0.07 0.09416666666666666
0 0.685 0.93375 0.075 0.10083333333333333
0 0.1928125 0.49166666666666664 0.061875 0.095
0 0.6253125 0.9491666666666667 0.073125 0.09166666666666666
0 0.2421875 0.5404166666666667 0.069375 0.0825
0 0.640625 0.8883333333333333 0.08375 0.09833333333333333
0 0.8375 0.6420833333333333 0.07375 0.1275
0 0.7909375 0.5295833333333333 0.074375 0.09583333333333334
0 0.38375 0.33375 0.0625 0.0575
0 0.3471875 0.28041666666666665 0.068125 0.08416666666666667
0 0.4134375 0.21083333333333334 0.066875 0.06333333333333334