0 0.2390625 0.22 0.096875 0.13
0 0.845625 0.8579166666666667 0.1025 0.13583333333333333
0 0.409375 0.20916666666666667 0.10625 0.14166666666666666
0 0.70125 0.2520833333333333 0.1 0.13416666666666666
0 0.8796875 0.5025 0.089375 0.12
0 0.6496875 0.38875 0.105625 0.14083333333333334
0 0.3765625 0.8270833333333333 0.101875 0.13583333333333333
0 0.64875 0.7258333333333333 0.09875 0.13166666666666665
0 0.516875 0.5258333333333334 0.11375 0.15166666666666667
0 0.7728125 0.2891666666666667 0.096875 0.13
0 0.560625 0.19833333333333333 0.10875 0.145
0 0.5734375 0.10791666666666666 0.089375 0.11916666666666667
0 0.4484375 0.16875 0.110625 0.1475
0 0.3525 0.6075 0.10625 0.14166666666666666
0 0.648125 0.3025 0.09875 0.13166666666666665
0 0.55375 0.3541666666666667 0.11625 0.155
0 0.330625 0.8908333333333334 0.11375 0.15166666666666667
0 0.9275 0.45625 0.09 0.12083333333333333
0 0.2178125 0.46291666666666664 0.104375 0.13916666666666666
0 0.38875 0.3383333333333333 0.1075 0.14333333333333334
0 0.6084375 0.19583333333333333 0.103125 0.13833333333333334
0 0.30625 0.36666666666666664 0.10125 0.135
0 0.341875 0.33958333333333335 0.12375 0.16416666666666666