0 0.5359375 0.19791666666666666 0.076875 0.11083333333333334
0 0.354375 0.4995833333333333 0.07625 0.10416666666666667
0 0.56875 0.10416666666666667 0.07 0.1
0 0.1965625 0.6279166666666667 0.074375 0.10416666666666667
0 0.4746875 0.08 0.079375 0.09166666666666666
0 0.7478125 0.4379166666666667 0.075625 0.10416666666666667
0 0.560625 0.4075 0.0625 0.10333333333333333
0 0.2578125 0.8925 0.066875 0.095
0 0.71125 0.25916666666666666 0.075 0.09333333333333334
0 0.7571875 0.7129166666666666 0.078125 0.09916666666666667
0 0.2575 0.5570833333333334 0.075 0.10083333333333333
0 0.6634375 0.5970833333333333 0.073125 0.06916666666666667
0 0.419375 0.5379166666666667 0.06375 0.0975
0 0.639375 0.9354166666666667 0.0725 0.10083333333333333
0 0.765625 0.83125 0.07625 0.07583333333333334
0 0.453125 0.2966666666666667 0.075 0.10833333333333334
0 0.2903125 0.8354166666666667 0.085625 0.0925
0 0.794375 0.08375 0.075 0.0925
0 0.605 0.81 0.08625 0.11333333333333333
0 0.4709375 0.7158333333333333 0.069375 0.09833333333333333
0 0.200625 0.43166666666666664 0.065 0.105
0 0.755 0.5920833333333333 0.07625 0.10083333333333333
0 0.619375 0.50375 0.0725 0.1025
0 0.5778125 0.2808333333333333 0.070625 0.09333333333333334
0 0.4725 0.91125 0.07 0.08916666666666667
0 0.7325 0.33916666666666667 0.06875 0.09333333333333334
0 0.7878125 0.365 0.078125 0.09166666666666666
0 0.2209375 0.26 0.068125 0.09
0 0.2446875 0.3516666666666667 0.074375 0.10333333333333333
0 0.4025 0.92875 0.07375 0.10916666666666666
0 0.3146875 0.6066666666666667 0.076875 0.09333333333333334
0 0.4275 0.8129166666666666 0.065 0.10083333333333333
0 0.6559375 0.4816666666666667 0.063125 0.10333333333333333
0 0.7440625 0.17833333333333334 0.076875 0.10666666666666667
0 0.3465625 0.8654166666666666 0.049375 0.0925
0 0.576875 0.2275 0.065 0.105
0 0.7990625 0.27125 0.073125 0.09916666666666667
0 0.191875 0.7441666666666666 0.07875 0.11
0 0.7784375 0.22166666666666668 0.075625 0.10333333333333333
0 0.8353125 0.9108333333333334 0.076875 0.08333333333333333
0 0.40625 0.6879166666666666 0.06875 0.09916666666666667
0 0.405625 0.42375 0.07625 0.10083333333333333
0 0.5515625 0.7345833333333334 0.073125 0.0825
0 0.261875 0.2683333333333333 0.07375 0.09833333333333333
0 0.548125 0.93625 0.07375 0.09083333333333334
0 0.1703125 0.85 0.073125 0.1
0 0.2134375 0.9358333333333333 0.068125 0.11666666666666667
0 0.396875 0.8070833333333334 0.07875 0.09583333333333334
0 0.391875 0.14875 0.0725 0.0975
0 0.45 0.65625 0.07875 0.10583333333333333
0 0.5246875 0.6416666666666667 0.076875 0.1
1 0.688125 0.12333333333333334 0.09 0.09666666666666666
0 0.291875 0.7433333333333333 0.0575 0.105
0 0.2815625 0.13333333333333333 0.069375 0.085
0 0.6090625 0.29 0.081875 0.08666666666666667
0 0.6325 0.15333333333333332 0.0775 0.09333333333333334
0 0.721875 0.4870833333333333 0.0775 0.10583333333333333
0 0.709375 0.06208333333333333 0.0675 0.10583333333333333
0 0.6778125 0.0675 0.075625 0.10666666666666667
0 0.3653125 0.29583333333333334 0.075625 0.10333333333333333
0 0.2728125 0.7745833333333333 0.080625 0.08916666666666667
0 0.8240625 0.60375 0.064375 0.0875
0 0.4178125 0.4454166666666667 0.073125 0.09583333333333334
0 0.56875 0.9241666666666667 0.0625 0.08166666666666667
0 0.8115625 0.5633333333333334 0.076875 0.08666666666666667
0 0.46125 0.24875 0.07375 0.09583333333333334
0 0.5971875 0.3566666666666667 0.089375 0.075
0 0.3465625 0.71375 0.056875 0.1025
1 0.278125 0.18041666666666667 0.10875 0.09416666666666666
0 0.4746875 0.8329166666666666 0.068125 0.08416666666666667
0 0.676875 0.21125 0.085 0.060833333333333336
0 0.3978125 0.31916666666666665 0.073125 0.10166666666666667
0 0.39625 0.24 0.0725 0.09666666666666666
0 0.293125 0.67 0.08125 0.07
0 0.3684375 0.7016666666666667 0.074375 0.09333333333333334
0 0.335625 0.25875 0.06625 0.09083333333333334
0 0.32875 0.13291666666666666 0.08375 0.0775
0 0.1628125 0.3958333333333333 0.063125 0.09666666666666666
0 0.53875 0.675 0.085 0.06166666666666667
0 0.6615625 0.5783333333333334 0.058125 0.08166666666666667