0 0.3253125 0.5683333333333334 0.078125 0.10333333333333333
0 0.670625 0.5975 0.0875 0.11666666666666667
0 0.7234375 0.46208333333333335 0.084375 0.1125
0 0.1384375 0.7770833333333333 0.083125 0.11083333333333334
0 0.793125 0.6341666666666667 0.08625 0.115
0 0.598125 0.5575 0.10375 0.13833333333333334
0 0.7565625 0.28041666666666665 0.090625 0.12083333333333333
0 0.3396875 0.8291666666666667 0.080625 0.10666666666666667
0 0.5503125 0.28833333333333333 0.085625 0.11333333333333333
0 0.90375 0.5404166666666667 0.085 0.1125
0 0.3434375 0.14958333333333335 0.095625 0.1275
0 0.3425 0.9391666666666667 0.0825 0.11
0 0.5165625 0.70375 0.084375 0.1125
0 0.5234375 0.79625 0.079375 0.10583333333333333
0 0.1590625 0.6470833333333333 0.081875 0.10916666666666666
0 0.31375 0.4925 0.09 0.12
0 0.8775 0.335 0.08375 0.11166666666666666
0 0.255 0.2504166666666667 0.0925 0.1225
1 0.0725 0.6258333333333334 0.11625 0.155
0 0.5840625 0.215 0.083125 0.11166666666666666
0 0.8096875 0.07625 0.100625 0.13416666666666666
0 0.72625 0.0825 0.08375 0.11166666666666666
1 0.944375 0.28833333333333333 0.10375 0.13833333333333334
0 0.1396875 0.8708333333333333 0.096875 0.13
0 0.338125 0.7475 0.09125 0.12166666666666667
0 0.1065625 0.4558333333333333 0.079375 0.105
0 0.2271875 0.72375 0.104375 0.13916666666666666
0 0.1521875 0.5579166666666666 0.110625 0.1475
0 0.50625 0.6225 0.09625 0.12833333333333333
0 0.290625 0.3879166666666667 0.0925 0.12416666666666666
0 0.404375 0.8833333333333333 0.0925 0.12333333333333334
0 0.31 0.31125 0.09625 0.12916666666666668
0 0.5125 0.38875 0.0825 0.11083333333333334
0 0.55125 0.9116666666666666 0.09625 0.12833333333333333
0 0.33375 0.6725 0.10375 0.13833333333333334
0 0.6128125 0.07791666666666666 0.095625 0.1275
0 0.3596875 0.37416666666666665 0.094375 0.12666666666666668
0 0.4090625 0.34208333333333335 0.086875 0.11583333333333333
0 0.4234375 0.44875 0.080625 0.1075
0 0.5440625 0.42833333333333334 0.096875 0.13
0 0.168125 0.47541666666666665 0.09875 0.13083333333333333
0 0.459375 0.895 0.11125 0.14833333333333334
0 0.5021875 0.8529166666666667 0.080625 0.1075
0 0.6896875 0.33958333333333335 0.076875 0.1025
0 0.4271875 0.6395833333333333 0.098125 0.13083333333333333