0 0.53375 0.3179166666666667 0.095 0.12583333333333332
0 0.810625 0.3908333333333333 0.0975 0.13
0 0.7090625 0.36625 0.084375 0.1125
0 0.56875 0.6366666666666667 0.09 0.12
0 0.67125 0.12416666666666666 0.08875 0.11833333333333333
0 0.2725 0.8633333333333333 0.10125 0.135
0 0.3478125 0.3754166666666667 0.093125 0.12416666666666666
0 0.2809375 0.18458333333333332 0.099375 0.1325
0 0.4140625 0.905 0.096875 0.12833333333333333
0 0.6359375 0.7483333333333333 0.111875 0.14833333333333334
0 0.6203125 0.4558333333333333 0.143125 0.19
0 0.7478125 0.26208333333333333 0.166875 0.2225
0 0.6334375 0.5558333333333333 0.103125 0.13833333333333334