0 0.505625 0.3129166666666667 0.08375 0.10083333333333333
0 0.41625 0.18041666666666667 0.08375 0.1075
0 0.116875 0.775 0.07375 0.105
0 0.7428125 0.06666666666666667 0.078125 0.10666666666666667
0 0.5971875 0.6808333333333333 0.076875 0.09833333333333333
0 0.3134375 0.5845833333333333 0.080625 0.11583333333333333
0 0.826875 0.5066666666666667 0.08125 0.11166666666666666
0 0.4134375 0.765 0.078125 0.105
0 0.404375 0.6054166666666667 0.0675 0.08083333333333333
0 0.7628125 0.8129166666666666 0.071875 0.11583333333333333
0 0.8590625 0.25583333333333336 0.083125 0.10166666666666667
0 0.884375 0.5579166666666666 0.07375 0.1075
0 0.1725 0.33625 0.08375 0.10083333333333333
0 0.77875 0.6829166666666666 0.0775 0.10416666666666667
0 0.373125 0.4683333333333333 0.0825 0.105
0 0.4803125 0.8783333333333333 0.071875 0.11
0 0.600625 0.8579166666666667 0.085 0.10083333333333333
0 0.1040625 0.4741666666666667 0.070625 0.125
0 0.8775 0.45416666666666666 0.075 0.09333333333333334
0 0.211875 0.59875 0.07125 0.10583333333333333
0 0.5053125 0.7625 0.080625 0.09333333333333334
0 0.67375 0.5420833333333334 0.08875 0.11916666666666667
0 0.0753125 0.6191666666666666 0.079375 0.11
0 0.5625 0.9254166666666667 0.1 0.09583333333333334
0 0.535 0.82875 0.08 0.1075
0 0.3340625 0.8091666666666667 0.076875 0.09333333333333334
0 0.6890625 0.6791666666666667 0.074375 0.09833333333333333
0 0.1978125 0.79 0.096875 0.08666666666666667
0 0.1778125 0.46416666666666667 0.075625 0.11
0 0.4228125 0.05125 0.079375 0.1025
0 0.1 0.25875 0.07375 0.09916666666666667
0 0.3446875 0.31833333333333336 0.078125 0.09666666666666666
0 0.8975 0.8725 0.08 0.10666666666666667
0 0.7390625 0.1575 0.088125 0.09
0 0.3053125 0.7058333333333333 0.095625 0.09
0 0.2540625 0.47458333333333336 0.078125 0.10916666666666666
0 0.58375 0.2075 0.075 0.10333333333333333
0 0.0415625 0.8354166666666667 0.075625 0.1025
0 0.605 0.7629166666666667 0.07625 0.09583333333333334
0 0.884375 0.3720833333333333 0.0825 0.08916666666666667
0 0.32125 0.9070833333333334 0.075 0.09916666666666667