0 0.176875 0.515 0.11125 0.14833333333333334
0 0.251875 0.6583333333333333 0.10875 0.145
0 0.5284375 0.8033333333333333 0.106875 0.14166666666666666
0 0.491875 0.15166666666666667 0.11375 0.15166666666666667
0 0.7140625 0.6695833333333333 0.100625 0.13416666666666666
0 0.596875 0.7770833333333333 0.10625 0.1425
0 0.6109375 0.42875 0.098125 0.13083333333333333
0 0.8075 0.60375 0.10375 0.13916666666666666
0 0.591875 0.1925 0.10875 0.145
0 0.69875 0.4170833333333333 0.11 0.14583333333333334
0 0.4040625 0.5570833333333334 0.106875 0.1425
0 0.2865625 0.78875 0.091875 0.1225
0 0.365 0.15583333333333332 0.11 0.14666666666666667
0 0.6453125 0.46208333333333335 0.103125 0.1375
0 0.943125 0.27375 0.11 0.1475
0 0.65625 0.7708333333333334 0.11 0.14666666666666667
0 0.4021875 0.23375 0.103125 0.1375
0 0.56 0.6116666666666667 0.10125 0.135
0 0.76625 0.4395833333333333 0.10375 0.1375
0 0.8271875 0.18916666666666668 0.089375 0.11833333333333333
0 0.4634375 0.39458333333333334 0.113125 0.15083333333333335
0 0.1221875 0.5079166666666667 0.110625 0.1475
0 0.1603125 0.315 0.109375 0.145
0 0.438125 0.7604166666666666 0.105 0.13916666666666666
0 0.874375 0.27166666666666667 0.09875 0.13166666666666665
0 0.8328125 0.26958333333333334 0.104375 0.13916666666666666
0 0.5446875 0.5129166666666667 0.093125 0.12416666666666666
0 0.6121875 0.55125 0.104375 0.13916666666666666
0 0.63375 0.91625 0.10125 0.13416666666666666
0 0.774375 0.3308333333333333 0.105 0.14
0 0.9346875 0.5125 0.099375 0.13333333333333333
0 0.5040625 0.37166666666666665 0.100625 0.13333333333333333
0 0.0846875 0.7429166666666667 0.091875 0.1225
0 0.47 0.4870833333333333 0.10625 0.1425
1 0.2315625 0.48291666666666666 0.130625 0.17416666666666666
0 0.0909375 0.6054166666666667 0.109375 0.14583333333333334
0 0.675625 0.32458333333333333 0.10125 0.13583333333333333
0 0.651875 0.35125 0.10125 0.13416666666666666