0 0.796875 0.9075 0.09125 0.12166666666666667
0 0.7309375 0.5333333333333333 0.100625 0.135
0 0.413125 0.315 0.11125 0.14833333333333334
0 0.4371875 0.7004166666666667 0.104375 0.13916666666666666
0 0.8025 0.6 0.08875 0.11833333333333333
0 0.4646875 0.8670833333333333 0.118125 0.1575
0 0.838125 0.7908333333333334 0.1 0.13333333333333333
0 0.765625 0.23583333333333334 0.10875 0.145
0 0.7121875 0.7829166666666667 0.081875 0.10916666666666666
0 0.561875 0.8616666666666667 0.1075 0.14333333333333334
0 0.805625 0.7154166666666667 0.08875 0.11916666666666667
0 0.4534375 0.5470833333333334 0.099375 0.1325
0 0.159375 0.6466666666666666 0.1125 0.15
0 0.83 0.4025 0.1075 0.14333333333333334
0 0.8578125 0.48791666666666667 0.101875 0.13583333333333333
0 0.5853125 0.5345833333333333 0.094375 0.12583333333333332
0 0.626875 0.5991666666666666 0.0875 0.11666666666666667
0 0.14125 0.3416666666666667 0.09875 0.13166666666666665
0 0.0778125 0.4295833333333333 0.100625 0.13416666666666666
0 0.9115625 0.72125 0.098125 0.13083333333333333
0 0.4196875 0.21916666666666668 0.104375 0.14
0 0.628125 0.15583333333333332 0.1125 0.15
0 0.3759375 0.6270833333333333 0.099375 0.1325
0 0.7490625 0.7183333333333334 0.105625 0.14
0 0.218125 0.2991666666666667 0.09125 0.12166666666666667
0 0.8171875 0.46416666666666667 0.090625 0.12166666666666667
0 0.384375 0.53 0.11 0.14666666666666667
0 0.57375 0.3958333333333333 0.10125 0.135
0 0.08375 0.525 0.11 0.14666666666666667
0 0.601875 0.4691666666666667 0.08625 0.115
0 0.4778125 0.41208333333333336 0.090625 0.12083333333333333
0 0.0696875 0.22291666666666668 0.086875 0.11583333333333333
0 0.3078125 0.235 0.100625 0.13333333333333333
0 0.3278125 0.7416666666666667 0.105625 0.14
0 0.30625 0.30083333333333334 0.1075 0.14333333333333334
0 0.5096875 0.27291666666666664 0.094375 0.12583333333333332
0 0.62875 0.7179166666666666 0.09875 0.1325
0 0.69375 0.8966666666666666 0.0925 0.12333333333333334
0 0.5896875 0.6729166666666667 0.105625 0.14083333333333334
0 0.6490625 0.25416666666666665 0.100625 0.13333333333333333
0 0.451875 0.12291666666666666 0.0975 0.13083333333333333
1 0.189375 0.14541666666666667 0.1175 0.1575
0 0.74 0.8558333333333333 0.09375 0.125
1 0.3553125 0.11208333333333333 0.141875 0.18916666666666668
1 0.668125 0.3466666666666667 0.12125 0.16166666666666665
1 0.5946875 0.22625 0.134375 0.17916666666666667
0 0.556875 0.24458333333333335 0.085 0.1125
0 0.5909375 0.3441666666666667 0.095625 0.12666666666666668
0 0.8975 0.7725 0.1 0.13333333333333333
0 0.120625 0.13166666666666665 0.09625 0.12833333333333333
0 0.4025 0.165 0.095 0.12666666666666668
0 0.409375 0.08625 0.0825 0.10916666666666666
0 0.494375 0.43875 0.08625 0.11416666666666667
1 0.2515625 0.36375 0.160625 0.21416666666666667