0 0.4190625 0.8495833333333334 0.078125 0.10583333333333333
0 0.5325 0.8720833333333333 0.07 0.11083333333333334
0 0.695625 0.7995833333333333 0.07375 0.09916666666666667
0 0.2196875 0.1675 0.073125 0.11
0 0.32125 0.7133333333333334 0.0775 0.09666666666666666
0 0.794375 0.76625 0.06 0.0725
0 0.72375 0.36875 0.08 0.1025
0 0.3340625 0.3408333333333333 0.071875 0.095
0 0.4765625 0.26958333333333334 0.084375 0.1025
0 0.7971875 0.6595833333333333 0.083125 0.10583333333333333
0 0.321875 0.5291666666666667 0.0725 0.09166666666666666
0 0.7365625 0.22541666666666665 0.079375 0.0925
0 0.4453125 0.35333333333333333 0.073125 0.10166666666666667
0 0.4396875 0.1975 0.078125 0.11
0 0.5640625 0.42875 0.069375 0.08916666666666667
0 0.4021875 0.13833333333333334 0.080625 0.09833333333333333
0 0.5746875 0.09125 0.081875 0.10583333333333333
0 0.526875 0.7729166666666667 0.07 0.10416666666666667
0 0.6578125 0.42041666666666666 0.079375 0.10916666666666666
0 0.72375 0.1375 0.075 0.09
0 0.8 0.39958333333333335 0.06375 0.10416666666666667
0 0.261875 0.765 0.0675 0.09333333333333334
0 0.31875 0.61875 0.08375 0.09416666666666666
0 0.503125 0.6566666666666666 0.07625 0.105
0 0.16875 0.12416666666666666 0.07875 0.105
0 0.274375 0.24208333333333334 0.07875 0.0875
0 0.4975 0.08458333333333333 0.08125 0.1025
0 0.3678125 0.90625 0.086875 0.1075
0 0.79625 0.91125 0.07875 0.09583333333333334
0 0.205625 0.59375 0.075 0.10916666666666666
0 0.373125 0.27541666666666664 0.06625 0.07416666666666667
0 0.5915625 0.8920833333333333 0.069375 0.11416666666666667
0 0.6703125 0.08833333333333333 0.076875 0.08833333333333333
0 0.3578125 0.43125 0.078125 0.09083333333333334
0 0.2178125 0.39125 0.080625 0.0975
0 0.21125 0.4245833333333333 0.075 0.0875
0 0.53375 0.33458333333333334 0.07125 0.07583333333333334
0 0.53125 0.5004166666666666 0.065 0.08583333333333333
0 0.55625 0.4979166666666667 0.07375 0.08916666666666667
0 0.5096875 0.18416666666666667 0.064375 0.09333333333333334
0 0.544375 0.20041666666666666 0.07875 0.0975