0 0.7009375 0.66625 0.104375 0.13916666666666666
0 0.31125 0.11416666666666667 0.10625 0.14166666666666666
0 0.2796875 0.7325 0.099375 0.13333333333333333
0 0.875 0.8191666666666667 0.095 0.12666666666666668
0 0.70375 0.1475 0.10375 0.13833333333333334
0 0.2 0.5333333333333333 0.105 0.14
0 0.5721875 0.4666666666666667 0.099375 0.13166666666666665
0 0.425625 0.3458333333333333 0.105 0.14
0 0.210625 0.22375 0.11125 0.1475
0 0.316875 0.43 0.10875 0.145
0 0.5378125 0.31958333333333333 0.079375 0.10583333333333333
0 0.359375 0.7033333333333334 0.1 0.13333333333333333
0 0.7284375 0.5483333333333333 0.106875 0.14166666666666666
0 0.1534375 0.6670833333333334 0.108125 0.14416666666666667
0 0.6390625 0.7470833333333333 0.103125 0.1375
0 0.54125 0.6495833333333333 0.105 0.13916666666666666
0 0.16875 0.08666666666666667 0.10875 0.145
0 0.3734375 0.60375 0.106875 0.1425
0 0.5153125 0.78 0.096875 0.12833333333333333
0 0.4809375 0.12708333333333333 0.106875 0.1425
0 0.2765625 0.5495833333333333 0.116875 0.15583333333333332
0 0.610625 0.8841666666666667 0.10875 0.145
0 0.2096875 0.3720833333333333 0.114375 0.1525
0 0.47 0.31833333333333336 0.09 0.12
0 0.69625 0.7583333333333333 0.11375 0.15166666666666667
0 0.1096875 0.3254166666666667 0.116875 0.15583333333333332
0 0.451875 0.18416666666666667 0.10875 0.145
0 0.16625 0.32625 0.115 0.15416666666666667
0 0.435625 0.6025 0.1075 0.14333333333333334
0 0.3475 0.3516666666666667 0.1 0.13333333333333333
0 0.8390625 0.5854166666666667 0.103125 0.1375
0 0.43 0.7104166666666667 0.1075 0.1425
0 0.4821875 0.6641666666666667 0.121875 0.16333333333333333
0 0.7740625 0.6345833333333334 0.101875 0.13583333333333333
1 0.2759375 0.3304166666666667 0.110625 0.1475