0 0.59875 0.5445833333333333 0.095 0.12583333333333332
0 0.740625 0.4508333333333333 0.0925 0.12333333333333334
0 0.266875 0.2725 0.09625 0.12833333333333333
0 0.7665625 0.38458333333333333 0.105625 0.14083333333333334
0 0.273125 0.1225 0.09625 0.12833333333333333
0 0.8196875 0.7179166666666666 0.094375 0.12583333333333332
0 0.293125 0.6416666666666667 0.10125 0.135
0 0.4228125 0.42916666666666664 0.099375 0.13166666666666665
0 0.76125 0.81375 0.1 0.1325
0 0.309375 0.35583333333333333 0.0975 0.13
0 0.6290625 0.46166666666666667 0.104375 0.13833333333333334
0 0.3075 0.7820833333333334 0.0925 0.12416666666666666
0 0.505625 0.12916666666666668 0.09625 0.12833333333333333
0 0.5153125 0.9154166666666667 0.111875 0.14916666666666667
0 0.2165625 0.08541666666666667 0.106875 0.1425
0 0.23625 0.7716666666666666 0.105 0.14
0 0.3590625 0.79875 0.096875 0.12916666666666668
0 0.8078125 0.5329166666666667 0.088125 0.1175
0 0.779375 0.7433333333333333 0.10625 0.14166666666666666
0 0.3303125 0.085 0.100625 0.135
0 0.480625 0.5583333333333333 0.0775 0.10333333333333333
0 0.6875 0.5133333333333333 0.09875 0.13166666666666665
0 0.44875 0.7054166666666667 0.09125 0.12083333333333333
0 0.343125 0.5508333333333333 0.115 0.15333333333333332
0 0.8328125 0.6120833333333333 0.104375 0.13916666666666666
0 0.8484375 0.84875 0.091875 0.1225
0 0.86875 0.5833333333333334 0.10125 0.135
0 0.5525 0.17208333333333334 0.09875 0.1325
0 0.414375 0.16083333333333333 0.105 0.14
0 0.51125 0.4691666666666667 0.11625 0.155
0 0.3915625 0.3120833333333333 0.100625 0.13416666666666666
0 0.739375 0.61875 0.09375 0.12416666666666666
0 0.3778125 0.8870833333333333 0.086875 0.11583333333333333
0 0.518125 0.6016666666666667 0.10625 0.14166666666666666
0 0.4653125 0.23791666666666667 0.100625 0.13416666666666666
0 0.4009375 0.50625 0.090625 0.12083333333333333
0 0.5346875 0.08791666666666667 0.098125 0.13083333333333333
0 0.3434375 0.87125 0.106875 0.1425
0 0.5259375 0.6766666666666666 0.108125 0.14333333333333334
0 0.6778125 0.6525 0.106875 0.14166666666666666
0 0.6196875 0.16375 0.109375 0.14583333333333334
0 0.3771875 0.6541666666666667 0.121875 0.16333333333333333
0 0.305625 0.24375 0.10875 0.14416666666666667
0 0.4503125 0.09666666666666666 0.096875 0.13
0 0.9403125 0.5920833333333333 0.110625 0.1475
0 0.3528125 0.5416666666666666 0.109375 0.14666666666666667
0 0.6225 0.635 0.1025 0.13666666666666666
0 0.75375 0.5845833333333333 0.09125 0.12083333333333333
0 0.43875 0.65875 0.095 0.1275
0 0.533125 0.7458333333333333 0.1125 0.15