0 0.5940625 0.73875 0.063125 0.08416666666666667
0 0.18 0.5266666666666666 0.06375 0.08
0 0.409375 0.135 0.0625 0.095
0 0.37875 0.57625 0.06875 0.0825
0 0.4378125 0.41541666666666666 0.074375 0.0925
0 0.1740625 0.3016666666666667 0.071875 0.08833333333333333
0 0.66625 0.8458333333333333 0.06375 0.07333333333333333
0 0.57875 0.575 0.06625 0.09333333333333334
0 0.1865625 0.43916666666666665 0.056875 0.08833333333333333
0 0.2384375 0.5945833333333334 0.069375 0.08416666666666667
0 0.6184375 0.4429166666666667 0.070625 0.08916666666666667
0 0.7084375 0.6975 0.060625 0.07333333333333333
0 0.3075 0.8116666666666666 0.06125 0.08166666666666667
0 0.44875 0.6729166666666667 0.0625 0.07916666666666666
0 0.523125 0.295 0.06 0.08
0 0.493125 0.8558333333333333 0.06875 0.1
0 0.2528125 0.7733333333333333 0.064375 0.09333333333333334
0 0.5578125 0.8508333333333333 0.061875 0.08166666666666667
0 0.3003125 0.4791666666666667 0.055625 0.085
0 0.81625 0.7804166666666666 0.06375 0.0825
0 0.5284375 0.66375 0.078125 0.08416666666666667
0 0.26375 0.86125 0.07 0.07916666666666666
0 0.5184375 0.11708333333333333 0.055625 0.09583333333333334
0 0.8315625 0.11875 0.059375 0.08083333333333333
0 0.3921875 0.8295833333333333 0.070625 0.07416666666666667
0 0.2046875 0.8383333333333334 0.075625 0.1
0 0.38375 0.24083333333333334 0.06375 0.08666666666666667
0 0.82625 0.38708333333333333 0.0675 0.08416666666666667
0 0.4465625 0.23916666666666667 0.069375 0.08666666666666667
0 0.510625 0.5975 0.07125 0.085
0 0.76875 0.14458333333333334 0.0575 0.07916666666666666
0 0.736875 0.5845833333333333 0.065 0.08416666666666667
0 0.2246875 0.9254166666666667 0.066875 0.09083333333333334
0 0.708125 0.28625 0.0525 0.1025
0 0.1821875 0.22083333333333333 0.073125 0.07166666666666667
0 0.795 0.615 0.07125 0.08
0 0.51875 0.35125 0.065 0.07583333333333334
1 0.3865625 0.7483333333333333 0.094375 0.12
0 0.60625 0.10416666666666667 0.0575 0.09
0 0.37375 0.49625 0.08875 0.0775
0 0.7475 0.19416666666666665 0.06375 0.06666666666666667
0 0.5125 0.43583333333333335 0.05625 0.08166666666666667
0 0.33875 0.6520833333333333 0.05625 0.0775
0 0.320625 0.08083333333333333 0.06375 0.075
0 0.6075 0.15333333333333332 0.05875 0.09666666666666666
0 0.5115625 0.7979166666666667 0.056875 0.0925
0 0.825 0.27291666666666664 0.05375 0.0775
0 0.8425 0.6391666666666667 0.0525 0.08333333333333333
0 0.7596875 0.7720833333333333 0.060625 0.06583333333333333
0 0.840625 0.0375 0.05875 0.06833333333333333
0 0.1534375 0.6466666666666666 0.058125 0.07166666666666667