0 0.9046875 0.47875 0.075625 0.0975
0 0.2165625 0.605 0.059375 0.08333333333333333
0 0.6290625 0.4529166666666667 0.069375 0.08416666666666667
0 0.169375 0.8195833333333333 0.08 0.1075
0 0.2759375 0.5375 0.071875 0.095
0 0.4346875 0.22916666666666666 0.078125 0.09666666666666666
0 0.7596875 0.48333333333333334 0.065625 0.085
0 0.844375 0.39208333333333334 0.075 0.10583333333333333
0 0.793125 0.3025 0.075 0.10166666666666667
0 0.72375 0.3095833333333333 0.07125 0.09416666666666666
0 0.5525 0.8245833333333333 0.0775 0.10416666666666667
0 0.1784375 0.45958333333333334 0.071875 0.11083333333333334
0 0.1703125 0.7216666666666667 0.075625 0.09166666666666666
0 0.8440625 0.5491666666666667 0.066875 0.085
0 0.4796875 0.56875 0.078125 0.1025
0 0.2509375 0.8991666666666667 0.071875 0.10666666666666667
0 0.390625 0.42833333333333334 0.07625 0.09666666666666666
0 0.09625 0.74375 0.0725 0.09916666666666667
0 0.540625 0.3175 0.07375 0.11166666666666666
0 0.9534375 0.5691666666666667 0.078125 0.09
0 0.4153125 0.7829166666666667 0.056875 0.08416666666666667
0 0.6671875 0.3675 0.071875 0.09166666666666666
0 0.220625 0.12416666666666666 0.07625 0.10666666666666667
0 0.7203125 0.125 0.070625 0.10333333333333333
0 0.679375 0.9345833333333333 0.07125 0.10083333333333333
0 0.3765625 0.5525 0.056875 0.07666666666666666
0 0.5071875 0.7491666666666666 0.060625 0.07666666666666666
0 0.9528125 0.415 0.051875 0.08166666666666667
0 0.48 0.27291666666666664 0.05625 0.07583333333333334
0 0.4859375 0.06958333333333333 0.065625 0.09583333333333334
0 0.63 0.845 0.07375 0.09166666666666666
0 0.7578125 0.5583333333333333 0.073125 0.095
0 0.7090625 0.5479166666666667 0.071875 0.09416666666666666
0 0.0346875 0.5979166666666667 0.069375 0.08916666666666667
0 0.4653125 0.63125 0.076875 0.10083333333333333
0 0.36375 0.19041666666666668 0.06 0.07916666666666666
1 0.45375 0.395 0.07 0.11833333333333333
0 0.3478125 0.625 0.071875 0.1
0 0.506875 0.65875 0.07625 0.10083333333333333
0 0.2396875 0.8058333333333333 0.074375 0.1
0 0.660625 0.7008333333333333 0.0525 0.08333333333333333
0 0.7175 0.4075 0.07125 0.10166666666666667
0 0.438125 0.14291666666666666 0.0675 0.08416666666666667
0 0.625 0.6179166666666667 0.06375 0.0925
0 0.3559375 0.905 0.074375 0.09666666666666666
0 0.8078125 0.625 0.068125 0.08833333333333333
0 0.77375 0.70375 0.0675 0.09583333333333334
0 0.880625 0.6229166666666667 0.0675 0.0925
0 0.591875 0.6916666666666667 0.0625 0.08
0 0.4071875 0.13208333333333333 0.070625 0.0975
0 0.0371875 0.48833333333333334 0.064375 0.08
0 0.35375 0.42083333333333334 0.07125 0.1
0 0.3165625 0.5375 0.063125 0.07833333333333334
0 0.5453125 0.5145833333333333 0.069375 0.07916666666666666
0 0.3771875 0.34875 0.058125 0.07083333333333333
1 0.1428125 0.23083333333333333 0.079375 0.09666666666666666
1 0.8640625 0.2075 0.144375 0.1
0 0.681875 0.4083333333333333 0.06 0.08333333333333333
0 0.5590625 0.41625 0.064375 0.0825
0 0.7665625 0.60875 0.064375 0.08583333333333333
0 0.85 0.6508333333333334 0.0575 0.07333333333333333
0 0.5228125 0.9054166666666666 0.063125 0.09416666666666666
0 0.5775 0.7370833333333333 0.07375 0.0925
0 0.5721875 0.59625 0.060625 0.08916666666666667
0 0.673125 0.6025 0.05625 0.08333333333333333
0 0.69125 0.6366666666666667 0.06875 0.09833333333333333
0 0.723125 0.6720833333333334 0.07375 0.08083333333333333
0 0.6659375 0.73625 0.070625 0.08416666666666667
0 0.95125 0.23458333333333334 0.07 0.0825
0 0.16875 0.35583333333333333 0.0575 0.07833333333333334
0 0.4271875 0.7 0.070625 0.08666666666666667
0 0.3903125 0.6775 0.063125 0.08666666666666667
0 0.376875 0.8383333333333334 0.0575 0.07833333333333334
0 0.3403125 0.8008333333333333 0.059375 0.07666666666666666
0 0.31625 0.8770833333333333 0.06375 0.0775
0 0.2865625 0.82125 0.064375 0.08583333333333333
0 0.3409375 0.7208333333333333 0.070625 0.09666666666666666
0 0.298125 0.28875 0.06 0.08416666666666667
0 0.0365625 0.3275 0.064375 0.075
0 0.0946875 0.43833333333333335 0.068125 0.08333333333333333
0 0.06 0.6704166666666667 0.06 0.06583333333333333
0 0.125625 0.4066666666666667 0.065 0.095
0 0.1003125 0.3325 0.063125 0.08166666666666667
0 0.068125 0.39125 0.0575 0.06416666666666666
0 0.2003125 0.28541666666666665 0.065625 0.08416666666666667
0 0.271875 0.17833333333333334 0.065 0.095
0 0.349375 0.28 0.0525 0.08
0 0.548125 0.6 0.05 0.07833333333333334
0 0.62125 0.15166666666666667 0.07125 0.10166666666666667
0 0.6375 0.05625 0.06375 0.0825
0 0.5615625 0.10791666666666666 0.064375 0.0925
0 0.595 0.09416666666666666 0.06125 0.10166666666666667
0 0.5321875 0.14375 0.064375 0.0825
0 0.4378125 0.06333333333333334 0.068125 0.08166666666666667
0 0.4159375 0.041666666666666664 0.064375 0.07833333333333334
0 0.593125 0.4483333333333333 0.06 0.07833333333333334
0 0.538125 0.48833333333333334 0.055 0.07666666666666666
0 0.508125 0.4320833333333333 0.0725 0.08583333333333333