0 0.0878125 0.7220833333333333 0.123125 0.16416666666666666
0 0.7571875 0.6541666666666667 0.101875 0.135
0 0.606875 0.275 0.11125 0.14833333333333334
0 0.4109375 0.17125 0.099375 0.1325
0 0.6503125 0.455 0.106875 0.14333333333333334
0 0.3125 0.69 0.10625 0.14166666666666666
0 0.7859375 0.5545833333333333 0.109375 0.14583333333333334
0 0.5778125 0.41875 0.105625 0.14083333333333334
0 0.7240625 0.23916666666666667 0.110625 0.14833333333333334
0 0.578125 0.5333333333333333 0.1075 0.14333333333333334
0 0.531875 0.16 0.1175 0.15666666666666668
0 0.5659375 0.70375 0.106875 0.1425
0 0.55125 0.06875 0.1025 0.13583333333333333
0 0.6875 0.5520833333333334 0.09875 0.1325
0 0.881875 0.44458333333333333 0.1025 0.13583333333333333
0 0.27 0.555 0.09875 0.13166666666666665
0 0.68125 0.30583333333333335 0.10875 0.145
0 0.6790625 0.16583333333333333 0.106875 0.14333333333333334
0 0.670625 0.615 0.1025 0.13666666666666666
0 0.2828125 0.63 0.103125 0.13666666666666666
0 0.7375 0.4508333333333333 0.12 0.16
0 0.25 0.4658333333333333 0.09125 0.12166666666666667
0 0.7709375 0.16416666666666666 0.113125 0.15166666666666667
0 0.7709375 0.35583333333333333 0.100625 0.13333333333333333
0 0.7878125 0.45708333333333334 0.113125 0.15083333333333335
0 0.2534375 0.41458333333333336 0.104375 0.13916666666666666
0 0.6659375 0.39958333333333335 0.114375 0.1525
0 0.735625 0.37375 0.115 0.15416666666666667
0 0.5425 0.67 0.10125 0.135