0 0.6609375 0.6733333333333333 0.075625 0.10166666666666667
0 0.69 0.44625 0.0775 0.1075
0 0.09625 0.8533333333333334 0.07875 0.09666666666666666
0 0.3115625 0.32958333333333334 0.075625 0.1025
0 0.0496875 0.6520833333333333 0.079375 0.10583333333333333
0 0.03125 0.7920833333333334 0.06 0.10416666666666667
0 0.598125 0.5616666666666666 0.0675 0.09166666666666666
0 0.3 0.8933333333333333 0.08125 0.095
0 0.0778125 0.24125 0.080625 0.09916666666666667
0 0.5921875 0.24333333333333335 0.085625 0.11333333333333333
0 0.2234375 0.08625 0.076875 0.1025
0 0.9078125 0.16625 0.068125 0.09583333333333334
0 0.6515625 0.9125 0.084375 0.11
0 0.32375 0.5570833333333334 0.07875 0.1025
0 0.7434375 0.056666666666666664 0.075625 0.09666666666666666
0 0.16625 0.90625 0.0775 0.0975
0 0.149375 0.23208333333333334 0.07 0.10083333333333333
0 0.8546875 0.15916666666666668 0.069375 0.1
0 0.2646875 0.45375 0.074375 0.09416666666666666
0 0.34875 0.705 0.07125 0.09833333333333333
0 0.4096875 0.6970833333333334 0.066875 0.09916666666666667
0 0.5771875 0.7954166666666667 0.074375 0.10416666666666667
0 0.4253125 0.5358333333333334 0.069375 0.09333333333333334
0 0.2609375 0.8158333333333333 0.085625 0.10166666666666667
0 0.90125 0.43333333333333335 0.06875 0.09
1 0.2625 0.19583333333333333 0.0875 0.12833333333333333
0 0.1959375 0.8045833333333333 0.078125 0.09916666666666667
0 0.11625 0.06708333333333333 0.0825 0.09416666666666666
0 0.59 0.135 0.08625 0.09833333333333333
0 0.9196875 0.64875 0.066875 0.09916666666666667
0 0.0390625 0.6958333333333333 0.071875 0.095
0 0.4434375 0.38708333333333333 0.076875 0.10083333333333333
0 0.51875 0.18166666666666667 0.07 0.10333333333333333
0 0.4234375 0.06375 0.066875 0.09583333333333334
0 0.8128125 0.87 0.081875 0.11333333333333333
0 0.8453125 0.33416666666666667 0.080625 0.12
0 0.4278125 0.1 0.071875 0.09666666666666666
0 0.595 0.46541666666666665 0.07875 0.09416666666666666
0 0.5340625 0.40375 0.069375 0.09916666666666667
0 0.6675 0.4925 0.07 0.10666666666666667
0 0.420625 0.35541666666666666 0.07625 0.10416666666666667
0 0.9065625 0.9470833333333334 0.078125 0.0975
0 0.2234375 0.23833333333333334 0.068125 0.09833333333333333
0 0.8734375 0.8220833333333334 0.070625 0.09916666666666667
0 0.5359375 0.65 0.064375 0.11166666666666666
0 0.5525 0.38875 0.0675 0.0975
0 0.8903125 0.5754166666666667 0.059375 0.07916666666666666
0 0.7996875 0.5775 0.058125 0.09166666666666666
0 0.8384375 0.5533333333333333 0.071875 0.08
0 0.9346875 0.6433333333333333 0.075625 0.09333333333333334