0 0.2728125 0.21708333333333332 0.113125 0.15083333333333335
0 0.6103125 0.18708333333333332 0.106875 0.1425
0 0.3884375 0.14166666666666666 0.108125 0.14333333333333334
0 0.2515625 0.6308333333333334 0.110625 0.14833333333333334
0 0.7278125 0.14583333333333334 0.111875 0.14833333333333334
0 0.3975 0.77625 0.10625 0.1425
0 0.88625 0.3804166666666667 0.10125 0.13416666666666666
0 0.451875 0.16208333333333333 0.09625 0.12916666666666668
0 0.7590625 0.09333333333333334 0.110625 0.14833333333333334
0 0.74375 0.7508333333333334 0.10125 0.135
0 0.3025 0.9433333333333334 0.08375 0.11166666666666666
0 0.666875 0.55375 0.11375 0.15083333333333335
0 0.375 0.6508333333333334 0.115 0.15333333333333332
0 0.325 0.40541666666666665 0.1025 0.1375
0 0.31375 0.6458333333333334 0.11375 0.15166666666666667
0 0.5296875 0.8770833333333333 0.101875 0.13583333333333333
0 0.2690625 0.85875 0.109375 0.14583333333333334
0 0.2671875 0.3095833333333333 0.106875 0.1425
0 0.3275 0.20416666666666666 0.1125 0.15
0 0.9303125 0.48291666666666666 0.104375 0.13916666666666666
0 0.785625 0.41875 0.09875 0.13083333333333333
0 0.424375 0.3458333333333333 0.1 0.13333333333333333
0 0.7878125 0.22541666666666665 0.091875 0.1225
0 0.8428125 0.13541666666666666 0.109375 0.14583333333333334
0 0.6578125 0.62375 0.105625 0.14083333333333334
0 0.3784375 0.28291666666666665 0.094375 0.12583333333333332
0 0.7034375 0.32083333333333336 0.108125 0.145
0 0.546875 0.13 0.10625 0.14166666666666666
0 0.53 0.4895833333333333 0.11375 0.1525
0 0.896875 0.2833333333333333 0.11 0.14666666666666667
0 0.2246875 0.22958333333333333 0.099375 0.1325
0 0.0753125 0.45625 0.125625 0.1675
0 0.7428125 0.3045833333333333 0.090625 0.12083333333333333
0 0.589375 0.8666666666666667 0.09625 0.12833333333333333
0 0.5796875 0.8958333333333334 0.104375 0.14
0 0.709375 0.6904166666666667 0.11 0.14583333333333334
0 0.7546875 0.35291666666666666 0.095625 0.1275
0 0.548125 0.2225 0.10625 0.14166666666666666