0 0.1065625 0.25125 0.106875 0.1425
0 0.3515625 0.8070833333333334 0.113125 0.15083333333333335
0 0.6225 0.5916666666666667 0.09375 0.125
0 0.2140625 0.6354166666666666 0.106875 0.1425
0 0.6253125 0.6825 0.108125 0.145
0 0.1659375 0.07291666666666667 0.105625 0.14083333333333334
0 0.7003125 0.5570833333333334 0.115625 0.15416666666666667
0 0.6871875 0.8120833333333334 0.105625 0.14083333333333334
0 0.6778125 0.27375 0.110625 0.1475
0 0.8996875 0.4683333333333333 0.101875 0.13666666666666666
0 0.1634375 0.45875 0.109375 0.14583333333333334
0 0.9134375 0.7370833333333333 0.114375 0.1525
0 0.2725 0.17 0.09625 0.12833333333333333
0 0.679375 0.11291666666666667 0.1125 0.15083333333333335
0 0.1034375 0.16291666666666665 0.100625 0.13416666666666666
0 0.28875 0.48875 0.1125 0.15083333333333335
0 0.5409375 0.5379166666666667 0.095625 0.1275
0 0.5475 0.8233333333333334 0.10375 0.13833333333333334
0 0.4628125 0.14708333333333334 0.104375 0.13916666666666666
0 0.8878125 0.8470833333333333 0.114375 0.1525
0 0.2825 0.6475 0.1125 0.15
0 0.46625 0.6283333333333333 0.11375 0.15166666666666667
0 0.3590625 0.4354166666666667 0.100625 0.13416666666666666
0 0.135625 0.36041666666666666 0.10375 0.13916666666666666
0 0.32375 0.18958333333333333 0.09125 0.1225
0 0.5371875 0.45375 0.106875 0.1425
0 0.2690625 0.41041666666666665 0.098125 0.13083333333333333
0 0.623125 0.8325 0.1125 0.15
0 0.29875 0.2825 0.10375 0.13833333333333334
0 0.44375 0.505 0.10875 0.145
0 0.451875 0.2725 0.1 0.13333333333333333
0 0.470625 0.42916666666666664 0.11375 0.15166666666666667
0 0.418125 0.30416666666666664 0.10125 0.135
0 0.7828125 0.37958333333333333 0.106875 0.1425
0 0.3525 0.30583333333333335 0.1 0.13333333333333333
0 0.7409375 0.3258333333333333 0.094375 0.12666666666666668