0 0.65125 0.92625 0.06125 0.0875
0 0.4690625 0.9375 0.074375 0.09166666666666666
0 0.4953125 0.36 0.070625 0.11166666666666666
0 0.3628125 0.435 0.060625 0.08833333333333333
0 0.5440625 0.58375 0.081875 0.08083333333333333
0 0.8515625 0.6104166666666667 0.075625 0.0925
0 0.2828125 0.6404166666666666 0.070625 0.0925
1 0.69125 0.25875 0.08125 0.1075
0 0.7928125 0.7245833333333334 0.064375 0.09583333333333334
0 0.494375 0.8379166666666666 0.05875 0.08916666666666667
0 0.5803125 0.79375 0.070625 0.0925
0 0.2090625 0.8416666666666667 0.064375 0.10333333333333333
0 0.1171875 0.34375 0.068125 0.0875
0 0.3109375 0.1675 0.073125 0.11
0 0.2284375 0.9233333333333333 0.071875 0.09166666666666666
0 0.960625 0.615 0.0675 0.09333333333333334
0 0.83625 0.1825 0.06625 0.09
0 0.425625 0.7595833333333334 0.075 0.09583333333333334
0 0.5875 0.6591666666666667 0.0675 0.08
0 0.2996875 0.30125 0.071875 0.11083333333333334
0 0.2071875 0.5395833333333333 0.068125 0.10083333333333333
0 0.5659375 0.11291666666666667 0.065625 0.0825
0 0.618125 0.18041666666666667 0.08 0.1025
0 0.73375 0.84125 0.065 0.0875
0 0.0390625 0.5333333333333333 0.063125 0.095
0 0.815625 0.5520833333333334 0.07 0.0975
0 0.7640625 0.15041666666666667 0.056875 0.07583333333333334
0 0.7740625 0.6279166666666667 0.074375 0.09916666666666667
0 0.270625 0.5354166666666667 0.0675 0.12583333333333332
0 0.828125 0.4633333333333333 0.07 0.07666666666666666
0 0.1759375 0.4816666666666667 0.073125 0.095
0 0.6384375 0.12041666666666667 0.074375 0.09083333333333334
0 0.8253125 0.2970833333333333 0.066875 0.0875
0 0.8009375 0.2704166666666667 0.068125 0.09416666666666666
0 0.9446875 0.5120833333333333 0.058125 0.12583333333333332
0 0.8034375 0.38916666666666666 0.064375 0.11
1 0.824375 0.8745833333333334 0.06625 0.12583333333333332