0 0.5709375 0.9166666666666666 0.105625 0.14166666666666666
0 0.5203125 0.6408333333333334 0.106875 0.14166666666666666
0 0.7109375 0.50625 0.103125 0.1375
0 0.776875 0.6483333333333333 0.10125 0.135
0 0.4715625 0.7920833333333334 0.106875 0.1425
0 0.3375 0.48 0.1 0.13333333333333333
0 0.079375 0.5858333333333333 0.0925 0.12333333333333334
0 0.9309375 0.5704166666666667 0.105625 0.14083333333333334
0 0.2209375 0.6454166666666666 0.099375 0.1325
0 0.8215625 0.5570833333333334 0.099375 0.1325
0 0.4975 0.10333333333333333 0.1 0.13333333333333333
0 0.324375 0.68625 0.11 0.1475
0 0.5821875 0.50125 0.095625 0.1275
0 0.8628125 0.37583333333333335 0.095625 0.12833333333333333
0 0.6684375 0.6491666666666667 0.108125 0.145
0 0.115625 0.18 0.0975 0.13
0 0.484375 0.42333333333333334 0.0975 0.13
0 0.4053125 0.72375 0.101875 0.13583333333333333
0 0.1540625 0.45875 0.100625 0.13416666666666666
0 0.396875 0.06958333333333333 0.10375 0.13916666666666666
0 0.3196875 0.86375 0.119375 0.15916666666666668
0 0.700625 0.24208333333333334 0.09625 0.1275
0 0.5534375 0.3045833333333333 0.101875 0.13583333333333333
0 0.5509375 0.5629166666666666 0.105625 0.14083333333333334
0 0.1734375 0.6975 0.095625 0.12666666666666668
0 0.1925 0.14875 0.105 0.13916666666666666
0 0.6046875 0.33416666666666667 0.114375 0.15166666666666667
0 0.684375 0.14083333333333334 0.11 0.14666666666666667
0 0.2309375 0.22458333333333333 0.093125 0.12416666666666666
0 0.8271875 0.47791666666666666 0.101875 0.13583333333333333
0 0.61625 0.6208333333333333 0.10875 0.145
0 0.1171875 0.5433333333333333 0.104375 0.13833333333333334
0 0.24375 0.16375 0.1025 0.1375
0 0.93375 0.4716666666666667 0.11 0.14666666666666667
0 0.843125 0.7783333333333333 0.11 0.14666666666666667
0 0.9190625 0.7895833333333333 0.109375 0.14583333333333334
0 0.2840625 0.7529166666666667 0.088125 0.1175