0 0.739375 0.4554166666666667 0.07875 0.0925
0 0.6796875 0.35 0.073125 0.10166666666666667
0 0.3590625 0.6725 0.073125 0.1
0 0.12625 0.47 0.06875 0.09666666666666666
0 0.4196875 0.7395833333333334 0.061875 0.09083333333333334
0 0.13125 0.66875 0.07125 0.09916666666666667
0 0.22625 0.39666666666666667 0.07 0.11166666666666666
0 0.4403125 0.61625 0.085625 0.1025
0 0.6096875 0.7495833333333334 0.080625 0.09916666666666667
0 0.5128125 0.25583333333333336 0.069375 0.09333333333333334
0 0.694375 0.5654166666666667 0.0725 0.09916666666666667
0 0.254375 0.27875 0.075 0.09916666666666667
0 0.358125 0.42291666666666666 0.0825 0.1025
0 0.2621875 0.13041666666666665 0.073125 0.11083333333333334
0 0.2965625 0.5154166666666666 0.083125 0.11916666666666667
0 0.8803125 0.6920833333333334 0.078125 0.09083333333333334
0 0.394375 0.27416666666666667 0.075 0.09833333333333333
0 0.0621875 0.9175 0.083125 0.11
0 0.30375 0.7841666666666667 0.07 0.10666666666666667
0 0.624375 0.15416666666666667 0.08 0.105
0 0.886875 0.8833333333333333 0.0825 0.11
0 0.16375 0.375 0.07 0.11833333333333333
0 0.1275 0.7841666666666667 0.085 0.1
0 0.9209375 0.2475 0.083125 0.10333333333333333
0 0.6271875 0.9245833333333333 0.073125 0.0975
0 0.160625 0.8929166666666667 0.07 0.09416666666666666
0 0.595 0.615 0.06375 0.12166666666666667
0 0.2084375 0.7404166666666666 0.074375 0.10916666666666666
0 0.540625 0.6270833333333333 0.07375 0.0925
0 0.67 0.8341666666666666 0.07 0.10166666666666667
1 0.5603125 0.9195833333333333 0.074375 0.11083333333333334
0 0.8853125 0.5925 0.081875 0.105
0 0.780625 0.3620833333333333 0.0675 0.10916666666666666
0 0.1846875 0.12791666666666668 0.073125 0.11083333333333334
0 0.069375 0.7183333333333334 0.085 0.11
0 0.5021875 0.875 0.063125 0.09833333333333333
0 0.4915625 0.34208333333333335 0.065625 0.08583333333333333
1 0.31625 0.09625 0.09625 0.1475
0 0.831875 0.46708333333333335 0.07625 0.09416666666666666
0 0.785625 0.1275 0.0825 0.10833333333333334
1 0.4884375 0.7666666666666667 0.094375 0.12166666666666667
0 0.735625 0.17083333333333334 0.095 0.07833333333333334
0 0.41375 0.355 0.08 0.07666666666666666
0 0.2875 0.8620833333333333 0.07 0.10416666666666667
0 0.7921875 0.255 0.094375 0.08
0 0.6565625 0.6875 0.083125 0.10666666666666667
0 0.9175 0.1475 0.0825 0.09666666666666666
0 0.840625 0.3591666666666667 0.06625 0.1
0 0.6071875 0.85 0.069375 0.105
0 0.941875 0.4116666666666667 0.08625 0.11166666666666666
1 0.90125 0.42375 0.09625 0.15083333333333335
0 0.8565625 0.5404166666666667 0.099375 0.0925
0 0.5696875 0.48875 0.053125 0.09916666666666667
0 0.45375 0.445 0.0725 0.105
0 0.5790625 0.5970833333333333 0.068125 0.10583333333333333