0 0.2515625 0.16875 0.064375 0.09416666666666666
0 0.3875 0.8258333333333333 0.0775 0.08166666666666667
0 0.12875 0.5370833333333334 0.06875 0.1025
0 0.2840625 0.9154166666666667 0.065625 0.0775
0 0.055625 0.45666666666666667 0.07125 0.08666666666666667
0 0.7609375 0.7608333333333334 0.068125 0.09333333333333334
0 0.749375 0.27875 0.05875 0.0825
0 0.0525 0.2758333333333333 0.06375 0.09
0 0.29375 0.47875 0.07 0.09083333333333334
0 0.89125 0.16541666666666666 0.0625 0.07916666666666666
0 0.80375 0.09875 0.06375 0.0875
0 0.4525 0.5375 0.06875 0.08666666666666667
0 0.2878125 0.385 0.070625 0.09333333333333334
0 0.8434375 0.23875 0.078125 0.09083333333333334
0 0.62 0.38666666666666666 0.06875 0.08833333333333333
0 0.23875 0.44166666666666665 0.0625 0.09833333333333333
0 0.43875 0.6941666666666667 0.0725 0.09
0 0.621875 0.70125 0.0775 0.09416666666666666
0 0.2290625 0.5320833333333334 0.061875 0.08083333333333333
0 0.955 0.05416666666666667 0.075 0.09833333333333333
0 0.463125 0.7966666666666666 0.0675 0.08166666666666667
0 0.5240625 0.4945833333333333 0.058125 0.0775
0 0.936875 0.7620833333333333 0.065 0.0825
0 0.1240625 0.915 0.070625 0.08333333333333333
0 0.7315625 0.3625 0.058125 0.07666666666666666
0 0.778125 0.20041666666666666 0.0675 0.09583333333333334
0 0.1753125 0.24708333333333332 0.063125 0.0875
0 0.938125 0.28541666666666665 0.065 0.0925
0 0.93 0.9391666666666667 0.06625 0.095
0 0.7234375 0.17208333333333334 0.071875 0.08916666666666667
0 0.8184375 0.6404166666666666 0.068125 0.08416666666666667
0 0.7984375 0.92625 0.075625 0.07583333333333334
0 0.62 0.47583333333333333 0.0725 0.09166666666666666
0 0.715625 0.63625 0.06375 0.09083333333333334
0 0.3146875 0.73 0.048125 0.07333333333333333
0 0.4496875 0.21041666666666667 0.064375 0.08583333333333333
0 0.728125 0.51875 0.06875 0.07916666666666666
0 0.12875 0.8491666666666666 0.06875 0.09666666666666666
0 0.581875 0.91375 0.0625 0.08916666666666667
0 0.3615625 0.9245833333333333 0.071875 0.07916666666666666
0 0.2084375 0.7375 0.063125 0.07166666666666667
0 0.2378125 0.6808333333333333 0.068125 0.09333333333333334
0 0.0346875 0.5883333333333334 0.058125 0.08333333333333333
0 0.480625 0.8820833333333333 0.0625 0.10083333333333333
0 0.41 0.3433333333333333 0.07 0.09
0 0.18625 0.8858333333333334 0.06625 0.08166666666666667
0 0.18875 0.14416666666666667 0.07125 0.095
0 0.625 0.6166666666666667 0.0725 0.07833333333333334
0 0.828125 0.5358333333333334 0.06625 0.08
0 0.7653125 0.31708333333333333 0.064375 0.08916666666666667
0 0.0496875 0.11916666666666667 0.053125 0.095
0 0.760625 0.44083333333333335 0.05625 0.07333333333333333
0 0.706875 0.42375 0.0625 0.0875
0 0.4053125 0.44875 0.079375 0.06583333333333333
0 0.1309375 0.17041666666666666 0.080625 0.09583333333333334
0 0.10625 0.70875 0.07375 0.09083333333333334
0 0.1734375 0.6620833333333334 0.053125 0.07083333333333333
0 0.8815625 0.43041666666666667 0.085625 0.08083333333333333
0 0.92375 0.6804166666666667 0.065 0.0875
0 0.476875 0.465 0.05375 0.06833333333333333
0 0.30625 0.175 0.0525 0.07666666666666666
0 0.3553125 0.17125 0.058125 0.07416666666666667
0 0.244375 0.62125 0.06625 0.0825
0 0.1265625 0.2825 0.048125 0.085
0 0.85875 0.60875 0.0725 0.0825
0 0.8578125 0.6991666666666667 0.059375 0.08333333333333333
0 0.91625 0.8975 0.06625 0.07833333333333334
0 0.8728125 0.4791666666666667 0.055625 0.07166666666666667
1 0.486875 0.06833333333333333 0.0675 0.10333333333333333
0 0.6203125 0.54875 0.054375 0.06916666666666667
0 0.585625 0.835 0.05375 0.06833333333333333
0 0.5284375 0.8804166666666666 0.076875 0.09083333333333334
0 0.5303125 0.03333333333333333 0.054375 0.065
0 0.4034375 0.51375 0.054375 0.0675
0 0.316875 0.09125 0.06 0.07916666666666666
0 0.3446875 0.6316666666666667 0.050625 0.06666666666666667
1 0.449375 0.14666666666666667 0.09375 0.11
0 0.8803125 0.58375 0.053125 0.07083333333333333
0 0.4175 0.9516666666666667 0.05875 0.06833333333333333
0 0.7625 0.5925 0.05875 0.07
0 0.569375 0.7741666666666667 0.07125 0.085
0 0.5453125 0.9554166666666667 0.050625 0.06416666666666666
0 0.5821875 0.595 0.050625 0.06833333333333333
0 0.28125 0.58625 0.0525 0.0625
0 0.149375 0.75625 0.04625 0.06583333333333333
0 0.7628125 0.11625 0.055625 0.06583333333333333
0 0.6628125 0.6508333333333334 0.045625 0.07
0 0.96375 0.6575 0.06625 0.08333333333333333
0 0.584375 0.7658333333333334 0.06375 0.08833333333333333
0 0.0990625 0.35541666666666666 0.048125 0.06416666666666666
0 0.203125 0.21166666666666667 0.06125 0.07166666666666667
0 0.0503125 0.38125 0.049375 0.06416666666666666
0 0.110625 0.44 0.045 0.06
0 0.085 0.6383333333333333 0.05375 0.075
0 0.675 0.39208333333333334 0.06125 0.08916666666666667
0 0.0834375 0.5741666666666667 0.048125 0.06833333333333333
0 0.7909375 0.4583333333333333 0.046875 0.085
0 0.0228125 0.18666666666666668 0.044375 0.07
0 0.4325 0.8866666666666667 0.0525 0.07
0 0.3796875 0.84875 0.050625 0.0775
0 0.166875 0.9566666666666667 0.05375 0.07