0 0.4409375 0.7520833333333333 0.094375 0.12583333333333332
0 0.5246875 0.7495833333333334 0.088125 0.1175
0 0.174375 0.6925 0.09375 0.125
0 0.2215625 0.60375 0.091875 0.1225
0 0.211875 0.5033333333333333 0.09125 0.12166666666666667
0 0.3821875 0.81125 0.095625 0.1275
0 0.549375 0.83625 0.09875 0.1325
0 0.216875 0.9125 0.1 0.13333333333333333
0 0.5753125 0.5641666666666667 0.103125 0.13833333333333334
0 0.149375 0.9041666666666667 0.095 0.12666666666666668
0 0.7346875 0.22625 0.110625 0.1475
0 0.7634375 0.6070833333333333 0.098125 0.13083333333333333
0 0.6846875 0.5316666666666666 0.116875 0.155
0 0.4640625 0.2225 0.096875 0.12833333333333333
0 0.655625 0.45666666666666667 0.11125 0.14833333333333334
0 0.3290625 0.40208333333333335 0.119375 0.15916666666666668