0 0.0740625 0.9220833333333334 0.068125 0.07916666666666666
0 0.680625 0.5679166666666666 0.05625 0.09083333333333334
0 0.805625 0.4741666666666667 0.0575 0.075
0 0.616875 0.90375 0.0575 0.07416666666666667
0 0.0975 0.6875 0.06125 0.08
0 0.65625 0.6729166666666667 0.06125 0.08416666666666667
0 0.5153125 0.31666666666666665 0.063125 0.08
0 0.285625 0.6125 0.075 0.08333333333333333
0 0.3040625 0.23458333333333334 0.060625 0.0875
0 0.7778125 0.27 0.069375 0.08
0 0.1409375 0.7670833333333333 0.068125 0.09083333333333334
0 0.6378125 0.42125 0.059375 0.0775
0 0.9571875 0.6141666666666666 0.053125 0.07666666666666666
0 0.9059375 0.18166666666666667 0.063125 0.09333333333333334
0 0.5609375 0.9425 0.056875 0.07666666666666666
0 0.4571875 0.21541666666666667 0.056875 0.07416666666666667
0 0.9071875 0.0875 0.073125 0.08166666666666667
0 0.31875 0.8433333333333334 0.06125 0.08666666666666667
0 0.7925 0.65625 0.06125 0.0825
0 0.6740625 0.8429166666666666 0.074375 0.0825
0 0.5925 0.18958333333333333 0.075 0.0875
0 0.9040625 0.655 0.066875 0.105
0 0.06625 0.6058333333333333 0.065 0.075
0 0.538125 0.14958333333333335 0.0525 0.07583333333333334
0 0.216875 0.625 0.05625 0.07666666666666666
1 0.371875 0.5433333333333333 0.08 0.10833333333333334
0 0.494375 0.9483333333333334 0.065 0.09
0 0.671875 0.295 0.065 0.08333333333333333
0 0.375625 0.19083333333333333 0.07 0.08166666666666667
0 0.8284375 0.8920833333333333 0.058125 0.06916666666666667
0 0.71375 0.7416666666666667 0.05875 0.085
0 0.7540625 0.7245833333333334 0.064375 0.08416666666666667
0 0.2971875 0.9170833333333334 0.065625 0.08416666666666667
0 0.3728125 0.24291666666666667 0.090625 0.08916666666666667
0 0.7284375 0.3925 0.056875 0.085
0 0.118125 0.13291666666666666 0.07375 0.0875
0 0.5459375 0.8591666666666666 0.058125 0.08833333333333333
0 0.695625 0.3725 0.07 0.075
0 0.0921875 0.295 0.066875 0.09166666666666666
0 0.9353125 0.85125 0.073125 0.08416666666666667
0 0.940625 0.9529166666666666 0.0625 0.08083333333333333
0 0.4646875 0.3625 0.053125 0.09333333333333334
1 0.2271875 0.7854166666666667 0.061875 0.09083333333333334
0 0.600625 0.2604166666666667 0.06875 0.07083333333333333
0 0.8571875 0.3175 0.064375 0.09666666666666666
0 0.21375 0.14875 0.05875 0.08083333333333333
0 0.41625 0.9008333333333334 0.065 0.08333333333333333
0 0.225625 0.19291666666666665 0.0625 0.08083333333333333
0 0.0915625 0.4945833333333333 0.058125 0.08416666666666667
0 0.1784375 0.8604166666666667 0.075625 0.1025
0 0.395625 0.8308333333333333 0.05625 0.06833333333333333
0 0.7971875 0.7554166666666666 0.079375 0.09416666666666666
0 0.7796875 0.56625 0.060625 0.0825
0 0.821875 0.71 0.06875 0.09333333333333334
0 0.035625 0.14458333333333334 0.07 0.0975
0 0.13875 0.08833333333333333 0.05875 0.07333333333333333
0 0.2890625 0.7641666666666667 0.071875 0.08833333333333333
0 0.474375 0.44 0.07125 0.08166666666666667
0 0.16625 0.93625 0.065 0.08583333333333333
0 0.7621875 0.59125 0.058125 0.08083333333333333
0 0.0721875 0.21125 0.078125 0.0775
0 0.9646875 0.46458333333333335 0.065625 0.09083333333333334
0 0.9634375 0.40708333333333335 0.063125 0.09083333333333334
0 0.1853125 0.6820833333333334 0.063125 0.0875
0 0.1859375 0.8416666666666667 0.053125 0.075
0 0.19875 0.7191666666666666 0.07375 0.07
0 0.4115625 0.45208333333333334 0.066875 0.06916666666666667
0 0.9559375 0.7566666666666667 0.059375 0.09
0 0.876875 0.9320833333333334 0.05875 0.0825
0 0.105625 0.41791666666666666 0.05625 0.09416666666666666
1 0.5065625 0.8595833333333334 0.090625 0.11416666666666667
1 0.7721875 0.13791666666666666 0.086875 0.1725
0 0.3890625 0.91 0.053125 0.08666666666666667
0 0.9659375 0.8691666666666666 0.065625 0.095