0 0.3303125 0.7641666666666667 0.069375 0.10666666666666667
0 0.4375 0.3625 0.085 0.105
0 0.8378125 0.31 0.074375 0.10166666666666667
0 0.6721875 0.5483333333333333 0.074375 0.11166666666666666
0 0.5271875 0.9 0.074375 0.115
0 0.5109375 0.16625 0.075625 0.0925
0 0.1946875 0.6041666666666666 0.073125 0.10666666666666667
0 0.3396875 0.37416666666666665 0.074375 0.10833333333333334
0 0.773125 0.6845833333333333 0.06625 0.1075
0 0.6459375 0.16083333333333333 0.084375 0.10166666666666667
0 0.5965625 0.7525 0.075625 0.09166666666666666
0 0.2115625 0.9470833333333334 0.069375 0.09583333333333334
0 0.2628125 0.4379166666666667 0.079375 0.08416666666666667
0 0.6384375 0.06291666666666666 0.084375 0.0925
0 0.766875 0.5270833333333333 0.07875 0.09416666666666666
0 0.8225 0.7220833333333333 0.0825 0.10416666666666667
0 0.6965625 0.675 0.070625 0.09833333333333333
0 0.728125 0.45208333333333334 0.07875 0.11583333333333333
0 0.396875 0.6516666666666666 0.07375 0.10666666666666667
0 0.4359375 0.22875 0.073125 0.0975
0 0.17375 0.41125 0.06875 0.09916666666666667
0 0.769375 0.9391666666666667 0.085 0.095
0 0.3059375 0.89625 0.081875 0.10083333333333333
0 0.2584375 0.06333333333333334 0.085625 0.08333333333333333
0 0.611875 0.4375 0.0825 0.105
0 0.284375 0.8245833333333333 0.075 0.10916666666666666
0 0.266875 0.3125 0.08 0.08833333333333333
0 0.4696875 0.8366666666666667 0.080625 0.085
0 0.4796875 0.8354166666666667 0.055625 0.14916666666666667
0 0.2596875 0.38125 0.088125 0.08583333333333333