0 0.5453125 0.4125 0.093125 0.12333333333333334
0 0.511875 0.7320833333333333 0.0925 0.12416666666666666
0 0.2178125 0.8925 0.096875 0.12833333333333333
0 0.82 0.6175 0.095 0.12666666666666668
0 0.8575 0.36833333333333335 0.09875 0.13166666666666665
0 0.375625 0.8375 0.095 0.12666666666666668
0 0.080625 0.7808333333333334 0.09 0.12
0 0.669375 0.87875 0.09 0.12083333333333333
0 0.705625 0.5591666666666667 0.10375 0.13833333333333334
0 0.6021875 0.5420833333333334 0.103125 0.1375
0 0.173125 0.37416666666666665 0.10375 0.13833333333333334
0 0.71875 0.38708333333333333 0.10875 0.14583333333333334
0 0.4534375 0.15125 0.093125 0.12416666666666666
0 0.529375 0.14 0.10875 0.145
0 0.3365625 0.7083333333333334 0.104375 0.13833333333333334
0 0.233125 0.4558333333333333 0.07875 0.105
0 0.076875 0.5941666666666666 0.11 0.14666666666666667
0 0.415625 0.30291666666666667 0.0875 0.11583333333333333
0 0.6028125 0.3279166666666667 0.098125 0.13083333333333333
0 0.4384375 0.3595833333333333 0.113125 0.15083333333333335
0 0.38 0.63 0.11 0.14666666666666667
0 0.2834375 0.4175 0.094375 0.125
0 0.310625 0.6370833333333333 0.09875 0.1325
0 0.6334375 0.21125 0.113125 0.15083333333333335
1 0.328125 0.46458333333333335 0.11125 0.14916666666666667