0 0.389375 0.21125 0.09875 0.13083333333333333
0 0.46375 0.34541666666666665 0.1025 0.1375
0 0.2528125 0.23583333333333334 0.096875 0.13
0 0.7109375 0.3045833333333333 0.093125 0.12416666666666666
0 0.1603125 0.17041666666666666 0.096875 0.12916666666666668
0 0.636875 0.18208333333333335 0.0975 0.12916666666666668
0 0.2825 0.3879166666666667 0.1 0.13416666666666666
0 0.50375 0.85375 0.0975 0.12916666666666668
0 0.8128125 0.44416666666666665 0.086875 0.11666666666666667
0 0.565 0.36375 0.09625 0.12916666666666668
0 0.6746875 0.9179166666666667 0.091875 0.1225
0 0.5365625 0.6258333333333334 0.096875 0.13
0 0.406875 0.35083333333333333 0.10375 0.13833333333333334
0 0.58375 0.7258333333333333 0.0825 0.11
0 0.79 0.3225 0.10125 0.135
0 0.58125 0.14833333333333334 0.10875 0.145
0 0.908125 0.6216666666666667 0.105 0.14
0 0.40375 0.7441666666666666 0.09375 0.125
0 0.2009375 0.7170833333333333 0.076875 0.1025
0 0.19625 0.6116666666666667 0.08875 0.11833333333333333
0 0.4521875 0.67375 0.109375 0.14583333333333334
0 0.21625 0.08458333333333333 0.08875 0.11916666666666667
0 0.4515625 0.82625 0.113125 0.15083333333333335
0 0.225 0.3725 0.1125 0.15
0 0.7478125 0.9279166666666666 0.101875 0.13583333333333333
0 0.4453125 0.23541666666666666 0.086875 0.11583333333333333
0 0.324375 0.2704166666666667 0.1125 0.14916666666666667
0 0.1084375 0.3575 0.095625 0.12833333333333333
0 0.7321875 0.6316666666666667 0.088125 0.11833333333333333
0 0.405 0.51375 0.11125 0.1475
0 0.0978125 0.4683333333333333 0.091875 0.12166666666666667
0 0.7353125 0.3879166666666667 0.088125 0.1175
0 0.1253125 0.5945833333333334 0.100625 0.13416666666666666
0 0.510625 0.5108333333333334 0.12125 0.16166666666666665
0 0.416875 0.45 0.1 0.13333333333333333
0 0.2315625 0.16333333333333333 0.101875 0.135
0 0.3334375 0.07916666666666666 0.098125 0.13
0 0.67375 0.41541666666666666 0.09625 0.12916666666666668
0 0.2265625 0.6533333333333333 0.096875 0.13
0 0.291875 0.5275 0.10625 0.14166666666666666
0 0.290625 0.165 0.0975 0.13
0 0.396875 0.8916666666666667 0.10625 0.14166666666666666
0 0.6065625 0.39625 0.100625 0.13416666666666666
0 0.8515625 0.50625 0.094375 0.12583333333333332
0 0.7640625 0.81625 0.101875 0.13583333333333333
0 0.4421875 0.6175 0.104375 0.13833333333333334
0 0.2146875 0.5104166666666666 0.108125 0.14416666666666667
0 0.266875 0.10583333333333333 0.095 0.12666666666666668
0 0.8628125 0.5516666666666666 0.110625 0.14666666666666667
0 0.759375 0.5333333333333333 0.11125 0.14833333333333334
0 0.9340625 0.53375 0.091875 0.1225
0 0.863125 0.7425 0.10125 0.135
0 0.8146875 0.7804166666666666 0.115625 0.15416666666666667
0 0.3459375 0.66 0.103125 0.13833333333333334
0 0.1865625 0.45375 0.105625 0.14083333333333334
0 0.2775 0.47333333333333333 0.10375 0.13833333333333334
0 0.603125 0.26166666666666666 0.1075 0.14333333333333334
0 0.705625 0.21416666666666667 0.1025 0.13666666666666666
0 0.0834375 0.5120833333333333 0.103125 0.1375
0 0.50625 0.73875 0.10875 0.14583333333333334
0 0.5903125 0.5820833333333333 0.115625 0.15416666666666667
0 0.54125 0.7416666666666667 0.09625 0.12833333333333333
0 0.1315625 0.6525 0.094375 0.12666666666666668
0 0.8896875 0.78625 0.094375 0.12583333333333332
0 0.3425 0.42916666666666664 0.0975 0.13
0 0.37 0.4625 0.0975 0.13