0 0.0365625 0.51625 0.069375 0.09083333333333334
0 0.3784375 0.7545833333333334 0.075625 0.10083333333333333
0 0.330625 0.8716666666666667 0.0725 0.095
0 0.1903125 0.35333333333333333 0.075625 0.10166666666666667
0 0.53125 0.5675 0.07375 0.09
0 0.31375 0.15958333333333333 0.0775 0.10083333333333333
0 0.23625 0.12208333333333334 0.08 0.09916666666666667
0 0.6103125 0.7641666666666667 0.079375 0.09333333333333334
0 0.16625 0.24458333333333335 0.0725 0.0925
0 0.6934375 0.5883333333333334 0.083125 0.10666666666666667
0 0.56 0.1725 0.08375 0.09666666666666666
0 0.1925 0.50625 0.07375 0.09416666666666666
0 0.7321875 0.7629166666666667 0.076875 0.08916666666666667
0 0.6228125 0.4395833333333333 0.071875 0.1175
0 0.8621875 0.22041666666666668 0.074375 0.10916666666666666
0 0.6784375 0.8279166666666666 0.071875 0.10916666666666666
0 0.3871875 0.5416666666666666 0.079375 0.11166666666666666
0 0.4040625 0.28875 0.074375 0.09583333333333334
0 0.7325 0.8825 0.0675 0.10166666666666667
0 0.0925 0.11625 0.0675 0.10416666666666667
0 0.456875 0.46791666666666665 0.06875 0.0925
0 0.530625 0.38958333333333334 0.0725 0.09083333333333334
0 0.2609375 0.9291666666666667 0.066875 0.10833333333333334
0 0.8625 0.47458333333333336 0.0825 0.08416666666666667
0 0.1140625 0.7508333333333334 0.068125 0.105
0 0.190625 0.77625 0.08 0.09083333333333334
0 0.2740625 0.18041666666666667 0.074375 0.09916666666666667
0 0.8621875 0.11083333333333334 0.064375 0.09
0 0.11875 0.36875 0.06875 0.09083333333333334
0 0.5903125 0.9391666666666667 0.071875 0.08666666666666667
0 0.4503125 0.20208333333333334 0.066875 0.08583333333333333
0 0.823125 0.7470833333333333 0.07625 0.09083333333333334
0 0.6778125 0.49541666666666667 0.074375 0.0875
0 0.94625 0.37 0.06125 0.105
0 0.2128125 0.6854166666666667 0.065625 0.0975
0 0.4865625 0.76375 0.075625 0.1025
0 0.784375 0.27625 0.06875 0.0825
0 0.6509375 0.6916666666666667 0.075625 0.08833333333333333
0 0.9440625 0.7183333333333334 0.066875 0.10666666666666667
0 0.059375 0.9075 0.06875 0.09666666666666666
0 0.4653125 0.6775 0.066875 0.09166666666666666
0 0.7228125 0.7075 0.069375 0.09666666666666666
0 0.7665625 0.6829166666666666 0.080625 0.10083333333333333
0 0.7503125 0.17708333333333334 0.078125 0.10416666666666667
0 0.7753125 0.895 0.064375 0.09833333333333333
0 0.335625 0.28833333333333333 0.07 0.10333333333333333
0 0.3009375 0.30375 0.086875 0.10083333333333333
0 0.878125 0.31958333333333333 0.075 0.08416666666666667
0 0.4803125 0.48125 0.071875 0.08916666666666667
0 0.2671875 0.755 0.080625 0.095
0 0.2321875 0.57375 0.069375 0.0825
0 0.630625 0.21166666666666667 0.07 0.09666666666666666
0 0.3128125 0.06583333333333333 0.069375 0.09833333333333333
0 0.4725 0.3433333333333333 0.0625 0.10166666666666667
0 0.5425 0.8654166666666666 0.08125 0.10083333333333333
0 0.7390625 0.5108333333333334 0.070625 0.09833333333333333
0 0.628125 0.06875 0.06875 0.0875
0 0.18375 0.625 0.06625 0.10333333333333333
0 0.5259375 0.6845833333333333 0.081875 0.08416666666666667
0 0.565625 0.26625 0.07625 0.09083333333333334
0 0.529375 0.26 0.06875 0.09166666666666666
0 0.745625 0.38625 0.07625 0.11083333333333334
0 0.1478125 0.85 0.079375 0.1
0 0.6753125 0.13791666666666666 0.073125 0.1075
0 0.104375 0.6329166666666667 0.07375 0.10583333333333333
0 0.090625 0.9104166666666667 0.07375 0.0875
0 0.591875 0.64 0.095 0.10333333333333333
0 0.6109375 0.8545833333333334 0.076875 0.09583333333333334
0 0.153125 0.1925 0.0775 0.10166666666666667
0 0.17125 0.5854166666666667 0.0725 0.10583333333333333
0 0.096875 0.20958333333333334 0.0675 0.09583333333333334
0 0.20375 0.8470833333333333 0.09 0.09583333333333334
0 0.365625 0.61375 0.085 0.14416666666666667
0 0.348125 0.40041666666666664 0.06875 0.06416666666666666
0 0.7215625 0.41333333333333333 0.070625 0.095
0 0.086875 0.6045833333333334 0.08 0.09583333333333334
0 0.0884375 0.28041666666666665 0.064375 0.10583333333333333
0 0.9378125 0.15458333333333332 0.069375 0.07916666666666666
0 0.8353125 0.29625 0.070625 0.0825
0 0.27875 0.6191666666666666 0.07625 0.12166666666666667
1 0.404375 0.395 0.08 0.11833333333333333
1 0.3065625 0.6483333333333333 0.090625 0.10666666666666667
0 0.611875 0.5891666666666666 0.08 0.09333333333333334
0 0.933125 0.19458333333333333 0.06375 0.08916666666666667
0 0.960625 0.38458333333333333 0.0725 0.08083333333333333
0 0.85 0.12208333333333334 0.07 0.0875
0 0.0953125 0.7554166666666666 0.075625 0.0875
0 0.3171875 0.7691666666666667 0.066875 0.09666666666666666