0 0.90125 0.4475 0.0875 0.11666666666666667
0 0.485 0.3466666666666667 0.085 0.11333333333333333
0 0.8825 0.54 0.0875 0.11666666666666667
0 0.4671875 0.5945833333333334 0.105625 0.14083333333333334
0 0.794375 0.5729166666666666 0.09625 0.1275
0 0.4721875 0.14291666666666666 0.089375 0.11916666666666667
0 0.745625 0.7016666666666667 0.09875 0.13166666666666665
0 0.6 0.5366666666666666 0.11 0.14666666666666667
0 0.4603125 0.82 0.103125 0.13666666666666666
0 0.935 0.3325 0.0975 0.13
0 0.8084375 0.6470833333333333 0.091875 0.1225
0 0.7684375 0.12708333333333333 0.101875 0.13583333333333333
0 0.5609375 0.27208333333333334 0.088125 0.1175
0 0.6040625 0.8920833333333333 0.099375 0.1325
0 0.1046875 0.5854166666666667 0.096875 0.12916666666666668
0 0.189375 0.5825 0.1025 0.13666666666666666
0 0.6859375 0.8304166666666667 0.103125 0.1375
0 0.189375 0.7975 0.09625 0.12833333333333333
0 0.278125 0.8708333333333333 0.10875 0.145
0 0.51375 0.4716666666666667 0.0875 0.11666666666666667
0 0.68375 0.625 0.09125 0.12166666666666667
0 0.325625 0.7241666666666666 0.10625 0.14166666666666666
0 0.2096875 0.41791666666666666 0.104375 0.13916666666666666
0 0.714375 0.5029166666666667 0.09 0.11916666666666667
0 0.4234375 0.4579166666666667 0.090625 0.12083333333333333
0 0.4003125 0.1175 0.099375 0.13166666666666665
0 0.2125 0.6608333333333334 0.095 0.12666666666666668
0 0.325 0.23041666666666666 0.1 0.1325
0 0.15 0.7 0.08625 0.115
0 0.94875 0.24916666666666668 0.08875 0.11833333333333333
0 0.381875 0.7083333333333334 0.0925 0.12333333333333334
0 0.530625 0.60375 0.08625 0.11416666666666667
0 0.3175 0.13875 0.09125 0.1225
0 0.4628125 0.085 0.100625 0.135
0 0.6625 0.54375 0.0825 0.11083333333333334
0 0.0834375 0.6829166666666666 0.088125 0.1175