0 0.373125 0.5533333333333333 0.08375 0.11166666666666666
0 0.3721875 0.6754166666666667 0.099375 0.1325
0 0.3871875 0.40708333333333335 0.094375 0.12583333333333332
0 0.928125 0.5475 0.11375 0.15166666666666667
0 0.5196875 0.10875 0.109375 0.14583333333333334
0 0.663125 0.37083333333333335 0.1 0.13333333333333333
0 0.2615625 0.3441666666666667 0.100625 0.135
0 0.9325 0.365 0.1125 0.15
0 0.445 0.11791666666666667 0.10125 0.13583333333333333
0 0.2075 0.49833333333333335 0.10875 0.145
0 0.198125 0.39666666666666667 0.10125 0.135
0 0.2690625 0.75125 0.109375 0.14583333333333334
0 0.3146875 0.5058333333333334 0.105625 0.14166666666666666
0 0.915 0.4533333333333333 0.09125 0.12166666666666667
0 0.37375 0.12083333333333333 0.0925 0.12333333333333334
0 0.4346875 0.5754166666666667 0.094375 0.12583333333333332
0 0.86375 0.505 0.1025 0.13666666666666666
0 0.3253125 0.44208333333333333 0.105625 0.14083333333333334
0 0.32625 0.8091666666666667 0.11375 0.15166666666666667
0 0.35125 0.19625 0.09125 0.12083333333333333
0 0.9275 0.205 0.11375 0.15166666666666667
0 0.3134375 0.90125 0.099375 0.1325
0 0.6146875 0.8925 0.105625 0.14
0 0.8390625 0.2520833333333333 0.086875 0.11583333333333333
0 0.5359375 0.7529166666666667 0.096875 0.12916666666666668
0 0.289375 0.5991666666666666 0.0975 0.13
0 0.145625 0.89125 0.10625 0.1425
0 0.0540625 0.47791666666666666 0.108125 0.14416666666666667
0 0.4934375 0.585 0.103125 0.13666666666666666
0 0.4346875 0.9279166666666666 0.091875 0.1225
0 0.389375 0.7775 0.10625 0.14166666666666666
0 0.4640625 0.8704166666666666 0.098125 0.13083333333333333
0 0.373125 0.9029166666666667 0.09625 0.1275
0 0.41375 0.3070833333333333 0.10875 0.14416666666666667
0 0.851875 0.16375 0.09875 0.1325
0 0.24125 0.65375 0.0775 0.1025
0 0.1496875 0.78875 0.089375 0.11916666666666667
0 0.723125 0.0775 0.11625 0.155
0 0.730625 0.37916666666666665 0.10875 0.145
0 0.1965625 0.26875 0.099375 0.1325
0 0.3096875 0.6625 0.085625 0.11333333333333333
0 0.49625 0.47833333333333333 0.11 0.14666666666666667
0 0.54625 0.8966666666666666 0.09625 0.12833333333333333
0 0.1478125 0.3279166666666667 0.091875 0.1225
0 0.851875 0.3416666666666667 0.09375 0.125
0 0.8071875 0.56375 0.089375 0.11916666666666667
0 0.7840625 0.5904166666666667 0.105625 0.14083333333333334
1 0.885625 0.3441666666666667 0.07 0.09333333333333334
1 0.669375 0.8083333333333333 0.16 0.21333333333333335
0 0.6696875 0.8991666666666667 0.086875 0.115
0 0.511875 0.8325 0.0925 0.12333333333333334
0 0.3928125 0.81625 0.086875 0.11583333333333333
0 0.1446875 0.7070833333333333 0.091875 0.1225
0 0.511875 0.5370833333333334 0.09625 0.1275
0 0.1790625 0.6495833333333333 0.090625 0.12083333333333333
0 0.3175 0.26375 0.07625 0.1025
0 0.25875 0.2775 0.07625 0.10166666666666667
0 0.3584375 0.32458333333333333 0.086875 0.11583333333333333
0 0.1453125 0.59375 0.089375 0.11916666666666667
0 0.096875 0.5775 0.10125 0.135
0 0.061875 0.5858333333333333 0.0775 0.10333333333333333