0 0.4559375 0.6933333333333334 0.106875 0.14166666666666666
0 0.4409375 0.82625 0.099375 0.1325
0 0.5309375 0.7758333333333334 0.101875 0.13666666666666666
0 0.2503125 0.7204166666666667 0.109375 0.14583333333333334
0 0.4409375 0.4841666666666667 0.100625 0.13333333333333333
0 0.3465625 0.4575 0.111875 0.15
0 0.356875 0.27375 0.1025 0.1375
0 0.296875 0.2554166666666667 0.095 0.12583333333333332
0 0.290625 0.3329166666666667 0.09375 0.12583333333333332
0 0.13125 0.48375 0.1125 0.14916666666666667
0 0.2378125 0.4841666666666667 0.103125 0.13666666666666666
1 0.6215625 0.6683333333333333 0.140625 0.18666666666666668
0 0.6834375 0.8004166666666667 0.110625 0.1475
0 0.746875 0.7383333333333333 0.105 0.14
0 0.7990625 0.56875 0.103125 0.1375
0 0.873125 0.4979166666666667 0.0975 0.12916666666666668
0 0.7825 0.435 0.11875 0.15833333333333333
0 0.77125 0.30791666666666667 0.105 0.13916666666666666
0 0.683125 0.5091666666666667 0.1 0.13333333333333333
0 0.719375 0.6175 0.1075 0.14333333333333334
0 0.139375 0.7375 0.10875 0.145
0 0.1871875 0.56375 0.115625 0.15416666666666667
0 0.494375 0.19833333333333333 0.10875 0.145
0 0.494375 0.28 0.12 0.16
0 0.6071875 0.37625 0.099375 0.1325
0 0.6153125 0.45708333333333334 0.113125 0.15083333333333335
0 0.5846875 0.4920833333333333 0.105625 0.14083333333333334
0 0.820625 0.12958333333333333 0.11 0.1475
0 0.74125 0.17416666666666666 0.1 0.13333333333333333
0 0.668125 0.20375 0.10125 0.13583333333333333
0 0.6025 0.22125 0.10875 0.14416666666666667
0 0.593125 0.12 0.105 0.14
0 0.4259375 0.17375 0.101875 0.13583333333333333
0 0.3578125 0.12041666666666667 0.113125 0.15083333333333335
0 0.31125 0.8629166666666667 0.09375 0.12583333333333332
0 0.0603125 0.45375 0.081875 0.10916666666666666
0 0.9303125 0.24791666666666667 0.106875 0.1425