0 0.383125 0.3308333333333333 0.1 0.13333333333333333
0 0.3384375 0.23916666666666667 0.090625 0.12166666666666667
0 0.8359375 0.3358333333333333 0.094375 0.12666666666666668
0 0.8028125 0.14458333333333334 0.085625 0.11416666666666667
0 0.3796875 0.82125 0.096875 0.12916666666666668
0 0.9075 0.5058333333333334 0.09375 0.125
0 0.7821875 0.22791666666666666 0.094375 0.12583333333333332
0 0.264375 0.235 0.0975 0.13
0 0.3171875 0.32708333333333334 0.081875 0.10916666666666666
0 0.45875 0.18416666666666667 0.07625 0.10166666666666667
0 0.1934375 0.4579166666666667 0.111875 0.14916666666666667
0 0.4740625 0.40541666666666665 0.091875 0.1225
0 0.3465625 0.9004166666666666 0.100625 0.13416666666666666
0 0.79625 0.5308333333333334 0.08625 0.115
0 0.909375 0.5983333333333334 0.075 0.1
0 0.240625 0.5095833333333334 0.085 0.11416666666666667
0 0.6190625 0.07625 0.098125 0.13083333333333333
0 0.408125 0.23041666666666666 0.085 0.1125
0 0.300625 0.8433333333333334 0.075 0.1
0 0.7140625 0.5616666666666666 0.085625 0.115
0 0.2984375 0.5295833333333333 0.084375 0.1125
0 0.835 0.24625 0.0875 0.1175
0 0.19 0.3283333333333333 0.09625 0.12833333333333333
0 0.565 0.8879166666666667 0.09 0.12083333333333333
0 0.5640625 0.495 0.080625 0.10666666666666667
0 0.6496875 0.7229166666666667 0.091875 0.1225
0 0.89625 0.3804166666666667 0.0925 0.1225
0 0.5353125 0.6875 0.088125 0.11666666666666667
0 0.1228125 0.7745833333333333 0.084375 0.1125
0 0.3353125 0.13083333333333333 0.088125 0.11833333333333333
0 0.655 0.15083333333333335 0.075 0.1
0 0.951875 0.3125 0.095 0.12666666666666668
0 0.20125 0.8045833333333333 0.07875 0.10416666666666667
0 0.524375 0.20583333333333334 0.1025 0.13666666666666666
0 0.2321875 0.6920833333333334 0.080625 0.1075
0 0.46625 0.28791666666666665 0.08875 0.11916666666666667
0 0.799375 0.060833333333333336 0.08875 0.11833333333333333
0 0.5271875 0.41125 0.101875 0.13583333333333333
0 0.7171875 0.7179166666666666 0.083125 0.11083333333333334
0 0.4228125 0.47291666666666665 0.091875 0.1225
0 0.7009375 0.6441666666666667 0.085625 0.115
0 0.525 0.7425 0.08 0.10666666666666667
0 0.45 0.0875 0.09875 0.13166666666666665
0 0.8434375 0.44208333333333333 0.095625 0.1275
0 0.2696875 0.6095833333333334 0.095625 0.1275
0 0.5109375 0.57875 0.084375 0.1125
0 0.7659375 0.6129166666666667 0.093125 0.12416666666666666
0 0.593125 0.6095833333333334 0.08 0.10583333333333333
0 0.7815625 0.7575 0.100625 0.135
0 0.2853125 0.44625 0.093125 0.12416666666666666
0 0.0865625 0.485 0.090625 0.12166666666666667
0 0.86625 0.49916666666666665 0.09 0.12
0 0.68625 0.43416666666666665 0.085 0.11333333333333333
0 0.6578125 0.3541666666666667 0.095625 0.12666666666666668
0 0.835625 0.62 0.09125 0.12166666666666667
0 0.4103125 0.90125 0.080625 0.1075
0 0.69 0.285 0.0775 0.10333333333333333
0 0.5553125 0.33208333333333334 0.091875 0.1225
0 0.6303125 0.2425 0.095625 0.12833333333333333
0 0.0784375 0.5729166666666666 0.094375 0.12583333333333332
0 0.200625 0.27666666666666667 0.08625 0.115
0 0.7065625 0.19791666666666666 0.076875 0.1025
0 0.460625 0.5295833333333333 0.0825 0.11083333333333334
0 0.5446875 0.11583333333333333 0.080625 0.10833333333333334
0 0.6271875 0.5233333333333333 0.079375 0.10666666666666667
0 0.394375 0.51 0.08625 0.115
0 0.4196875 0.9308333333333333 0.080625 0.10833333333333334
0 0.23375 0.4033333333333333 0.08 0.10666666666666667
0 0.7509375 0.38708333333333333 0.085625 0.11416666666666667
0 0.39 0.5675 0.0825 0.11
0 0.4334375 0.6570833333333334 0.090625 0.12083333333333333
0 0.1478125 0.6725 0.085625 0.11333333333333333
0 0.7725 0.06458333333333334 0.095 0.1275
0 0.87 0.21333333333333335 0.09125 0.12166666666666667
0 0.3565625 0.7308333333333333 0.093125 0.12333333333333334
0 0.881875 0.295 0.08125 0.10833333333333334
0 0.4828125 0.8316666666666667 0.098125 0.13
0 0.3440625 0.46541666666666665 0.095625 0.1275
0 0.7165625 0.8208333333333333 0.085625 0.115
0 0.3865625 0.41541666666666666 0.099375 0.1325
0 0.286875 0.7308333333333333 0.08875 0.11833333333333333
0 0.869375 0.4141666666666667 0.095 0.12666666666666668
0 0.15625 0.4075 0.07875 0.105
0 0.5828125 0.8104166666666667 0.080625 0.1075
0 0.455625 0.83125 0.08625 0.11416666666666667
0 0.8653125 0.12375 0.090625 0.12083333333333333
0 0.65125 0.5970833333333333 0.0875 0.1175
0 0.423125 0.7545833333333334 0.0925 0.1225
0 0.221875 0.8691666666666666 0.0775 0.10333333333333333
0 0.179375 0.725 0.1025 0.13666666666666666
0 0.560625 0.2916666666666667 0.07625 0.10166666666666667
0 0.5240625 0.62875 0.090625 0.12083333333333333
0 0.7653125 0.49875 0.078125 0.10416666666666667
0 0.7659375 0.34791666666666665 0.095625 0.1275
0 0.5259375 0.5295833333333333 0.090625 0.12083333333333333
0 0.3821875 0.07166666666666667 0.090625 0.12
0 0.2634375 0.34541666666666665 0.090625 0.12083333333333333
0 0.8159375 0.7254166666666667 0.089375 0.11916666666666667
1 0.6334375 0.9120833333333334 0.104375 0.13916666666666666
0 0.9528125 0.4270833333333333 0.076875 0.1025
1 0.6184375 0.8670833333333333 0.110625 0.1475
1 0.3834375 0.15958333333333333 0.115625 0.15416666666666667
0 0.4865625 0.06041666666666667 0.085625 0.11416666666666667
0 0.753125 0.09166666666666666 0.09125 0.12166666666666667
0 0.9159375 0.17291666666666666 0.083125 0.11083333333333334
0 0.9103125 0.28958333333333336 0.095625 0.1275
0 0.823125 0.4320833333333333 0.08125 0.10916666666666666
0 0.769375 0.6479166666666667 0.08875 0.11916666666666667
0 0.82375 0.6420833333333333 0.08875 0.11916666666666667
0 0.7159375 0.68125 0.078125 0.10416666666666667
0 0.6934375 0.5320833333333334 0.094375 0.12583333333333332
0 0.7271875 0.4220833333333333 0.093125 0.12416666666666666
0 0.661875 0.4125 0.085 0.11333333333333333
0 0.628125 0.33916666666666667 0.08125 0.10833333333333334
0 0.2046875 0.6045833333333334 0.094375 0.12583333333333332
0 0.7175 0.2991666666666667 0.09125 0.12166666666666667
0 0.74625 0.305 0.08625 0.115
0 0.27125 0.9358333333333333 0.08 0.10666666666666667
0 0.3128125 0.8204166666666667 0.080625 0.1075
0 0.1765625 0.81375 0.086875 0.11583333333333333
0 0.1128125 0.7991666666666667 0.074375 0.09833333333333333
0 0.0484375 0.4841666666666667 0.088125 0.11666666666666667
0 0.28875 0.16583333333333333 0.08 0.10666666666666667
0 0.5715625 0.14333333333333334 0.076875 0.10166666666666667
0 0.4140625 0.09375 0.088125 0.1175
0 0.7071875 0.17125 0.085625 0.11416666666666667
0 0.62125 0.28375 0.09 0.11916666666666667
0 0.7240625 0.11208333333333333 0.088125 0.1175
0 0.5790625 0.21208333333333335 0.080625 0.1075
0 0.458125 0.6575 0.0725 0.09666666666666666
0 0.5521875 0.36625 0.076875 0.1025
0 0.455 0.31416666666666665 0.07125 0.095
0 0.48625 0.495 0.0925 0.12333333333333334
0 0.4153125 0.43 0.069375 0.09166666666666666
0 0.3515625 0.56 0.083125 0.11166666666666666
0 0.5965625 0.635 0.078125 0.105
0 0.6153125 0.49291666666666667 0.091875 0.1225
0 0.6509375 0.5183333333333333 0.090625 0.12
0 0.2153125 0.9020833333333333 0.101875 0.13583333333333333
0 0.1815625 0.75125 0.085625 0.11416666666666667
0 0.1228125 0.67125 0.084375 0.1125
0 0.133125 0.6475 0.0775 0.10333333333333333
0 0.0609375 0.6179166666666667 0.083125 0.11083333333333334
0 0.0446875 0.6575 0.080625 0.10833333333333334
0 0.3709375 0.59125 0.085625 0.11416666666666667
0 0.3484375 0.43583333333333335 0.083125 0.11166666666666666
0 0.313125 0.42083333333333334 0.09125 0.12166666666666667
0 0.40125 0.2575 0.07125 0.095
0 0.125 0.33875 0.07375 0.09916666666666667
0 0.26875 0.6433333333333333 0.08625 0.115
0 0.3296875 0.7795833333333333 0.093125 0.12416666666666666
0 0.4065625 0.66 0.070625 0.095
0 0.3034375 0.6508333333333334 0.085625 0.11333333333333333
0 0.2528125 0.7058333333333333 0.081875 0.11
0 0.3221875 0.6908333333333333 0.090625 0.12
0 0.2421875 0.37875 0.090625 0.12083333333333333
0 0.0521875 0.7816666666666666 0.090625 0.12166666666666667
0 0.5996875 0.8020833333333334 0.079375 0.10583333333333333
0 0.1940625 0.9245833333333333 0.065625 0.0875
0 0.1253125 0.43166666666666664 0.070625 0.09333333333333334
0 0.5634375 0.25583333333333336 0.071875 0.095
0 0.325 0.5491666666666667 0.08625 0.115
0 0.61875 0.775 0.07375 0.09833333333333333
0 0.52625 0.8575 0.07375 0.09833333333333333
0 0.4621875 0.78375 0.084375 0.1125
0 0.6871875 0.7979166666666667 0.078125 0.10416666666666667
0 0.641875 0.6520833333333333 0.09 0.11916666666666667
0 0.700625 0.8079166666666666 0.085 0.1125
0 0.8909375 0.6004166666666667 0.085625 0.11416666666666667
0 0.390625 0.7383333333333333 0.08875 0.11833333333333333
0 0.5371875 0.775 0.083125 0.11166666666666666
0 0.1775 0.4325 0.0775 0.10333333333333333