0 0.2978125 0.10875 0.100625 0.13416666666666666
0 0.19375 0.3416666666666667 0.10875 0.145
0 0.7578125 0.8729166666666667 0.106875 0.1425
0 0.1753125 0.4975 0.109375 0.14666666666666667
0 0.590625 0.82125 0.10375 0.13916666666666666
0 0.7225 0.27541666666666664 0.11375 0.1525
0 0.9090625 0.44208333333333333 0.104375 0.13916666666666666
0 0.38625 0.6816666666666666 0.1075 0.14333333333333334
0 0.641875 0.24833333333333332 0.105 0.14
0 0.4803125 0.20291666666666666 0.109375 0.14583333333333334
0 0.6396875 0.17625 0.106875 0.1425
0 0.3990625 0.8816666666666667 0.100625 0.135
0 0.580625 0.6054166666666667 0.1075 0.14416666666666667
0 0.3934375 0.36541666666666667 0.108125 0.14416666666666667
0 0.5796875 0.34041666666666665 0.118125 0.1575
0 0.7496875 0.47208333333333335 0.108125 0.14416666666666667
0 0.423125 0.7779166666666667 0.1025 0.1375
0 0.8071875 0.73125 0.103125 0.1375
0 0.25125 0.27708333333333335 0.1 0.1325
0 0.495625 0.09916666666666667 0.09875 0.13166666666666665
0 0.3609375 0.5779166666666666 0.100625 0.13416666666666666
0 0.16125 0.21 0.1 0.13333333333333333
0 0.2928125 0.8233333333333334 0.094375 0.12666666666666668
0 0.8290625 0.42083333333333334 0.103125 0.13666666666666666
0 0.61375 0.9066666666666666 0.1075 0.14333333333333334
0 0.401875 0.14541666666666667 0.11375 0.15083333333333335
1 0.456875 0.5945833333333334 0.09875 0.1325
0 0.684375 0.86125 0.09875 0.13083333333333333
0 0.5228125 0.7854166666666667 0.109375 0.14583333333333334
0 0.560625 0.185 0.10625 0.14166666666666666
0 0.195 0.5891666666666666 0.10125 0.135
0 0.226875 0.17625 0.1125 0.14916666666666667
0 0.5434375 0.70625 0.109375 0.14583333333333334
0 0.2828125 0.34 0.103125 0.13666666666666666
0 0.251875 0.685 0.10625 0.14166666666666666
0 0.2565625 0.19541666666666666 0.111875 0.14916666666666667
0 0.085625 0.2225 0.1 0.13333333333333333
0 0.2809375 0.6704166666666667 0.121875 0.1625