0 0.4703125 0.8970833333333333 0.079375 0.1025
0 0.45125 0.36125 0.0825 0.09083333333333334
0 0.1284375 0.8016666666666666 0.074375 0.09833333333333333
0 0.7321875 0.6575 0.076875 0.10333333333333333
1 0.7103125 0.8583333333333333 0.101875 0.11833333333333333
0 0.07375 0.13083333333333333 0.07625 0.11
0 0.9340625 0.7495833333333334 0.074375 0.10083333333333333
0 0.9165625 0.8620833333333333 0.080625 0.10416666666666667
0 0.4675 0.24666666666666667 0.07125 0.10666666666666667
0 0.895625 0.30291666666666667 0.0825 0.1125
0 0.6525 0.47708333333333336 0.08125 0.1075
0 0.85125 0.21416666666666667 0.0675 0.09333333333333334
0 0.0659375 0.5945833333333334 0.075625 0.1125
0 0.7659375 0.08583333333333333 0.079375 0.10666666666666667
0 0.4753125 0.42041666666666666 0.079375 0.0825
0 0.5021875 0.5966666666666667 0.068125 0.10333333333333333
0 0.1215625 0.5833333333333334 0.069375 0.105
0 0.325 0.89 0.0575 0.10166666666666667
0 0.824375 0.5833333333333334 0.08125 0.10166666666666667
0 0.4459375 0.6183333333333333 0.080625 0.08666666666666667
0 0.5646875 0.14666666666666667 0.081875 0.09666666666666666
0 0.730625 0.7666666666666667 0.09 0.08833333333333333
0 0.2853125 0.37333333333333335 0.080625 0.09666666666666666
0 0.92375 0.20375 0.07625 0.11083333333333334
0 0.553125 0.8625 0.07875 0.10166666666666667
0 0.576875 0.2725 0.0675 0.095
0 0.418125 0.68875 0.08125 0.0875
0 0.5103125 0.49875 0.085625 0.09416666666666666
0 0.44625 0.505 0.0775 0.09333333333333334
0 0.4865625 0.14416666666666667 0.106875 0.09833333333333333
0 0.7603125 0.7070833333333333 0.093125 0.09083333333333334
0 0.6478125 0.30375 0.073125 0.10083333333333333
0 0.5259375 0.45 0.074375 0.08666666666666667