0 0.31 0.2575 0.06875 0.07833333333333334
0 0.3909375 0.8383333333333334 0.068125 0.09833333333333333
0 0.3925 0.14583333333333334 0.06125 0.08833333333333333
0 0.5640625 0.05625 0.060625 0.07416666666666667
0 0.5459375 0.20291666666666666 0.063125 0.0875
0 0.7303125 0.08041666666666666 0.070625 0.09916666666666667
0 0.3021875 0.38916666666666666 0.066875 0.085
0 0.4615625 0.47041666666666665 0.071875 0.08916666666666667
0 0.675 0.23041666666666666 0.065 0.09083333333333334
0 0.758125 0.80625 0.0675 0.0925
0 0.5509375 0.6166666666666667 0.064375 0.07666666666666666
0 0.281875 0.9079166666666667 0.07125 0.0975
0 0.2209375 0.7383333333333333 0.063125 0.08166666666666667
1 0.3678125 0.5420833333333334 0.079375 0.10083333333333333
0 0.19625 0.9454166666666667 0.07125 0.0975
0 0.73875 0.6758333333333333 0.06375 0.09166666666666666
0 0.7425 0.48875 0.07125 0.0975
0 0.5625 0.46208333333333335 0.06125 0.0925
0 0.81375 0.6679166666666667 0.08 0.10416666666666667
0 0.3334375 0.73875 0.078125 0.09083333333333334
0 0.519375 0.3016666666666667 0.06125 0.08166666666666667
0 0.238125 0.6733333333333333 0.055 0.08333333333333333
0 0.31 0.13083333333333333 0.07125 0.07833333333333334
0 0.65 0.41375 0.08625 0.10916666666666666
0 0.3225 0.46375 0.07875 0.1025
0 0.6296875 0.2 0.071875 0.1
0 0.27875 0.5895833333333333 0.0625 0.07583333333333334
0 0.323125 0.655 0.0675 0.09166666666666666
0 0.695625 0.325 0.075 0.09333333333333334
0 0.2046875 0.09333333333333334 0.071875 0.07333333333333333
0 0.54375 0.7679166666666667 0.06875 0.08583333333333333
0 0.491875 0.6925 0.06125 0.08333333333333333
0 0.5290625 0.7258333333333333 0.061875 0.075
0 0.4475 0.3829166666666667 0.06875 0.07583333333333334
0 0.458125 0.7858333333333334 0.05875 0.08
0 0.490625 0.90375 0.06875 0.07416666666666667
0 0.6371875 0.63 0.073125 0.07333333333333333
0 0.485 0.85125 0.07375 0.0675
0 0.8425 0.12916666666666668 0.06125 0.1
0 0.306875 0.19958333333333333 0.0875 0.0775
0 0.61 0.6816666666666666 0.08 0.07