0 0.814375 0.49291666666666667 0.09 0.11916666666666667
0 0.1903125 0.7341666666666666 0.089375 0.12
0 0.521875 0.5354166666666667 0.09875 0.13083333333333333
0 0.745625 0.7366666666666667 0.09 0.12
0 0.8071875 0.6920833333333334 0.091875 0.1225
0 0.2259375 0.5945833333333334 0.096875 0.12916666666666668
0 0.5665625 0.75625 0.090625 0.12083333333333333
0 0.8796875 0.4425 0.089375 0.11833333333333333
0 0.45 0.385 0.08875 0.11833333333333333
0 0.9021875 0.33625 0.100625 0.13416666666666666
0 0.5021875 0.9133333333333333 0.086875 0.115
0 0.89625 0.495 0.08875 0.11833333333333333
0 0.351875 0.17708333333333334 0.0925 0.1225
0 0.686875 0.34041666666666665 0.09375 0.12583333333333332
0 0.5084375 0.43666666666666665 0.089375 0.11833333333333333
0 0.7925 0.4041666666666667 0.09125 0.12166666666666667
0 0.7853125 0.6004166666666667 0.086875 0.11583333333333333
0 0.10875 0.5233333333333333 0.0925 0.12333333333333334
0 0.3703125 0.9108333333333334 0.088125 0.11666666666666667
0 0.07625 0.575 0.09875 0.13166666666666665
0 0.2809375 0.19291666666666665 0.093125 0.12416666666666666
0 0.3890625 0.4404166666666667 0.095625 0.1275
0 0.51125 0.22583333333333333 0.0925 0.12333333333333334
0 0.6775 0.7779166666666667 0.0975 0.12916666666666668
0 0.341875 0.5358333333333334 0.0875 0.11666666666666667
0 0.6334375 0.7504166666666666 0.091875 0.1225
0 0.5684375 0.16375 0.094375 0.12583333333333332
0 0.9065625 0.22541666666666665 0.081875 0.10916666666666666
0 0.666875 0.43375 0.07625 0.10083333333333333
0 0.601875 0.8270833333333333 0.0825 0.11083333333333334
0 0.3690625 0.7016666666666667 0.080625 0.10833333333333334
0 0.649375 0.6191666666666666 0.09375 0.125
0 0.108125 0.6770833333333334 0.07875 0.10416666666666667
0 0.2759375 0.50625 0.086875 0.11583333333333333
0 0.3159375 0.6275 0.078125 0.10333333333333333
0 0.113125 0.7266666666666667 0.10125 0.135
0 0.208125 0.8183333333333334 0.0925 0.12333333333333334
0 0.6075 0.5525 0.1 0.13333333333333333
0 0.451875 0.5658333333333333 0.085 0.11333333333333333
0 0.2021875 0.5375 0.091875 0.12333333333333334
0 0.3521875 0.3595833333333333 0.088125 0.1175
0 0.630625 0.34125 0.10375 0.1375
0 0.3309375 0.2604166666666667 0.086875 0.11583333333333333
0 0.81875 0.23833333333333334 0.08875 0.11833333333333333
0 0.740625 0.3070833333333333 0.08625 0.11583333333333333
0 0.72375 0.19041666666666668 0.10625 0.14083333333333334
0 0.9459375 0.39625 0.094375 0.12583333333333332
0 0.5465625 0.08208333333333333 0.095625 0.1275
0 0.835 0.35333333333333333 0.09 0.12
0 0.535 0.36916666666666664 0.10125 0.135
0 0.5540625 0.8483333333333334 0.088125 0.11666666666666667
0 0.5946875 0.6666666666666666 0.098125 0.13
0 0.70625 0.5675 0.095 0.12666666666666668
0 0.529375 0.6454166666666666 0.07375 0.0975
0 0.6971875 0.4945833333333333 0.086875 0.11583333333333333
0 0.6103125 0.40791666666666665 0.089375 0.11916666666666667
0 0.58125 0.4741666666666667 0.1025 0.13666666666666666
0 0.838125 0.28375 0.08625 0.11416666666666667
0 0.5384375 0.7045833333333333 0.073125 0.0975
0 0.42 0.8341666666666666 0.07875 0.105
0 0.3409375 0.45 0.086875 0.11666666666666667
0 0.4203125 0.23625 0.096875 0.12916666666666668
0 0.503125 0.81 0.07875 0.105
0 0.294375 0.7258333333333333 0.08625 0.115
0 0.730625 0.125 0.0775 0.10333333333333333
0 0.1575 0.6733333333333333 0.08125 0.10833333333333334
0 0.1415625 0.4370833333333333 0.075625 0.10083333333333333
0 0.145 0.8033333333333333 0.0775 0.10333333333333333
0 0.6315625 0.0875 0.086875 0.11666666666666667
0 0.2671875 0.8995833333333333 0.075625 0.10083333333333333
0 0.1328125 0.41625 0.076875 0.1025
0 0.7628125 0.44666666666666666 0.071875 0.095
0 0.74375 0.07833333333333334 0.09125 0.12166666666666667
0 0.4175 0.7758333333333334 0.0725 0.09666666666666666
0 0.1871875 0.2604166666666667 0.060625 0.08083333333333333
0 0.17625 0.32 0.08 0.10666666666666667
0 0.8740625 0.5870833333333333 0.079375 0.10583333333333333
0 0.195625 0.32416666666666666 0.07625 0.10166666666666667
0 0.15 0.4025 0.08375 0.11166666666666666
0 0.3034375 0.28458333333333335 0.078125 0.10416666666666667
0 0.438125 0.20458333333333334 0.08125 0.10916666666666666
0 0.38125 0.37333333333333335 0.085 0.11333333333333333
0 0.255625 0.48833333333333334 0.0875 0.11666666666666667
0 0.23125 0.8091666666666667 0.07625 0.10166666666666667
0 0.33625 0.7791666666666667 0.0775 0.10333333333333333
0 0.441875 0.8558333333333333 0.085 0.11333333333333333
0 0.4053125 0.9129166666666667 0.064375 0.08583333333333333
0 0.2409375 0.9091666666666667 0.081875 0.11
0 0.4503125 0.6041666666666666 0.086875 0.115
0 0.32875 0.42833333333333334 0.075 0.1
0 0.4246875 0.31833333333333336 0.066875 0.08833333333333333
0 0.5846875 0.07875 0.084375 0.1125
0 0.6475 0.11583333333333333 0.07625 0.10166666666666667
0 0.87125 0.13416666666666666 0.09625 0.12833333333333333
0 0.775 0.31666666666666665 0.085 0.11333333333333333
0 0.834375 0.31666666666666665 0.07375 0.09833333333333333
0 0.926875 0.23583333333333334 0.08125 0.10833333333333334
0 0.920625 0.49916666666666665 0.085 0.11333333333333333
0 0.6090625 0.49041666666666667 0.090625 0.12083333333333333
0 0.625 0.36083333333333334 0.0775 0.10333333333333333
0 0.5575 0.36041666666666666 0.075 0.10083333333333333
0 0.515 0.35125 0.0875 0.1175
0 0.5503125 0.6245833333333334 0.079375 0.10583333333333333
0 0.5809375 0.63375 0.091875 0.1225
0 0.696875 0.5358333333333334 0.0975 0.13
0 0.8040625 0.5995833333333334 0.083125 0.11083333333333334
0 0.895 0.5933333333333334 0.0775 0.10333333333333333
0 0.765 0.79375 0.08875 0.11916666666666667
0 0.62375 0.8291666666666667 0.09625 0.12833333333333333
0 0.8325 0.5141666666666667 0.08 0.10666666666666667
0 0.4440625 0.6470833333333333 0.078125 0.10416666666666667
0 0.53375 0.835 0.0925 0.12333333333333334
0 0.4925 0.78 0.07875 0.105
0 0.4828125 0.7570833333333333 0.076875 0.1025
0 0.4659375 0.7154166666666667 0.078125 0.10416666666666667
0 0.4515625 0.6820833333333334 0.078125 0.10416666666666667
0 0.38125 0.6829166666666666 0.07875 0.10583333333333333
0 0.31625 0.7533333333333333 0.07625 0.10166666666666667
0 0.3003125 0.6116666666666667 0.076875 0.10166666666666667
0 0.2696875 0.6979166666666666 0.079375 0.10583333333333333
0 0.226875 0.6854166666666667 0.09875 0.1325