0 0.73625 0.5775 0.12 0.16
0 0.6025 0.5425 0.0975 0.13
0 0.751875 0.5133333333333333 0.1075 0.14333333333333334
0 0.5865625 0.21708333333333332 0.106875 0.1425
0 0.3471875 0.76875 0.115625 0.15416666666666667
0 0.2596875 0.15958333333333333 0.098125 0.13083333333333333
0 0.688125 0.6629166666666667 0.11375 0.1525
0 0.258125 0.6079166666666667 0.10125 0.13416666666666666
0 0.8690625 0.8820833333333333 0.100625 0.13416666666666666
0 0.6690625 0.34625 0.105625 0.14083333333333334
0 0.6075 0.7941666666666667 0.11125 0.14833333333333334
0 0.50625 0.1525 0.105 0.14
0 0.34375 0.325 0.105 0.14
0 0.506875 0.8408333333333333 0.11 0.14666666666666667
0 0.698125 0.43916666666666665 0.1075 0.14333333333333334
0 0.2125 0.5483333333333333 0.09875 0.13166666666666665
0 0.40625 0.8708333333333333 0.09125 0.12166666666666667
0 0.35375 0.18625 0.1025 0.1375
0 0.2059375 0.28875 0.101875 0.13583333333333333
0 0.8765625 0.8116666666666666 0.109375 0.145
0 0.0859375 0.4820833333333333 0.105625 0.14083333333333334
0 0.418125 0.2175 0.10375 0.13833333333333334
0 0.3659375 0.5370833333333334 0.113125 0.15083333333333335
0 0.4828125 0.44 0.110625 0.14833333333333334
0 0.911875 0.6229166666666667 0.1025 0.1375
0 0.6175 0.13541666666666666 0.1 0.13416666666666666
0 0.5228125 0.235 0.114375 0.15166666666666667
0 0.895625 0.44916666666666666 0.105 0.14
0 0.6821875 0.8875 0.110625 0.14666666666666667
0 0.4240625 0.40208333333333335 0.116875 0.15583333333333332
0 0.53375 0.585 0.115 0.15333333333333332
0 0.2775 0.7291666666666666 0.11125 0.14833333333333334
0 0.856875 0.7145833333333333 0.11375 0.15083333333333335
0 0.68 0.18333333333333332 0.105 0.14
0 0.3025 0.39625 0.1 0.1325
0 0.835625 0.41625 0.095 0.12583333333333332
0 0.2390625 0.37875 0.100625 0.13416666666666666
0 0.5028125 0.11625 0.105625 0.14083333333333334
0 0.4046875 0.28625 0.105625 0.14083333333333334