0 0.29375 0.205 0.1075 0.14333333333333334
0 0.73 0.11625 0.09875 0.1325
0 0.28125 0.9025 0.09625 0.12833333333333333
0 0.5928125 0.46125 0.095625 0.1275
0 0.32625 0.29333333333333333 0.10625 0.14166666666666666
0 0.1278125 0.7216666666666667 0.089375 0.12
0 0.401875 0.1075 0.10125 0.135
0 0.4165625 0.8945833333333333 0.096875 0.12916666666666668
0 0.335625 0.44375 0.1025 0.1375
0 0.6071875 0.16958333333333334 0.104375 0.13916666666666666
0 0.946875 0.46291666666666664 0.09375 0.12416666666666666
0 0.4815625 0.29041666666666666 0.105625 0.14083333333333334
0 0.059375 0.4658333333333333 0.105 0.14
0 0.5890625 0.7016666666666667 0.090625 0.12166666666666667
0 0.195 0.44416666666666665 0.1025 0.13666666666666666
0 0.26875 0.3458333333333333 0.10125 0.135
0 0.3953125 0.5766666666666667 0.094375 0.125
0 0.3490625 0.9033333333333333 0.105625 0.14
0 0.705625 0.6895833333333333 0.09375 0.12583333333333332
0 0.8171875 0.07208333333333333 0.090625 0.12083333333333333
0 0.69 0.6266666666666667 0.1025 0.13666666666666666
0 0.12125 0.4170833333333333 0.0875 0.1175
0 0.9253125 0.385 0.085625 0.11333333333333333
0 0.73625 0.75125 0.08875 0.11916666666666667
0 0.6790625 0.42833333333333334 0.098125 0.13166666666666665
0 0.16875 0.6704166666666667 0.09875 0.13083333333333333
0 0.715 0.40625 0.11375 0.15083333333333335
0 0.6828125 0.48791666666666667 0.101875 0.13583333333333333