0 0.665625 0.31916666666666665 0.09125 0.12166666666666667
0 0.6778125 0.8470833333333333 0.076875 0.1025
0 0.7409375 0.8445833333333334 0.094375 0.12583333333333332
0 0.6440625 0.92 0.076875 0.10333333333333333
0 0.3975 0.17958333333333334 0.08125 0.10916666666666666
0 0.9134375 0.8108333333333333 0.095625 0.12666666666666668
0 0.520625 0.40166666666666667 0.11125 0.14833333333333334
0 0.84375 0.5116666666666667 0.10125 0.135
0 0.6371875 0.4875 0.093125 0.12333333333333334
0 0.1209375 0.27375 0.089375 0.11916666666666667
0 0.63125 0.7583333333333333 0.0925 0.12333333333333334
0 0.5725 0.11625 0.09375 0.12416666666666666
0 0.245 0.255 0.085 0.11333333333333333
0 0.1059375 0.35541666666666666 0.084375 0.1125
0 0.7965625 0.80125 0.088125 0.1175
0 0.72625 0.32416666666666666 0.0725 0.09666666666666666
0 0.71625 0.23 0.08875 0.11833333333333333
0 0.6021875 0.8329166666666666 0.079375 0.10583333333333333
0 0.50625 0.27791666666666665 0.07375 0.09916666666666667
0 0.6846875 0.4295833333333333 0.089375 0.11916666666666667
0 0.240625 0.16083333333333333 0.085 0.11333333333333333
0 0.4078125 0.79125 0.074375 0.09916666666666667
0 0.504375 0.555 0.08625 0.115
0 0.9175 0.4920833333333333 0.08625 0.11416666666666667
0 0.28625 0.35333333333333333 0.09 0.12
0 0.570625 0.31416666666666665 0.0775 0.10333333333333333
0 0.42875 0.10041666666666667 0.0825 0.10916666666666666
0 0.4359375 0.39208333333333334 0.094375 0.12583333333333332
0 0.3740625 0.2658333333333333 0.085625 0.115
0 0.7284375 0.57375 0.089375 0.11916666666666667
0 0.3371875 0.18291666666666667 0.093125 0.12416666666666666
0 0.5175 0.8358333333333333 0.0825 0.11
0 0.285 0.82125 0.08875 0.1175
0 0.703125 0.68625 0.0925 0.1225
0 0.536875 0.7375 0.08125 0.10833333333333334
0 0.2221875 0.33458333333333334 0.093125 0.12416666666666666
0 0.64375 0.08083333333333333 0.08 0.10666666666666667
0 0.35625 0.89625 0.10375 0.1375
0 0.7728125 0.54625 0.096875 0.12916666666666668
0 0.2278125 0.75875 0.091875 0.1225
0 0.195 0.5216666666666666 0.08375 0.11166666666666666
0 0.609375 0.3904166666666667 0.08625 0.11416666666666667
0 0.829375 0.9145833333333333 0.08875 0.1175
0 0.6346875 0.19 0.085625 0.11333333333333333
0 0.235 0.4216666666666667 0.11125 0.14833333333333334
0 0.331875 0.41791666666666666 0.09125 0.12083333333333333
0 0.2103125 0.645 0.090625 0.12
0 0.2825 0.24666666666666667 0.08625 0.115
0 0.574375 0.495 0.07125 0.095
0 0.5040625 0.9066666666666666 0.075625 0.1
0 0.4546875 0.6683333333333333 0.099375 0.13333333333333333
0 0.0609375 0.4375 0.096875 0.13
0 0.418125 0.26666666666666666 0.09625 0.12833333333333333
0 0.290625 0.10375 0.0725 0.09583333333333334
0 0.1609375 0.1175 0.094375 0.125
0 0.3059375 0.4845833333333333 0.093125 0.12416666666666666
0 0.3590625 0.94375 0.083125 0.11083333333333334
0 0.343125 0.5116666666666667 0.095 0.12666666666666668
0 0.2353125 0.08375 0.091875 0.1225
0 0.585625 0.5829166666666666 0.0925 0.12416666666666666
0 0.19125 0.40875 0.09875 0.13083333333333333
0 0.2509375 0.5283333333333333 0.084375 0.11333333333333333
0 0.180625 0.21416666666666667 0.0925 0.12333333333333334
0 0.8659375 0.61875 0.081875 0.10916666666666666
0 0.446875 0.505 0.0875 0.11666666666666667
0 0.78125 0.465 0.08875 0.11833333333333333
0 0.5578125 0.9004166666666666 0.081875 0.10916666666666666
0 0.1821875 0.36625 0.095625 0.1275
0 0.30125 0.6125 0.0825 0.11
0 0.20625 0.17375 0.08875 0.1175
0 0.76875 0.3333333333333333 0.0875 0.11666666666666667
0 0.46 0.7816666666666666 0.095 0.12666666666666668
0 0.43875 0.8575 0.0825 0.11
0 0.0815625 0.57625 0.076875 0.1025
0 0.3796875 0.6179166666666667 0.084375 0.1125
0 0.1078125 0.44208333333333333 0.084375 0.1125
0 0.56375 0.20166666666666666 0.0825 0.11
0 0.1171875 0.5720833333333334 0.083125 0.11083333333333334
0 0.4678125 0.14791666666666667 0.075625 0.10083333333333333
0 0.69875 0.50875 0.0925 0.12416666666666666
0 0.8446875 0.57125 0.095625 0.1275
0 0.56125 0.65 0.085 0.11333333333333333
0 0.380625 0.0575 0.06875 0.09166666666666666
0 0.0575 0.3258333333333333 0.09875 0.13166666666666665
0 0.79625 0.7175 0.07375 0.09833333333333333
0 0.6878125 0.13458333333333333 0.080625 0.1075
0 0.666875 0.215 0.095 0.12666666666666668
0 0.66875 0.18666666666666668 0.0825 0.11
0 0.753125 0.3908333333333333 0.075 0.1
0 0.77625 0.435 0.085 0.11333333333333333
0 0.6628125 0.6745833333333333 0.090625 0.12083333333333333
0 0.7246875 0.70125 0.071875 0.09583333333333334
0 0.186875 0.6475 0.08375 0.11166666666666666
0 0.059375 0.535 0.09375 0.125
0 0.0884375 0.5366666666666666 0.090625 0.12166666666666667
0 0.413125 0.425 0.075 0.1
0 0.4203125 0.5345833333333333 0.071875 0.09583333333333334
0 0.13125 0.445 0.08 0.10666666666666667
0 0.143125 0.47708333333333336 0.08375 0.11083333333333334
0 0.1675 0.50875 0.08875 0.1175
0 0.5121875 0.5104166666666666 0.081875 0.10916666666666666
0 0.4203125 0.4945833333333333 0.084375 0.1125
0 0.2965625 0.44125 0.099375 0.1325
0 0.3046875 0.63625 0.094375 0.12583333333333332
0 0.22875 0.7033333333333334 0.0875 0.11666666666666667
0 0.1840625 0.09375 0.076875 0.1025
0 0.3103125 0.5345833333333333 0.086875 0.11583333333333333
0 0.37 0.5983333333333334 0.07625 0.10166666666666667
0 0.6 0.41375 0.0775 0.10416666666666667
0 0.5765625 0.37125 0.086875 0.11583333333333333
0 0.3340625 0.5691666666666667 0.094375 0.12666666666666668
0 0.264375 0.52125 0.075 0.09916666666666667
0 0.303125 0.8 0.085 0.11333333333333333
0 0.335625 0.78375 0.09 0.12083333333333333
0 0.3415625 0.7004166666666667 0.079375 0.10583333333333333
0 0.414375 0.7316666666666667 0.0875 0.11666666666666667
0 0.4328125 0.7045833333333333 0.078125 0.10416666666666667
0 0.424375 0.93875 0.07875 0.10416666666666667
0 0.461875 0.7466666666666667 0.095 0.12666666666666668
0 0.4540625 0.8429166666666666 0.083125 0.11083333333333334
0 0.5353125 0.8129166666666666 0.080625 0.1075
0 0.520625 0.71125 0.07125 0.09583333333333334
0 0.7090625 0.9279166666666666 0.085625 0.11416666666666667
0 0.561875 0.8379166666666666 0.09375 0.12583333333333332
0 0.6259375 0.9141666666666667 0.083125 0.11
0 0.63 0.9125 0.0825 0.11
0 0.6640625 0.84125 0.083125 0.11083333333333334
0 0.6053125 0.5720833333333334 0.078125 0.10416666666666667
0 0.6828125 0.5491666666666667 0.090625 0.12166666666666667
0 0.6534375 0.5516666666666666 0.088125 0.11833333333333333
0 0.760625 0.715 0.085 0.11333333333333333
0 0.78375 0.7291666666666666 0.07875 0.105
0 0.63125 0.6716666666666666 0.08125 0.10833333333333334
0 0.605 0.6654166666666667 0.0925 0.12416666666666666
0 0.5740625 0.69125 0.099375 0.1325
0 0.3328125 0.14041666666666666 0.091875 0.1225
0 0.445 0.2675 0.0825 0.11
0 0.4640625 0.06666666666666667 0.078125 0.10333333333333333
0 0.44375 0.21166666666666667 0.0975 0.13
0 0.445 0.06833333333333333 0.08 0.10666666666666667
0 0.5371875 0.20625 0.085625 0.11416666666666667
0 0.5146875 0.20041666666666666 0.071875 0.09583333333333334
0 0.4990625 0.13958333333333334 0.101875 0.13583333333333333
0 0.9253125 0.5204166666666666 0.085625 0.11416666666666667
0 0.90625 0.5379166666666667 0.0825 0.10916666666666666
0 0.849375 0.6633333333333333 0.085 0.11333333333333333
0 0.88375 0.6420833333333333 0.07875 0.10583333333333333
0 0.6728125 0.40625 0.076875 0.1025
0 0.2721875 0.64625 0.079375 0.10583333333333333
0 0.630625 0.09958333333333333 0.07125 0.09583333333333334
0 0.2878125 0.31375 0.098125 0.13083333333333333