0 0.26125 0.5941666666666666 0.1075 0.14333333333333334
0 0.3271875 0.6841666666666667 0.109375 0.14666666666666667
0 0.5746875 0.08125 0.108125 0.14416666666666667
0 0.4140625 0.47875 0.098125 0.13083333333333333
0 0.13 0.7441666666666666 0.11375 0.15166666666666667
0 0.811875 0.2816666666666667 0.1075 0.14333333333333334
0 0.338125 0.48625 0.0975 0.12916666666666668
0 0.27125 0.20791666666666667 0.115 0.15416666666666667
0 0.4634375 0.7904166666666667 0.114375 0.1525
0 0.468125 0.3954166666666667 0.1125 0.14916666666666667
0 0.60125 0.5645833333333333 0.09375 0.12416666666666666
0 0.21 0.7741666666666667 0.10375 0.13833333333333334
0 0.3509375 0.7779166666666667 0.090625 0.12083333333333333
0 0.1978125 0.55875 0.105625 0.14083333333333334
0 0.874375 0.5479166666666667 0.11125 0.14916666666666667
0 0.5890625 0.33375 0.109375 0.14583333333333334
0 0.7271875 0.335 0.115625 0.15333333333333332
0 0.5609375 0.81875 0.105625 0.14083333333333334
0 0.3978125 0.8958333333333334 0.110625 0.14833333333333334
0 0.7434375 0.21708333333333332 0.108125 0.14416666666666667
0 0.178125 0.3725 0.10375 0.13833333333333334
0 0.2809375 0.82875 0.118125 0.1575
0 0.838125 0.16625 0.11125 0.14916666666666667
0 0.881875 0.14041666666666666 0.09625 0.12916666666666668
0 0.68375 0.3825 0.0825 0.11
0 0.2046875 0.3304166666666667 0.105625 0.14083333333333334
0 0.5640625 0.63375 0.101875 0.13583333333333333