0 0.3715625 0.16083333333333333 0.068125 0.095
0 0.4425 0.66 0.06375 0.08833333333333333
0 0.8240625 0.6870833333333334 0.058125 0.08083333333333333
0 0.23125 0.7241666666666666 0.07 0.08166666666666667
0 0.235 0.20708333333333334 0.07 0.0875
0 0.5515625 0.11583333333333333 0.071875 0.09666666666666666
0 0.809375 0.375 0.05625 0.085
0 0.758125 0.7183333333333334 0.06875 0.09666666666666666
0 0.5059375 0.7208333333333333 0.075625 0.10333333333333333
0 0.425625 0.895 0.07375 0.10166666666666667
0 0.501875 0.29333333333333333 0.065 0.09333333333333334
0 0.793125 0.8075 0.07125 0.09666666666666666
0 0.3353125 0.5095833333333334 0.068125 0.09083333333333334
0 0.6740625 0.6616666666666666 0.058125 0.07333333333333333
0 0.770625 0.4870833333333333 0.07 0.08583333333333333
0 0.65125 0.165 0.06125 0.09666666666666666
0 0.769375 0.215 0.06125 0.08833333333333333
0 0.3775 0.30791666666666667 0.06625 0.09583333333333334
0 0.7303125 0.6508333333333334 0.059375 0.07666666666666666
0 0.7325 0.1225 0.0725 0.09833333333333333
0 0.295 0.62125 0.06875 0.09083333333333334
0 0.498125 0.515 0.055 0.08
0 0.5559375 0.20083333333333334 0.065625 0.08666666666666667
0 0.5578125 0.45208333333333334 0.061875 0.0925
0 0.826875 0.6004166666666667 0.07625 0.09416666666666666
0 0.4609375 0.12541666666666668 0.069375 0.08583333333333333
0 0.6575 0.49875 0.07375 0.0875
0 0.241875 0.45208333333333334 0.07125 0.10583333333333333
0 0.414375 0.11333333333333333 0.06875 0.1
0 0.45 0.04708333333333333 0.06375 0.09083333333333334
0 0.2796875 0.8783333333333333 0.059375 0.09333333333333334
0 0.72125 0.57375 0.07125 0.07916666666666666
0 0.465 0.21875 0.0625 0.09416666666666666
0 0.2065625 0.51625 0.066875 0.08916666666666667
0 0.2725 0.425 0.065 0.08666666666666667
0 0.5271875 0.5454166666666667 0.066875 0.0975
0 0.420625 0.28875 0.05375 0.09916666666666667
0 0.3171875 0.9566666666666667 0.063125 0.08
0 0.6425 0.9375 0.05375 0.09666666666666666
0 0.3659375 0.4475 0.066875 0.11
0 0.2240625 0.5504166666666667 0.060625 0.0875
0 0.8240625 0.21875 0.051875 0.0875
0 0.2603125 0.06791666666666667 0.063125 0.08583333333333333
0 0.7921875 0.5329166666666667 0.071875 0.08583333333333333
0 0.155 0.5545833333333333 0.0575 0.08416666666666667
0 0.3128125 0.4141666666666667 0.058125 0.08166666666666667
0 0.23 0.12333333333333334 0.0625 0.07
0 0.758125 0.5729166666666666 0.0625 0.0925
0 0.650625 0.47708333333333336 0.0825 0.09416666666666666