0 0.3890625 0.3070833333333333 0.088125 0.1175
0 0.6484375 0.5570833333333334 0.098125 0.13083333333333333
0 0.233125 0.7116666666666667 0.08875 0.11833333333333333
0 0.655625 0.6766666666666666 0.0975 0.13
0 0.619375 0.8216666666666667 0.1025 0.13666666666666666
0 0.368125 0.17208333333333334 0.08625 0.11583333333333333
0 0.3440625 0.26125 0.093125 0.12416666666666666
0 0.135625 0.5866666666666667 0.09875 0.13166666666666665
0 0.5259375 0.73 0.094375 0.125
0 0.3028125 0.20708333333333334 0.088125 0.1175
0 0.6265625 0.3775 0.096875 0.12833333333333333
0 0.44625 0.9145833333333333 0.08875 0.1175
0 0.4621875 0.7695833333333333 0.079375 0.10583333333333333
0 0.9425 0.34041666666666665 0.08375 0.11083333333333334
0 0.5496875 0.6408333333333334 0.103125 0.13666666666666666
0 0.3384375 0.8704166666666666 0.105625 0.14083333333333334
0 0.7584375 0.08541666666666667 0.103125 0.1375
0 0.843125 0.4058333333333333 0.11125 0.14833333333333334
0 0.4625 0.6883333333333334 0.09625 0.12833333333333333
0 0.243125 0.2816666666666667 0.1125 0.15
0 0.1625 0.7066666666666667 0.1075 0.14333333333333334
0 0.488125 0.8608333333333333 0.105 0.14
1 0.2340625 0.5370833333333334 0.124375 0.16583333333333333
0 0.396875 0.7858333333333334 0.11 0.14666666666666667
0 0.3553125 0.6479166666666667 0.101875 0.13583333333333333