0 0.6965625 0.21958333333333332 0.070625 0.10416666666666667
0 0.3521875 0.14708333333333334 0.063125 0.0825
0 0.2546875 0.865 0.073125 0.1
0 0.6346875 0.9491666666666667 0.073125 0.09666666666666666
0 0.3775 0.06916666666666667 0.09125 0.09833333333333333
0 0.18625 0.8679166666666667 0.06625 0.09916666666666667
0 0.3946875 0.81375 0.069375 0.0875
0 0.5290625 0.060833333333333336 0.081875 0.10833333333333334
0 0.37125 0.7154166666666667 0.0625 0.08583333333333333
0 0.5921875 0.5429166666666667 0.065625 0.0875
0 0.774375 0.70375 0.0575 0.09083333333333334
0 0.56625 0.42875 0.06625 0.0975
0 0.2790625 0.29375 0.069375 0.08583333333333333
0 0.2840625 0.7533333333333333 0.068125 0.09666666666666666
0 0.7928125 0.43041666666666667 0.060625 0.0875
1 0.4528125 0.14583333333333334 0.083125 0.12
0 0.6309375 0.21291666666666667 0.064375 0.0975
0 0.6059375 0.7654166666666666 0.078125 0.09916666666666667
0 0.3215625 0.89875 0.076875 0.0975
0 0.6690625 0.09583333333333334 0.068125 0.09
0 0.591875 0.64125 0.06125 0.0825
0 0.4453125 0.6304166666666666 0.061875 0.08583333333333333
0 0.4553125 0.49916666666666665 0.061875 0.09
0 0.483125 0.6895833333333333 0.07 0.0875
0 0.52625 0.5708333333333333 0.08 0.09333333333333334
0 0.229375 0.3908333333333333 0.0675 0.08
0 0.3496875 0.25916666666666666 0.066875 0.08833333333333333
0 0.3975 0.2075 0.06875 0.09166666666666666
0 0.668125 0.42791666666666667 0.06625 0.1075
0 0.530625 0.5079166666666667 0.0675 0.10416666666666667
0 0.75125 0.9120833333333334 0.0675 0.09583333333333334
0 0.6121875 0.4025 0.074375 0.10833333333333334
0 0.4559375 0.38083333333333336 0.066875 0.08333333333333333
0 0.3375 0.3491666666666667 0.0675 0.09166666666666666
0 0.5734375 0.7108333333333333 0.066875 0.1
0 0.7659375 0.5879166666666666 0.066875 0.09416666666666666
0 0.6921875 0.8995833333333333 0.058125 0.08416666666666667
0 0.520625 0.3675 0.0675 0.09
0 0.3275 0.5075 0.08125 0.105
0 0.7459375 0.51 0.074375 0.09166666666666666
0 0.393125 0.4025 0.0625 0.07
0 0.179375 0.4841666666666667 0.075 0.09666666666666666
0 0.84375 0.57 0.06 0.09833333333333333
1 0.2165625 0.48125 0.066875 0.13583333333333333
0 0.4425 0.43291666666666667 0.0625 0.08916666666666667
0 0.7153125 0.08541666666666667 0.069375 0.09583333333333334
0 0.188125 0.3358333333333333 0.07 0.08666666666666667
0 0.80625 0.5754166666666667 0.0625 0.09083333333333334
0 0.735 0.42 0.0725 0.1
0 0.6690625 0.8208333333333333 0.061875 0.09833333333333333
0 0.63625 0.8070833333333334 0.07625 0.10416666666666667
0 0.8290625 0.40541666666666665 0.073125 0.1025