0 0.5809375 0.9158333333333334 0.071875 0.09333333333333334
0 0.5390625 0.81875 0.074375 0.1025
0 0.52125 0.40041666666666664 0.07375 0.10083333333333333
0 0.6196875 0.49583333333333335 0.073125 0.1
0 0.4640625 0.7470833333333333 0.061875 0.0875
0 0.2546875 0.26958333333333334 0.079375 0.10583333333333333
0 0.6275 0.1 0.07 0.095
0 0.184375 0.14333333333333334 0.065 0.08666666666666667
0 0.7325 0.78625 0.0675 0.0825
0 0.7140625 0.515 0.064375 0.08666666666666667
0 0.3584375 0.7379166666666667 0.078125 0.0975
0 0.4571875 0.275 0.079375 0.1
0 0.165 0.6016666666666667 0.07375 0.1
0 0.6696875 0.71875 0.080625 0.10416666666666667
0 0.6715625 0.8329166666666666 0.078125 0.09916666666666667
0 0.745625 0.0625 0.07375 0.105
0 0.75875 0.44125 0.0825 0.11083333333333334
0 0.383125 0.2075 0.07125 0.08833333333333333
0 0.238125 0.655 0.07625 0.10333333333333333
0 0.24625 0.38625 0.06625 0.10083333333333333
0 0.314375 0.185 0.07875 0.11166666666666666
0 0.6665625 0.5641666666666667 0.051875 0.06333333333333334
0 0.561875 0.22333333333333333 0.0825 0.07833333333333334
0 0.3821875 0.8741666666666666 0.076875 0.10166666666666667
0 0.4840625 0.19333333333333333 0.071875 0.1
0 0.313125 0.3908333333333333 0.05875 0.08166666666666667
0 0.584375 0.7208333333333333 0.0725 0.1
0 0.8003125 0.24666666666666667 0.079375 0.10666666666666667
0 0.3696875 0.6266666666666667 0.069375 0.10833333333333334
0 0.7140625 0.2654166666666667 0.078125 0.0975
0 0.350625 0.91125 0.06375 0.08916666666666667
0 0.294375 0.5541666666666667 0.045 0.10166666666666667
0 0.22125 0.8579166666666667 0.06 0.09416666666666666
0 0.15875 0.7691666666666667 0.0675 0.095
0 0.491875 0.10333333333333333 0.07125 0.08333333333333333
0 0.171875 0.8695833333333334 0.065 0.0975
0 0.439375 0.5491666666666667 0.05625 0.075
1 0.5375 0.5058333333333334 0.08625 0.095
0 0.37875 0.47041666666666665 0.0775 0.11416666666666667
0 0.6790625 0.26916666666666667 0.076875 0.09333333333333334
0 0.5065625 0.06041666666666667 0.093125 0.06916666666666667
0 0.333125 0.3616666666666667 0.06875 0.085