0 0.6990625 0.15916666666666668 0.100625 0.135
0 0.1284375 0.5595833333333333 0.100625 0.13416666666666666
0 0.5940625 0.6525 0.100625 0.13333333333333333
0 0.28125 0.7820833333333334 0.09625 0.1275
0 0.73875 0.6383333333333333 0.095 0.12666666666666668
0 0.619375 0.5391666666666667 0.1075 0.14333333333333334
0 0.4621875 0.14291666666666666 0.095625 0.1275
0 0.68875 0.725 0.0875 0.11666666666666667
0 0.4628125 0.7983333333333333 0.101875 0.13666666666666666
0 0.2284375 0.4775 0.090625 0.12166666666666667
0 0.5559375 0.15375 0.105625 0.14083333333333334
0 0.33625 0.5025 0.1025 0.13666666666666666
0 0.844375 0.49333333333333335 0.11 0.14666666666666667
0 0.8109375 0.6245833333333334 0.083125 0.11083333333333334
0 0.709375 0.28958333333333336 0.09125 0.1225
0 0.376875 0.8083333333333333 0.11125 0.14833333333333334
0 0.200625 0.72 0.0925 0.12333333333333334
0 0.909375 0.40625 0.11125 0.1475
0 0.21625 0.37 0.09375 0.125
0 0.2990625 0.5879166666666666 0.083125 0.11083333333333334
0 0.75875 0.7441666666666666 0.09625 0.12833333333333333
0 0.13375 0.7529166666666667 0.10375 0.1375
0 0.134375 0.455 0.08125 0.10833333333333334
0 0.4440625 0.50375 0.096875 0.12916666666666668
0 0.341875 0.9245833333333333 0.105 0.14083333333333334
0 0.23875 0.5379166666666667 0.09875 0.1325
0 0.75625 0.06333333333333334 0.08375 0.11166666666666666
0 0.41125 0.46166666666666667 0.1 0.13333333333333333
0 0.185625 0.27791666666666665 0.0775 0.1025
0 0.1659375 0.85125 0.085625 0.11416666666666667
0 0.671875 0.39916666666666667 0.11375 0.15166666666666667
0 0.2965625 0.16708333333333333 0.101875 0.13583333333333333
0 0.421875 0.6633333333333333 0.11 0.14666666666666667
0 0.88375 0.17875 0.09875 0.1325
0 0.320625 0.10208333333333333 0.0875 0.11583333333333333
0 0.9071875 0.21791666666666668 0.091875 0.1225
0 0.3953125 0.13458333333333333 0.085625 0.11416666666666667
1 0.4803125 0.3829166666666667 0.129375 0.1725
0 0.126875 0.3375 0.0775 0.10333333333333333
0 0.0759375 0.41083333333333333 0.081875 0.11
0 0.1759375 0.8108333333333333 0.075625 0.1