0 0.7553125 0.10916666666666666 0.061875 0.08666666666666667
0 0.565 0.13916666666666666 0.0675 0.09333333333333334
0 0.51625 0.35 0.085 0.105
0 0.5065625 0.2575 0.060625 0.08833333333333333
0 0.695 0.058333333333333334 0.06125 0.09166666666666666
0 0.3159375 0.465 0.066875 0.09333333333333334
0 0.78625 0.29625 0.06125 0.08583333333333333
0 0.7834375 0.19375 0.091875 0.1075
0 0.8134375 0.43666666666666665 0.073125 0.1
0 0.3053125 0.265 0.071875 0.08833333333333333
0 0.6415625 0.22791666666666666 0.071875 0.10583333333333333
0 0.5321875 0.44916666666666666 0.064375 0.09666666666666666
0 0.1671875 0.5054166666666666 0.075625 0.10583333333333333
0 0.2125 0.5995833333333334 0.07 0.0875
0 0.6075 0.08 0.0625 0.07333333333333333
0 0.374375 0.3858333333333333 0.0675 0.08
0 0.6775 0.7816666666666666 0.0675 0.08833333333333333
0 0.8315625 0.5304166666666666 0.055625 0.08416666666666667
0 0.229375 0.6908333333333333 0.07125 0.10333333333333333
0 0.73375 0.43333333333333335 0.07 0.09333333333333334
0 0.341875 0.1225 0.06875 0.09666666666666666
0 0.310625 0.5379166666666667 0.07125 0.1075
0 0.175625 0.9279166666666666 0.07125 0.09583333333333334
0 0.4896875 0.16083333333333333 0.063125 0.09
0 0.79 0.69625 0.06625 0.09916666666666667
0 0.4165625 0.8654166666666666 0.086875 0.10416666666666667
0 0.33375 0.6816666666666666 0.065 0.09166666666666666
0 0.46125 0.08291666666666667 0.0625 0.0875
0 0.7821875 0.5858333333333333 0.079375 0.10166666666666667
0 0.7921875 0.815 0.053125 0.07
0 0.471875 0.4325 0.075 0.11166666666666666
0 0.494375 0.5795833333333333 0.0725 0.0925
0 0.2290625 0.105 0.073125 0.1
0 0.283125 0.6283333333333333 0.0625 0.09166666666666666
0 0.2925 0.22208333333333333 0.0675 0.0875
0 0.4246875 0.47541666666666665 0.066875 0.07583333333333334
0 0.7271875 0.85625 0.059375 0.0925
0 0.4425 0.24625 0.07 0.10083333333333333
0 0.5703125 0.26166666666666666 0.058125 0.09
0 0.1615625 0.19083333333333333 0.069375 0.09833333333333333
0 0.6434375 0.9179166666666667 0.068125 0.09916666666666667
0 0.6709375 0.38458333333333333 0.061875 0.0925
0 0.3559375 0.20375 0.066875 0.07583333333333334
0 0.634375 0.32875 0.08625 0.0975
0 0.4196875 0.75875 0.073125 0.10083333333333333
0 0.49125 0.7491666666666666 0.08125 0.09833333333333333
0 0.3859375 0.6804166666666667 0.063125 0.10083333333333333
1 0.4184375 0.195 0.079375 0.11166666666666666
1 0.16875 0.7279166666666667 0.08875 0.10416666666666667
0 0.69875 0.8608333333333333 0.07375 0.08333333333333333