0 0.5471875 0.6504166666666666 0.091875 0.1225
0 0.81375 0.8845833333333334 0.10875 0.14583333333333334
0 0.81 0.7283333333333334 0.08625 0.115
0 0.745625 0.3525 0.1 0.13333333333333333
0 0.8484375 0.7875 0.103125 0.13833333333333334
0 0.1715625 0.6529166666666667 0.096875 0.12916666666666668
0 0.319375 0.40125 0.105 0.14083333333333334
0 0.4471875 0.42625 0.089375 0.11916666666666667
0 0.63875 0.8279166666666666 0.09375 0.12583333333333332
0 0.63125 0.5029166666666667 0.10875 0.14583333333333334
0 0.3646875 0.37125 0.096875 0.12916666666666668
0 0.811875 0.31916666666666665 0.1075 0.14333333333333334
0 0.7728125 0.6566666666666666 0.103125 0.13833333333333334
0 0.7284375 0.5829166666666666 0.105625 0.14083333333333334
0 0.4875 0.8158333333333333 0.09625 0.12833333333333333
0 0.2728125 0.15333333333333332 0.103125 0.13833333333333334
0 0.1225 0.3233333333333333 0.0975 0.13
0 0.310625 0.26916666666666667 0.09 0.12
0 0.384375 0.11583333333333333 0.10625 0.14166666666666666
0 0.05375 0.3491666666666667 0.09375 0.125
0 0.66 0.7583333333333333 0.115 0.15333333333333332
0 0.2890625 0.81125 0.096875 0.12916666666666668
0 0.2725 0.57125 0.105 0.13916666666666666
0 0.73 0.41583333333333333 0.1025 0.13666666666666666
0 0.5959375 0.8870833333333333 0.103125 0.1375
0 0.0521875 0.4533333333333333 0.101875 0.135
0 0.50875 0.2791666666666667 0.09625 0.12833333333333333
0 0.693125 0.16166666666666665 0.10875 0.145
0 0.274375 0.65 0.10125 0.135
0 0.0965625 0.40458333333333335 0.106875 0.1425
0 0.2328125 0.3329166666666667 0.120625 0.16083333333333333
0 0.5378125 0.49291666666666667 0.104375 0.13916666666666666
0 0.8575 0.49166666666666664 0.11125 0.14833333333333334
0 0.3003125 0.7520833333333333 0.121875 0.1625
0 0.1925 0.35083333333333333 0.1175 0.15666666666666668
0 0.5596875 0.5845833333333333 0.113125 0.15083333333333335
0 0.39875 0.4716666666666667 0.1 0.13333333333333333
0 0.4178125 0.8904166666666666 0.128125 0.17083333333333334
0 0.5565625 0.22708333333333333 0.109375 0.14583333333333334
0 0.42125 0.82375 0.115 0.15416666666666667
0 0.4 0.25583333333333336 0.11375 0.15166666666666667
0 0.445625 0.09625 0.10875 0.14583333333333334
0 0.1503125 0.3145833333333333 0.104375 0.13916666666666666