0 0.3771875 0.69125 0.066875 0.09416666666666666
0 0.6821875 0.4725 0.070625 0.09
0 0.8296875 0.4816666666666667 0.071875 0.09
0 0.290625 0.92875 0.065 0.09083333333333334
0 0.8471875 0.3120833333333333 0.065625 0.09416666666666666
0 0.2021875 0.28625 0.069375 0.0925
0 0.6515625 0.3595833333333333 0.076875 0.0975
0 0.9240625 0.3154166666666667 0.071875 0.08583333333333333
0 0.1565625 0.16666666666666666 0.068125 0.11166666666666666
0 0.453125 0.6929166666666666 0.07375 0.08583333333333333
0 0.24875 0.3491666666666667 0.0725 0.08333333333333333
0 0.4403125 0.44875 0.071875 0.1025
0 0.3228125 0.8475 0.070625 0.08
0 0.90625 0.058333333333333334 0.07625 0.10333333333333333
0 0.224375 0.755 0.06875 0.09333333333333334
0 0.4746875 0.1825 0.064375 0.07666666666666666
0 0.151875 0.8033333333333333 0.08 0.095
0 0.126875 0.7116666666666667 0.07125 0.08666666666666667
0 0.569375 0.84875 0.07 0.08083333333333333
0 0.591875 0.6345833333333334 0.075 0.07083333333333333
0 0.9325 0.905 0.07375 0.10166666666666667
0 0.0428125 0.48 0.065625 0.105
0 0.3721875 0.405 0.069375 0.09666666666666666
0 0.5446875 0.70625 0.074375 0.0975
0 0.376875 0.24416666666666667 0.08 0.09333333333333334
0 0.046875 0.5895833333333333 0.05375 0.09583333333333334
0 0.293125 0.6775 0.0725 0.08166666666666667
0 0.7590625 0.47458333333333336 0.073125 0.10416666666666667
0 0.716875 0.8779166666666667 0.07625 0.0925
0 0.3078125 0.09208333333333334 0.073125 0.09416666666666666
0 0.43875 0.6195833333333334 0.06625 0.09416666666666666
0 0.89625 0.5216666666666666 0.0675 0.08666666666666667
0 0.2928125 0.2679166666666667 0.076875 0.08916666666666667
0 0.6915625 0.7545833333333334 0.061875 0.08416666666666667
0 0.0840625 0.55625 0.068125 0.09416666666666666
0 0.519375 0.25 0.0775 0.10666666666666667
0 0.0515625 0.17916666666666667 0.065625 0.08833333333333333
0 0.801875 0.78375 0.0725 0.08916666666666667
0 0.773125 0.7141666666666666 0.07 0.105
0 0.604375 0.5508333333333333 0.06875 0.08666666666666667
0 0.359375 0.15875 0.07125 0.0875
0 0.74625 0.7816666666666666 0.06875 0.11166666666666666
0 0.480625 0.8354166666666667 0.07 0.10416666666666667
0 0.7309375 0.05 0.073125 0.08
0 0.66375 0.835 0.05875 0.09833333333333333
0 0.5425 0.42083333333333334 0.07 0.09166666666666666
0 0.0678125 0.72375 0.068125 0.08916666666666667
0 0.385625 0.0675 0.08 0.09833333333333333
0 0.093125 0.85625 0.06625 0.09416666666666666
0 0.0471875 0.8320833333333333 0.065625 0.10416666666666667
0 0.6303125 0.765 0.074375 0.10666666666666667
0 0.31375 0.74875 0.06875 0.09916666666666667
0 0.0784375 0.7791666666666667 0.069375 0.065
0 0.8221875 0.8558333333333333 0.084375 0.08166666666666667
0 0.7359375 0.2654166666666667 0.090625 0.09416666666666666
0 0.18625 0.15416666666666667 0.0725 0.09166666666666666
0 0.500625 0.8841666666666667 0.07375 0.11166666666666666
0 0.075625 0.24916666666666668 0.06875 0.08166666666666667
0 0.550625 0.3670833333333333 0.07 0.08416666666666667
0 0.7821875 0.5591666666666667 0.073125 0.09666666666666666
0 0.6275 0.9329166666666666 0.065 0.10416666666666667
0 0.2653125 0.46208333333333335 0.074375 0.08583333333333333
0 0.7925 0.21666666666666667 0.07 0.09
0 0.459375 0.2808333333333333 0.07 0.09
0 0.699375 0.6020833333333333 0.07 0.09416666666666666
0 0.71 0.9570833333333333 0.0775 0.0825
0 0.4634375 0.36916666666666664 0.061875 0.10333333333333333
0 0.6328125 0.5141666666666667 0.068125 0.11666666666666667
0 0.0921875 0.9445833333333333 0.069375 0.09083333333333334
0 0.7259375 0.6295833333333334 0.076875 0.0925
0 0.770625 0.41458333333333336 0.07 0.0925
0 0.589375 0.46208333333333335 0.075 0.1075
0 0.7603125 0.5891666666666666 0.070625 0.1
0 0.7234375 0.3908333333333333 0.070625 0.09166666666666666
0 0.4896875 0.3620833333333333 0.054375 0.09916666666666667