0 0.8728125 0.49375 0.096875 0.12916666666666668
0 0.383125 0.5929166666666666 0.095 0.12583333333333332
0 0.7659375 0.5070833333333333 0.101875 0.13583333333333333
0 0.9125 0.2816666666666667 0.0875 0.11666666666666667
0 0.6575 0.5920833333333333 0.09875 0.13083333333333333
0 0.5134375 0.3933333333333333 0.090625 0.12166666666666667
0 0.629375 0.06666666666666667 0.09375 0.125
0 0.7940625 0.16166666666666665 0.090625 0.12166666666666667
0 0.4490625 0.76875 0.083125 0.11083333333333334
0 0.53 0.85625 0.08125 0.10916666666666666
0 0.2015625 0.63 0.100625 0.135
0 0.509375 0.7725 0.09125 0.12166666666666667
0 0.260625 0.21083333333333334 0.085 0.11333333333333333
0 0.495 0.6466666666666666 0.09625 0.12833333333333333
0 0.8146875 0.7254166666666667 0.088125 0.1175
0 0.43375 0.665 0.08125 0.10833333333333334
0 0.8775 0.34208333333333335 0.09625 0.12916666666666668
0 0.595625 0.77 0.10125 0.135
0 0.274375 0.7029166666666666 0.11 0.1475
0 0.5978125 0.8754166666666666 0.099375 0.1325
0 0.2084375 0.35333333333333333 0.114375 0.15333333333333332
0 0.411875 0.19625 0.10125 0.13416666666666666
0 0.531875 0.17333333333333334 0.10125 0.135
1 0.59375 0.28125 0.11125 0.1475