0 0.075625 0.7458333333333333 0.10375 0.13833333333333334
0 0.7734375 0.41291666666666665 0.091875 0.1225
0 0.484375 0.10875 0.08875 0.11916666666666667
0 0.20375 0.8483333333333334 0.09125 0.12166666666666667
0 0.121875 0.7995833333333333 0.09125 0.12083333333333333
0 0.5121875 0.24708333333333332 0.098125 0.13083333333333333
0 0.5815625 0.32375 0.096875 0.12916666666666668
0 0.4621875 0.615 0.100625 0.13333333333333333
0 0.52375 0.6075 0.095 0.12666666666666668
0 0.805625 0.24916666666666668 0.09125 0.12166666666666667
0 0.3671875 0.11916666666666667 0.101875 0.135
0 0.61375 0.6891666666666667 0.10375 0.13833333333333334
0 0.601875 0.25083333333333335 0.09125 0.12166666666666667
0 0.5846875 0.40791666666666665 0.099375 0.1325
0 0.186875 0.4166666666666667 0.095 0.12666666666666668
0 0.094375 0.6641666666666667 0.08125 0.10833333333333334
0 0.6596875 0.11291666666666667 0.089375 0.11916666666666667
0 0.245625 0.46 0.09 0.12
0 0.7234375 0.6933333333333334 0.096875 0.12833333333333333
0 0.6065625 0.5854166666666667 0.089375 0.11916666666666667
0 0.1078125 0.5729166666666666 0.106875 0.1425
0 0.1459375 0.64875 0.094375 0.12583333333333332
0 0.746875 0.20333333333333334 0.0925 0.12333333333333334
0 0.22375 0.5458333333333333 0.0975 0.13
0 0.3953125 0.3779166666666667 0.115625 0.15416666666666667
0 0.90375 0.2875 0.105 0.14
0 0.8246875 0.5020833333333333 0.108125 0.14416666666666667
0 0.45125 0.80375 0.1075 0.14416666666666667
0 0.7346875 0.10458333333333333 0.080625 0.1075
0 0.5959375 0.14125 0.104375 0.13916666666666666
0 0.308125 0.2841666666666667 0.10625 0.14166666666666666
0 0.3246875 0.5066666666666667 0.101875 0.13666666666666666
0 0.8546875 0.41541666666666666 0.090625 0.12083333333333333
0 0.2471875 0.6075 0.091875 0.12333333333333334
0 0.30125 0.66375 0.1075 0.14416666666666667
0 0.464375 0.26958333333333334 0.09125 0.1225
0 0.56125 0.10166666666666667 0.08625 0.115
0 0.6728125 0.5820833333333333 0.104375 0.13916666666666666
0 0.905 0.44208333333333333 0.09875 0.1325
0 0.12375 0.43125 0.0975 0.12916666666666668
0 0.145 0.34708333333333335 0.0925 0.12416666666666666
0 0.75875 0.52875 0.10125 0.13416666666666666
0 0.738125 0.33166666666666667 0.09125 0.12166666666666667
0 0.64875 0.4675 0.09375 0.125
0 0.2715625 0.3875 0.098125 0.13166666666666665
0 0.313125 0.15708333333333332 0.085 0.11416666666666667
0 0.4203125 0.72125 0.098125 0.13083333333333333
0 0.681875 0.185 0.0925 0.12333333333333334
0 0.6815625 0.37125 0.111875 0.14916666666666667
0 0.39875 0.26 0.1075 0.14333333333333334
0 0.8709375 0.21291666666666667 0.094375 0.12583333333333332
0 0.3496875 0.19875 0.096875 0.12916666666666668
0 0.2078125 0.27958333333333335 0.091875 0.1225
0 0.264375 0.3025 0.09625 0.12833333333333333
0 0.4246875 0.12166666666666667 0.088125 0.11666666666666667
0 0.8684375 0.12083333333333333 0.106875 0.14333333333333334
0 0.7190625 0.7725 0.094375 0.12666666666666668
0 0.7209375 0.58125 0.088125 0.1175
0 0.3509375 0.5895833333333333 0.099375 0.1325
0 0.6125 0.5120833333333333 0.1075 0.1425
1 0.20875 0.33666666666666667 0.10625 0.14166666666666666
0 0.4075 0.65 0.09625 0.12833333333333333
1 0.6775 0.7075 0.1 0.13333333333333333
1 0.7990625 0.16791666666666666 0.105625 0.14083333333333334
0 0.651875 0.19875 0.0975 0.12916666666666668
0 0.3353125 0.6204166666666666 0.106875 0.1425
0 0.933125 0.21083333333333334 0.085 0.11333333333333333