0 0.195625 0.8641666666666666 0.09 0.12
0 0.2984375 0.47375 0.084375 0.1125
0 0.1175 0.6625 0.09375 0.125
0 0.401875 0.92 0.0925 0.12333333333333334
0 0.613125 0.8883333333333333 0.09625 0.12833333333333333
0 0.46875 0.6195833333333334 0.09875 0.13083333333333333
0 0.6865625 0.7054166666666667 0.098125 0.13083333333333333
0 0.66375 0.35791666666666666 0.1075 0.14416666666666667
0 0.945 0.4845833333333333 0.09 0.11916666666666667
0 0.9334375 0.33875 0.093125 0.12416666666666666
0 0.6921875 0.8158333333333333 0.095625 0.12833333333333333
0 0.79375 0.44416666666666665 0.1075 0.14333333333333334
0 0.8703125 0.48541666666666666 0.095625 0.1275
0 0.3784375 0.6204166666666666 0.094375 0.12583333333333332
0 0.25125 0.7325 0.1075 0.14333333333333334
0 0.283125 0.5695833333333333 0.09875 0.13083333333333333
0 0.6428125 0.4395833333333333 0.099375 0.1325
0 0.17 0.335 0.0975 0.13
0 0.0734375 0.7979166666666667 0.103125 0.1375
0 0.494375 0.5141666666666667 0.10375 0.13833333333333334
0 0.21875 0.26166666666666666 0.1075 0.14333333333333334
0 0.245 0.40541666666666665 0.0875 0.1175
0 0.47875 0.08166666666666667 0.1025 0.13666666666666666
0 0.82 0.5383333333333333 0.1 0.13333333333333333
0 0.5903125 0.39125 0.101875 0.13583333333333333
0 0.5728125 0.18375 0.099375 0.1325
0 0.8696875 0.2945833333333333 0.090625 0.12083333333333333
0 0.7015625 0.13291666666666666 0.100625 0.13416666666666666
0 0.798125 0.7445833333333334 0.0925 0.1225
0 0.861875 0.36666666666666664 0.1025 0.13666666666666666
0 0.1825 0.41041666666666665 0.0925 0.1225
0 0.601875 0.7429166666666667 0.10375 0.1375
0 0.5840625 0.6883333333333334 0.083125 0.11
0 0.3803125 0.3279166666666667 0.089375 0.11916666666666667