0 0.0553125 0.5116666666666667 0.109375 0.14666666666666667
0 0.8 0.5604166666666667 0.11125 0.14916666666666667
0 0.8721875 0.485 0.106875 0.14333333333333334
0 0.3403125 0.6316666666666667 0.088125 0.11833333333333333
0 0.5465625 0.16583333333333333 0.115625 0.15333333333333332
0 0.43375 0.17208333333333334 0.085 0.1125
0 0.505 0.355 0.10125 0.135
1 0.133125 0.8541666666666666 0.09625 0.12833333333333333
0 0.158125 0.7666666666666667 0.0975 0.13
0 0.9325 0.5470833333333334 0.10125 0.13583333333333333
0 0.700625 0.06541666666666666 0.09375 0.12416666666666666
0 0.21125 0.6875 0.1 0.13333333333333333
0 0.4890625 0.10041666666666667 0.108125 0.14416666666666667
0 0.375625 0.8179166666666666 0.09 0.12083333333333333
0 0.39625 0.5658333333333333 0.10625 0.14166666666666666
0 0.259375 0.6520833333333333 0.08375 0.11083333333333334
0 0.3821875 0.6970833333333334 0.111875 0.14916666666666667
0 0.4240625 0.8729166666666667 0.094375 0.12583333333333332
0 0.3275 0.7804166666666666 0.08625 0.11583333333333333
0 0.499375 0.6345833333333334 0.10125 0.13583333333333333
0 0.4584375 0.515 0.098125 0.13166666666666665
0 0.3215625 0.8775 0.094375 0.12666666666666668
0 0.745625 0.3904166666666667 0.1125 0.15083333333333335
0 0.1821875 0.6104166666666667 0.111875 0.14916666666666667
0 0.1015625 0.4216666666666667 0.100625 0.13333333333333333
0 0.309375 0.70625 0.1075 0.1425
0 0.3053125 0.4170833333333333 0.084375 0.1125
0 0.5584375 0.4820833333333333 0.105625 0.14083333333333334
0 0.866875 0.25166666666666665 0.11 0.14666666666666667
0 0.4965625 0.8245833333333333 0.103125 0.1375
0 0.1825 0.42625 0.0775 0.1025
0 0.225625 0.3275 0.095 0.12666666666666668
0 0.3834375 0.26708333333333334 0.110625 0.1475
0 0.324375 0.29333333333333333 0.0925 0.12333333333333334
0 0.0884375 0.69125 0.098125 0.13083333333333333
0 0.8678125 0.6533333333333333 0.085625 0.11333333333333333
1 0.9421875 0.40708333333333335 0.111875 0.14916666666666667
0 0.2890625 0.8770833333333333 0.075625 0.10083333333333333
0 0.4621875 0.7991666666666667 0.094375 0.12666666666666668
0 0.53625 0.45 0.10875 0.145
0 0.4484375 0.7604166666666666 0.094375 0.12583333333333332
0 0.7465625 0.19875 0.103125 0.1375
0 0.6971875 0.18708333333333332 0.113125 0.15083333333333335
0 0.2575 0.45916666666666667 0.08625 0.115
0 0.1284375 0.45625 0.096875 0.12916666666666668
0 0.495625 0.6095833333333334 0.0925 0.1225
0 0.939375 0.26375 0.1025 0.1375
1 0.4715625 0.7058333333333333 0.111875 0.15
1 0.7440625 0.33125 0.114375 0.1525
0 0.39 0.775 0.105 0.14
0 0.29125 0.5916666666666667 0.0775 0.10333333333333333
0 0.24375 0.5575 0.085 0.11333333333333333
0 0.4140625 0.29541666666666666 0.090625 0.12083333333333333
0 0.42 0.34208333333333335 0.08625 0.11416666666666667
0 0.41625 0.07833333333333334 0.095 0.12666666666666668
0 0.2628125 0.3433333333333333 0.099375 0.13333333333333333
0 0.2415625 0.22875 0.094375 0.12583333333333332
0 0.2715625 0.26916666666666667 0.080625 0.10833333333333334
0 0.2990625 0.28208333333333335 0.090625 0.12083333333333333
0 0.22875 0.42 0.09 0.12
0 0.1084375 0.75875 0.095625 0.1275
0 0.0971875 0.71625 0.095625 0.1275
0 0.8425 0.33458333333333334 0.09875 0.13083333333333333
0 0.8728125 0.345 0.084375 0.11333333333333333
0 0.9015625 0.3408333333333333 0.078125 0.105