0 0.575625 0.37666666666666665 0.07125 0.09333333333333334
0 0.1928125 0.15458333333333332 0.061875 0.09083333333333334
0 0.0625 0.09208333333333334 0.05875 0.08083333333333333
0 0.26 0.2816666666666667 0.06625 0.09166666666666666
0 0.4240625 0.6691666666666667 0.071875 0.08833333333333333
0 0.6403125 0.16541666666666666 0.065625 0.08083333333333333
0 0.96125 0.84375 0.065 0.08416666666666667
0 0.4446875 0.85125 0.070625 0.1025
0 0.5628125 0.11541666666666667 0.065625 0.09583333333333334
0 0.6946875 0.3625 0.068125 0.08833333333333333
0 0.5346875 0.7808333333333334 0.063125 0.08333333333333333
0 0.794375 0.8154166666666667 0.07 0.09583333333333334
0 0.066875 0.8566666666666667 0.06875 0.08166666666666667
0 0.6234375 0.2925 0.065625 0.07833333333333334
0 0.865 0.22666666666666666 0.06 0.08833333333333333
0 0.1415625 0.62625 0.058125 0.07583333333333334
0 0.37625 0.5233333333333333 0.06875 0.085
0 0.4840625 0.6316666666666667 0.065625 0.08333333333333333
0 0.1171875 0.7066666666666667 0.063125 0.08
0 0.6971875 0.5325 0.065625 0.07666666666666666
0 0.115625 0.3983333333333333 0.06375 0.075
0 0.929375 0.6279166666666667 0.06875 0.09583333333333334
0 0.2875 0.19791666666666666 0.0475 0.06416666666666666
0 0.2040625 0.9391666666666667 0.063125 0.08666666666666667
0 0.6290625 0.08375 0.066875 0.08416666666666667
0 0.64625 0.7604166666666666 0.0675 0.07583333333333334
0 0.9559375 0.2866666666666667 0.078125 0.08166666666666667
0 0.76875 0.3725 0.06875 0.095
0 0.883125 0.06583333333333333 0.0525 0.065
0 0.7909375 0.2966666666666667 0.068125 0.09
0 0.86125 0.12791666666666668 0.05125 0.0675
0 0.2459375 0.41875 0.061875 0.08583333333333333
0 0.3246875 0.14708333333333334 0.051875 0.0725
0 0.6296875 0.9454166666666667 0.058125 0.06916666666666667
0 0.4653125 0.16333333333333333 0.046875 0.06666666666666667
0 0.465625 0.775 0.0725 0.08666666666666667
0 0.7290625 0.615 0.058125 0.07
0 0.786875 0.7233333333333334 0.0625 0.07666666666666666
0 0.9171875 0.6775 0.058125 0.075
0 0.8284375 0.057916666666666665 0.055625 0.07416666666666667
0 0.6553125 0.8841666666666667 0.049375 0.07333333333333333
0 0.0365625 0.7754166666666666 0.070625 0.0825
0 0.2925 0.3745833333333333 0.06 0.08416666666666667
0 0.8953125 0.8791666666666667 0.055625 0.085
0 0.2659375 0.4875 0.055625 0.07333333333333333
0 0.6965625 0.92875 0.049375 0.0725
0 0.5315625 0.92875 0.059375 0.07583333333333334
0 0.2603125 0.9570833333333333 0.056875 0.0675
0 0.1871875 0.44916666666666666 0.074375 0.09
0 0.2190625 0.8058333333333333 0.051875 0.06333333333333334
0 0.5053125 0.9141666666666667 0.061875 0.08333333333333333
0 0.5028125 0.5583333333333333 0.055625 0.075
0 0.3365625 0.3591666666666667 0.060625 0.06666666666666667
0 0.956875 0.11166666666666666 0.05125 0.06833333333333333
0 0.741875 0.8979166666666667 0.05625 0.07416666666666667
0 0.716875 0.8545833333333334 0.06875 0.07583333333333334
0 0.1171875 0.32916666666666666 0.055625 0.058333333333333334
0 0.50875 0.8558333333333333 0.05375 0.07166666666666667
0 0.3496875 0.40375 0.059375 0.06916666666666667
0 0.216875 0.4325 0.065 0.09
0 0.1790625 0.24 0.046875 0.056666666666666664
0 0.1565625 0.5608333333333333 0.060625 0.06