0 0.3303125 0.09875 0.083125 0.10416666666666667
0 0.8796875 0.12916666666666668 0.079375 0.09666666666666666
0 0.1840625 0.54125 0.079375 0.1025
0 0.485625 0.6070833333333333 0.095 0.11416666666666667
0 0.5834375 0.58125 0.073125 0.0925
0 0.09125 0.5625 0.0775 0.09666666666666666
0 0.8540625 0.4195833333333333 0.073125 0.08416666666666667
0 0.1975 0.6658333333333334 0.08375 0.09666666666666666
0 0.3315625 0.37666666666666665 0.071875 0.09666666666666666
0 0.26875 0.7716666666666666 0.0775 0.09666666666666666
0 0.5871875 0.27875 0.081875 0.10083333333333333
0 0.085 0.5004166666666666 0.08 0.09583333333333334
0 0.1259375 0.27291666666666664 0.071875 0.09583333333333334
0 0.350625 0.91125 0.07125 0.10083333333333333
0 0.8375 0.16916666666666666 0.085 0.09166666666666666
0 0.5040625 0.33625 0.071875 0.09583333333333334
0 0.7325 0.7583333333333333 0.07625 0.105
0 0.8590625 0.2579166666666667 0.083125 0.09916666666666667
0 0.6934375 0.15833333333333333 0.073125 0.10833333333333334
0 0.6340625 0.6583333333333333 0.073125 0.12333333333333334
0 0.1040625 0.1975 0.076875 0.10333333333333333
0 0.32875 0.8625 0.075 0.105
0 0.24875 0.6529166666666667 0.07 0.09416666666666666
0 0.764375 0.9175 0.0775 0.09833333333333333
0 0.5003125 0.7204166666666667 0.086875 0.10083333333333333
0 0.9203125 0.37125 0.069375 0.09416666666666666
0 0.1446875 0.8241666666666667 0.065625 0.08833333333333333
0 0.4790625 0.10291666666666667 0.081875 0.0975
0 0.6209375 0.9541666666666667 0.063125 0.08166666666666667
0 0.0909375 0.3879166666666667 0.073125 0.10083333333333333
0 0.6196875 0.8475 0.073125 0.09
0 0.9571875 0.82625 0.079375 0.0975
0 0.2896875 0.52625 0.078125 0.11083333333333334
0 0.046875 0.18 0.0775 0.10333333333333333
0 0.5521875 0.06 0.076875 0.10666666666666667
0 0.7346875 0.43166666666666664 0.079375 0.105
0 0.82625 0.925 0.07625 0.09833333333333333
0 0.200625 0.2791666666666667 0.08375 0.11333333333333333
0 0.8125 0.7416666666666667 0.08125 0.105
0 0.935 0.2554166666666667 0.08375 0.10916666666666666
0 0.8778125 0.7270833333333333 0.073125 0.11916666666666667
0 0.40125 0.5358333333333334 0.075 0.10333333333333333
0 0.8065625 0.3333333333333333 0.081875 0.11
0 0.551875 0.17208333333333334 0.07375 0.09916666666666667
0 0.2225 0.9504166666666667 0.07125 0.0925
0 0.3521875 0.52625 0.079375 0.11083333333333334
0 0.5296875 0.24916666666666668 0.069375 0.09833333333333333
0 0.18125 0.17875 0.07 0.09583333333333334
0 0.085625 0.6983333333333334 0.0775 0.09666666666666666
0 0.1609375 0.5833333333333334 0.065625 0.08333333333333333
0 0.648125 0.5320833333333334 0.075 0.09583333333333334
0 0.0565625 0.9545833333333333 0.070625 0.08916666666666667
0 0.108125 0.7141666666666666 0.07625 0.10333333333333333
0 0.0384375 0.6283333333333333 0.066875 0.095