0 0.7709375 0.8570833333333333 0.089375 0.11916666666666667
0 0.6071875 0.7891666666666667 0.090625 0.12
0 0.5146875 0.85375 0.089375 0.11916666666666667
0 0.3078125 0.4658333333333333 0.100625 0.135
0 0.1996875 0.7025 0.099375 0.13333333333333333
0 0.6 0.5358333333333334 0.09625 0.12833333333333333
0 0.42625 0.13166666666666665 0.0825 0.11
0 0.5453125 0.08708333333333333 0.094375 0.12583333333333332
0 0.648125 0.1325 0.085 0.11333333333333333
0 0.144375 0.6341666666666667 0.08875 0.11833333333333333
0 0.65625 0.8966666666666666 0.1075 0.14333333333333334
0 0.23375 0.18166666666666667 0.0925 0.12333333333333334
0 0.481875 0.6625 0.1 0.13333333333333333
0 0.7446875 0.30291666666666667 0.090625 0.12083333333333333
0 0.46875 0.55 0.0925 0.12333333333333334
0 0.4103125 0.28208333333333335 0.100625 0.13416666666666666
0 0.9234375 0.685 0.101875 0.13666666666666666
0 0.53375 0.5183333333333333 0.09 0.12
0 0.8315625 0.8016666666666666 0.103125 0.13666666666666666
0 0.184375 0.25416666666666665 0.1 0.13333333333333333
0 0.3896875 0.18625 0.088125 0.1175
0 0.329375 0.19 0.0925 0.12333333333333334
0 0.270625 0.78125 0.09625 0.1275
0 0.0890625 0.42041666666666666 0.113125 0.15083333333333335
0 0.328125 0.5908333333333333 0.09625 0.12833333333333333
0 0.668125 0.2654166666666667 0.0925 0.12416666666666666
0 0.871875 0.3858333333333333 0.0975 0.13
0 0.4396875 0.7395833333333334 0.084375 0.1125
0 0.240625 0.3 0.0975 0.13
0 0.834375 0.6258333333333334 0.11375 0.15166666666666667
0 0.1803125 0.5720833333333334 0.088125 0.1175
0 0.849375 0.8791666666666667 0.10125 0.135
0 0.33125 0.8095833333333333 0.09625 0.12916666666666668
0 0.9284375 0.5054166666666666 0.093125 0.12416666666666666
0 0.6196875 0.2554166666666667 0.096875 0.12916666666666668
0 0.5515625 0.3754166666666667 0.078125 0.10416666666666667
0 0.5475 0.15083333333333335 0.10125 0.135
0 0.59625 0.17916666666666667 0.08875 0.11833333333333333
0 0.198125 0.49583333333333335 0.10125 0.135
0 0.3790625 0.7029166666666666 0.098125 0.13083333333333333
0 0.3671875 0.7454166666666666 0.103125 0.1375
0 0.338125 0.6825 0.1125 0.15