0 0.34125 0.2841666666666667 0.08375 0.11166666666666666
0 0.2859375 0.8875 0.081875 0.11
0 0.3440625 0.38208333333333333 0.081875 0.10916666666666666
0 0.4534375 0.11708333333333333 0.091875 0.1225
0 0.2278125 0.6629166666666667 0.093125 0.12416666666666666
0 0.6221875 0.8391666666666666 0.099375 0.13333333333333333
0 0.7053125 0.18125 0.089375 0.11916666666666667
0 0.758125 0.7225 0.0925 0.12333333333333334
0 0.0696875 0.7491666666666666 0.100625 0.13333333333333333
0 0.378125 0.6683333333333333 0.08875 0.11833333333333333
0 0.8821875 0.3233333333333333 0.105625 0.14
0 0.309375 0.4579166666666667 0.08875 0.1175
1 0.8171875 0.38083333333333336 0.114375 0.15166666666666667
0 0.6815625 0.06833333333333333 0.086875 0.115
0 0.455 0.7066666666666667 0.09625 0.12833333333333333
0 0.5025 0.31375 0.0825 0.10916666666666666
0 0.174375 0.885 0.09375 0.125
0 0.6603125 0.34041666666666665 0.096875 0.12916666666666668
0 0.7790625 0.19458333333333333 0.084375 0.1125
0 0.155625 0.59625 0.095 0.1275
0 0.4325 0.5279166666666667 0.09125 0.12083333333333333
0 0.749375 0.54125 0.1 0.13416666666666666
0 0.2590625 0.81 0.104375 0.14
0 0.72625 0.35041666666666665 0.0925 0.1225
0 0.1140625 0.8254166666666667 0.086875 0.11583333333333333
0 0.4065625 0.47458333333333336 0.084375 0.1125
1 0.46125 0.9170833333333334 0.12 0.16083333333333333
0 0.2946875 0.22958333333333333 0.081875 0.10916666666666666
0 0.0934375 0.5504166666666667 0.075625 0.10083333333333333
0 0.658125 0.5316666666666666 0.07 0.09333333333333334
0 0.49125 0.8283333333333334 0.08125 0.10833333333333334
0 0.3121875 0.35375 0.079375 0.10583333333333333
0 0.364375 0.44416666666666665 0.0725 0.09666666666666666