0 0.6765625 0.20375 0.105625 0.14083333333333334
0 0.7840625 0.28875 0.103125 0.1375
0 0.8459375 0.18666666666666668 0.108125 0.145
0 0.9034375 0.24375 0.098125 0.13083333333333333
0 0.895625 0.3408333333333333 0.10875 0.145
0 0.81625 0.5908333333333333 0.11375 0.15166666666666667
0 0.679375 0.6408333333333334 0.1075 0.14333333333333334
0 0.6778125 0.7458333333333333 0.114375 0.15166666666666667
0 0.4503125 0.6341666666666667 0.100625 0.135
0 0.2265625 0.8066666666666666 0.109375 0.14666666666666667
0 0.1940625 0.7016666666666667 0.108125 0.145
0 0.1321875 0.6229166666666667 0.090625 0.12083333333333333
0 0.2753125 0.60625 0.109375 0.14583333333333334
0 0.16875 0.45708333333333334 0.11375 0.15083333333333335
0 0.2340625 0.295 0.118125 0.15666666666666668
0 0.44875 0.54875 0.10875 0.14416666666666667
0 0.541875 0.5479166666666667 0.11125 0.1475
0 0.59625 0.60375 0.095 0.1275
0 0.6275 0.4320833333333333 0.09875 0.1325
0 0.5928125 0.33875 0.106875 0.1425
0 0.9040625 0.57 0.106875 0.14166666666666666
0 0.5121875 0.8654166666666666 0.110625 0.1475
0 0.406875 0.8283333333333334 0.10875 0.145
0 0.054375 0.6016666666666667 0.1075 0.14333333333333334
0 0.3190625 0.44708333333333333 0.096875 0.12916666666666668
0 0.3675 0.4845833333333333 0.1 0.13416666666666666
0 0.596875 0.11875 0.10875 0.14583333333333334
0 0.4021875 0.13958333333333334 0.108125 0.14416666666666667
0 0.37375 0.18375 0.09625 0.1275
0 0.3509375 0.22708333333333333 0.095625 0.1275
0 0.4175 0.39166666666666666 0.11625 0.155
0 0.1409375 0.34375 0.115625 0.15416666666666667
0 0.466875 0.39416666666666667 0.1125 0.15
0 0.3578125 0.34958333333333336 0.108125 0.14416666666666667
0 0.5403125 0.07708333333333334 0.111875 0.14916666666666667