0 0.5090625 0.6529166666666667 0.070625 0.0925
0 0.8584375 0.375 0.065625 0.09333333333333334
0 0.2853125 0.7129166666666666 0.073125 0.08916666666666667
0 0.365625 0.47708333333333336 0.0675 0.08583333333333333
0 0.1496875 0.4533333333333333 0.071875 0.085
0 0.17125 0.0525 0.0775 0.09
0 0.9496875 0.46208333333333335 0.071875 0.0875
0 0.9078125 0.050416666666666665 0.059375 0.07916666666666666
0 0.211875 0.37 0.06625 0.07666666666666666
0 0.8534375 0.9341666666666667 0.074375 0.08833333333333333
0 0.6 0.63875 0.0625 0.07916666666666666
0 0.735625 0.8995833333333333 0.06125 0.08083333333333333
0 0.6578125 0.5016666666666667 0.073125 0.08833333333333333
0 0.07375 0.31625 0.05875 0.07916666666666666
0 0.7775 0.6758333333333333 0.0575 0.07833333333333334
0 0.3571875 0.82 0.066875 0.08833333333333333
0 0.758125 0.22333333333333333 0.07125 0.07833333333333334
0 0.24 0.12166666666666667 0.0575 0.08333333333333333
0 0.103125 0.90625 0.06125 0.07416666666666667
0 0.26875 0.62875 0.06875 0.08916666666666667
0 0.1690625 0.09916666666666667 0.073125 0.09166666666666666
0 0.585625 0.35291666666666666 0.06625 0.08416666666666667
0 0.2853125 0.84875 0.070625 0.08416666666666667
0 0.586875 0.16 0.07625 0.09
0 0.141875 0.83 0.06625 0.09333333333333334
0 0.7690625 0.19208333333333333 0.064375 0.0825
0 0.705 0.18125 0.06125 0.0825
0 0.1015625 0.5725 0.064375 0.075
1 0.841875 0.84375 0.0725 0.09583333333333334
0 0.1665625 0.1825 0.059375 0.07333333333333333
0 0.30375 0.10666666666666667 0.06625 0.09666666666666666
0 0.793125 0.45916666666666667 0.07625 0.08833333333333333
0 0.85875 0.10041666666666667 0.055 0.07416666666666667
0 0.7571875 0.47875 0.061875 0.08416666666666667
0 0.183125 0.25125 0.07 0.08083333333333333
0 0.694375 0.059583333333333335 0.07 0.09416666666666666
0 0.3959375 0.325 0.066875 0.07666666666666666
0 0.4509375 0.75 0.068125 0.08166666666666667
0 0.0871875 0.6445833333333333 0.066875 0.08083333333333333
0 0.566875 0.7870833333333334 0.06125 0.0925
0 0.34625 0.68375 0.06375 0.0725
0 0.11875 0.25916666666666666 0.07625 0.09166666666666666
0 0.05875 0.7154166666666667 0.055 0.08583333333333333
0 0.6396875 0.6870833333333334 0.060625 0.08083333333333333
0 0.115 0.37875 0.06125 0.0825
0 0.2615625 0.19875 0.069375 0.08916666666666667
0 0.8915625 0.28791666666666665 0.068125 0.0875
0 0.404375 0.21666666666666667 0.06375 0.08333333333333333
0 0.1109375 0.7391666666666666 0.059375 0.08166666666666667
0 0.3084375 0.32083333333333336 0.069375 0.08833333333333333
0 0.8734375 0.7191666666666666 0.071875 0.075
0 0.866875 0.5904166666666667 0.0575 0.07416666666666667
0 0.1721875 0.5858333333333333 0.060625 0.065
0 0.8259375 0.22916666666666666 0.054375 0.07833333333333334
0 0.7646875 0.6079166666666667 0.046875 0.06916666666666667
0 0.0859375 0.195 0.066875 0.08666666666666667
0 0.4125 0.08375 0.06625 0.08083333333333333
0 0.455 0.8925 0.0775 0.08833333333333333
0 0.864375 0.17666666666666667 0.04875 0.07
0 0.918125 0.6025 0.0525 0.08666666666666667
0 0.37875 0.2816666666666667 0.0575 0.08166666666666667
0 0.92375 0.8741666666666666 0.05 0.06833333333333333
1 0.1378125 0.5195833333333333 0.065625 0.0875
0 0.955 0.61875 0.05375 0.07916666666666666
0 0.5421875 0.7529166666666667 0.061875 0.0625
0 0.6321875 0.04625 0.058125 0.07083333333333333
0 0.1646875 0.7458333333333333 0.061875 0.07666666666666666
0 0.8046875 0.5429166666666667 0.058125 0.07583333333333334
0 0.0425 0.11333333333333333 0.07625 0.08166666666666667
0 0.9565625 0.8191666666666667 0.048125 0.07
0 0.4375 0.89875 0.05875 0.0675
0 0.770625 0.8445833333333334 0.05875 0.07916666666666666
0 0.49 0.8658333333333333 0.07 0.09833333333333333
0 0.035625 0.09083333333333334 0.06875 0.09333333333333334
0 0.5846875 0.8579166666666667 0.063125 0.09083333333333334
0 0.3521875 0.9566666666666667 0.068125 0.085
0 0.829375 0.6383333333333333 0.06 0.09166666666666666
0 0.73125 0.6854166666666667 0.055 0.07583333333333334
0 0.2734375 0.9179166666666667 0.059375 0.08083333333333333
0 0.4171875 0.8154166666666667 0.048125 0.09083333333333334
0 0.223125 0.61125 0.05 0.06916666666666667
0 0.02625 0.4041666666666667 0.05125 0.07166666666666667
0 0.29625 0.2175 0.0625 0.07166666666666667
0 0.96375 0.23666666666666666 0.0575 0.085
0 0.863125 0.6529166666666667 0.06875 0.08583333333333333
0 0.223125 0.8729166666666667 0.0575 0.0775
0 0.525 0.8404166666666667 0.05625 0.0875
0 0.5165625 0.78875 0.061875 0.0775
0 0.7228125 0.06625 0.058125 0.07416666666666667
0 0.3703125 0.10208333333333333 0.049375 0.06583333333333333