0 0.2175 0.3925 0.07625 0.09333333333333334
0 0.758125 0.6258333333333334 0.07375 0.09666666666666666
0 0.748125 0.4633333333333333 0.0775 0.11
0 0.5171875 0.10583333333333333 0.083125 0.11166666666666666
0 0.64 0.14041666666666666 0.075 0.09583333333333334
0 0.1884375 0.4979166666666667 0.076875 0.10083333333333333
0 0.4090625 0.3745833333333333 0.079375 0.10916666666666666
0 0.361875 0.8795833333333334 0.07625 0.09916666666666667
0 0.804375 0.32125 0.06125 0.08416666666666667
0 0.665 0.25416666666666665 0.07625 0.09833333333333333
0 0.6403125 0.9329166666666666 0.068125 0.10416666666666667
0 0.1721875 0.785 0.070625 0.09
0 0.189375 0.9033333333333333 0.0625 0.1
0 0.2075 0.28125 0.08375 0.1075
0 0.27625 0.17166666666666666 0.06625 0.10333333333333333
0 0.206875 0.17958333333333334 0.07375 0.10083333333333333
0 0.7696875 0.10333333333333333 0.079375 0.11166666666666666
0 0.664375 0.5229166666666667 0.07125 0.08916666666666667
0 0.821875 0.74 0.075 0.09166666666666666
0 0.74875 0.8791666666666667 0.06125 0.08833333333333333
0 0.3353125 0.34375 0.060625 0.08083333333333333
0 0.675625 0.7841666666666667 0.05375 0.08666666666666667
0 0.3303125 0.5391666666666667 0.061875 0.07666666666666666
0 0.7875 0.8254166666666667 0.0725 0.10583333333333333
0 0.83875 0.6420833333333333 0.07125 0.09083333333333334
0 0.575625 0.8954166666666666 0.07125 0.10416666666666667
0 0.2959375 0.4533333333333333 0.076875 0.1
0 0.6425 0.6091666666666666 0.08375 0.10166666666666667
0 0.688125 0.056666666666666664 0.08625 0.09333333333333334
0 0.8453125 0.8304166666666667 0.058125 0.09916666666666667
1 0.4671875 0.54875 0.115625 0.13083333333333333
1 0.50375 0.24958333333333332 0.10125 0.13083333333333333