0 0.183125 0.68 0.09375 0.125
0 0.61 0.31083333333333335 0.09875 0.13166666666666665
0 0.2328125 0.7579166666666667 0.084375 0.1125
0 0.79625 0.8766666666666667 0.105 0.14
0 0.281875 0.4525 0.10125 0.135
0 0.56 0.86 0.09125 0.12166666666666667
0 0.41 0.23583333333333334 0.1075 0.14333333333333334
0 0.37875 0.9175 0.0975 0.13
0 0.1053125 0.5804166666666667 0.095625 0.1275
0 0.545 0.58125 0.09875 0.13083333333333333
0 0.70875 0.4741666666666667 0.09375 0.125
0 0.3278125 0.7804166666666666 0.098125 0.13083333333333333
0 0.6109375 0.635 0.098125 0.13
0 0.5909375 0.7245833333333334 0.116875 0.15583333333333332
0 0.1425 0.21333333333333335 0.09375 0.125
0 0.0590625 0.5208333333333334 0.091875 0.12166666666666667
0 0.1309375 0.39625 0.099375 0.1325
0 0.2821875 0.22791666666666666 0.098125 0.13083333333333333
0 0.475 0.1575 0.11 0.14666666666666667
0 0.781875 0.6566666666666666 0.10375 0.13833333333333334
0 0.54 0.8029166666666666 0.10125 0.13416666666666666
0 0.7578125 0.3308333333333333 0.096875 0.13
0 0.7103125 0.3770833333333333 0.093125 0.12416666666666666
0 0.765 0.7879166666666667 0.1125 0.14916666666666667
0 0.8378125 0.5929166666666666 0.094375 0.12583333333333332
0 0.4840625 0.5879166666666666 0.098125 0.13083333333333333
0 0.37875 0.09166666666666666 0.08875 0.11833333333333333
0 0.30875 0.5354166666666667 0.0975 0.13083333333333333
0 0.818125 0.41833333333333333 0.09875 0.13166666666666665
0 0.4859375 0.84125 0.094375 0.12583333333333332
0 0.7303125 0.86125 0.113125 0.15083333333333335
0 0.6171875 0.21333333333333335 0.089375 0.11833333333333333
1 0.6409375 0.15625 0.118125 0.1575
0 0.4553125 0.57375 0.095625 0.1275
0 0.7140625 0.1575 0.089375 0.12
1 0.801875 0.7083333333333334 0.1175 0.15666666666666668