0 0.938125 0.6175 0.0925 0.12333333333333334
0 0.4321875 0.15291666666666667 0.093125 0.12416666666666666
0 0.760625 0.6291666666666667 0.09 0.12
0 0.7615625 0.5404166666666667 0.071875 0.09583333333333334
0 0.3196875 0.06333333333333334 0.089375 0.12
0 0.3909375 0.5325 0.100625 0.13333333333333333
0 0.28875 0.7841666666666667 0.1025 0.13666666666666666
0 0.36 0.6820833333333334 0.10375 0.13916666666666666
0 0.7959375 0.7704166666666666 0.098125 0.13083333333333333
0 0.5240625 0.4895833333333333 0.099375 0.1325
0 0.8271875 0.9225 0.081875 0.10833333333333334
0 0.200625 0.42541666666666667 0.11 0.1475
0 0.43375 0.60125 0.0875 0.1175
0 0.615625 0.78875 0.095 0.1275
0 0.909375 0.7133333333333334 0.0825 0.11
0 0.68125 0.59375 0.0925 0.1225
0 0.818125 0.42125 0.08875 0.1175
0 0.7584375 0.8283333333333334 0.084375 0.11166666666666666
0 0.813125 0.5133333333333333 0.09 0.12
0 0.33 0.59 0.0975 0.13
0 0.8765625 0.6079166666666667 0.088125 0.1175
0 0.59875 0.6583333333333333 0.10125 0.135
0 0.6696875 0.86375 0.091875 0.1225
0 0.5621875 0.57625 0.090625 0.12083333333333333
0 0.594375 0.89 0.08375 0.11166666666666666
0 0.518125 0.7658333333333334 0.10125 0.135
0 0.7503125 0.4141666666666667 0.081875 0.11
0 0.5403125 0.21625 0.100625 0.13416666666666666
0 0.6178125 0.5654166666666667 0.088125 0.1175
0 0.440625 0.8616666666666667 0.08625 0.115
0 0.7528125 0.895 0.074375 0.1
0 0.5515625 0.13833333333333334 0.105625 0.14166666666666666
0 0.49625 0.5675 0.0925 0.12333333333333334
0 0.7115625 0.75625 0.078125 0.10416666666666667
0 0.2584375 0.31708333333333333 0.081875 0.10916666666666666
0 0.6959375 0.42375 0.081875 0.10916666666666666
0 0.47 0.10166666666666667 0.10375 0.13833333333333334
0 0.4603125 0.7054166666666667 0.091875 0.1225
0 0.8028125 0.31166666666666665 0.088125 0.11833333333333333
0 0.410625 0.44 0.10625 0.14166666666666666
0 0.704375 0.5216666666666666 0.07375 0.09833333333333333
1 0.675 0.7075 0.12 0.16
0 0.3728125 0.11125 0.083125 0.11083333333333334
0 0.0871875 0.52125 0.100625 0.13416666666666666
0 0.7453125 0.6745833333333333 0.095625 0.1275
0 0.51375 0.4 0.10625 0.14166666666666666
0 0.8984375 0.48625 0.096875 0.12916666666666668
0 0.4703125 0.22083333333333333 0.075625 0.10166666666666667
0 0.65 0.48375 0.08625 0.11583333333333333
0 0.13 0.5725 0.08875 0.11833333333333333
0 0.2753125 0.10875 0.096875 0.12916666666666668
0 0.0678125 0.43875 0.096875 0.12916666666666668
0 0.414375 0.7691666666666667 0.09 0.12
0 0.425 0.68875 0.09625 0.1275
0 0.2384375 0.5370833333333334 0.104375 0.13916666666666666
0 0.8875 0.37041666666666667 0.08375 0.11083333333333334
0 0.394375 0.28875 0.09125 0.12083333333333333
0 0.9378125 0.46875 0.091875 0.1225
0 0.5828125 0.4241666666666667 0.094375 0.125
0 0.585625 0.7825 0.08375 0.11166666666666666
0 0.1128125 0.41458333333333336 0.090625 0.12083333333333333
0 0.304375 0.73 0.09375 0.125
0 0.2678125 0.23333333333333334 0.099375 0.13166666666666665
1 0.768125 0.33458333333333334 0.11375 0.15083333333333335
1 0.3415625 0.16958333333333334 0.118125 0.1575
0 0.586875 0.34 0.09125 0.12166666666666667
0 0.3084375 0.28625 0.086875 0.11583333333333333
0 0.2528125 0.4820833333333333 0.084375 0.1125
0 0.44125 0.27958333333333335 0.0925 0.1225
0 0.46375 0.39916666666666667 0.1 0.13333333333333333
0 0.6215625 0.3729166666666667 0.091875 0.1225
0 0.714375 0.8808333333333334 0.1 0.13333333333333333
0 0.6434375 0.40708333333333335 0.088125 0.1175