0 0.71375 0.69375 0.06625 0.0875
0 0.3425 0.37666666666666665 0.07375 0.09166666666666666
0 0.8109375 0.7895833333333333 0.064375 0.0825
0 0.7553125 0.36541666666666667 0.061875 0.0775
0 0.7615625 0.8554166666666667 0.078125 0.0825
0 0.2759375 0.5741666666666667 0.064375 0.08
0 0.5696875 0.7604166666666666 0.064375 0.08583333333333333
0 0.3796875 0.8475 0.060625 0.075
0 0.618125 0.90875 0.06625 0.0825
0 0.746875 0.27375 0.06875 0.08916666666666667
0 0.4434375 0.22791666666666666 0.064375 0.08416666666666667
0 0.8153125 0.29083333333333333 0.061875 0.09333333333333334
0 0.7428125 0.5095833333333334 0.063125 0.08583333333333333
0 0.5478125 0.9558333333333333 0.071875 0.085
0 0.4925 0.3929166666666667 0.06875 0.09083333333333334
0 0.3659375 0.765 0.063125 0.08333333333333333
0 0.7721875 0.9383333333333334 0.056875 0.075
0 0.694375 0.9370833333333334 0.075 0.0875
0 0.5125 0.6825 0.06625 0.07833333333333334
0 0.2353125 0.4970833333333333 0.063125 0.08083333333333333
0 0.6021875 0.3258333333333333 0.058125 0.095
0 0.77625 0.14833333333333334 0.05875 0.08166666666666667
0 0.3421875 0.61875 0.065625 0.08416666666666667
0 0.25625 0.9541666666666667 0.06125 0.075
0 0.556875 0.8504166666666667 0.06875 0.07916666666666666
0 0.540625 0.31125 0.06 0.0975
0 0.20375 0.74 0.065 0.08666666666666667
0 0.46625 0.9133333333333333 0.06375 0.08333333333333333
0 0.4303125 0.42333333333333334 0.060625 0.08333333333333333
0 0.270625 0.4 0.0575 0.08833333333333333
0 0.819375 0.6004166666666667 0.065 0.08416666666666667
0 0.52125 0.22458333333333333 0.06125 0.0825
0 0.67375 0.45375 0.0675 0.08083333333333333
0 0.2946875 0.7629166666666667 0.069375 0.08916666666666667
0 0.8121875 0.4170833333333333 0.059375 0.07083333333333333
0 0.35875 0.45916666666666667 0.07375 0.07666666666666666
0 0.4734375 0.50625 0.059375 0.07916666666666666
0 0.1621875 0.08791666666666667 0.064375 0.08083333333333333
0 0.6675 0.7541666666666667 0.07 0.1
0 0.4903125 0.6008333333333333 0.058125 0.08833333333333333
0 0.83625 0.1325 0.06 0.08666666666666667
0 0.22625 0.61625 0.06125 0.0825
0 0.6234375 0.08916666666666667 0.070625 0.085
0 0.2203125 0.18041666666666667 0.060625 0.07416666666666667
0 0.2915625 0.6733333333333333 0.060625 0.07833333333333334
0 0.24625 0.31 0.06875 0.07166666666666667
0 0.8125 0.49375 0.0575 0.07916666666666666
0 0.6878125 0.22 0.065625 0.08
0 0.6528125 0.28875 0.063125 0.0775
0 0.68375 0.5641666666666667 0.06 0.08333333333333333
0 0.26125 0.06958333333333333 0.06125 0.0775
0 0.5459375 0.5570833333333334 0.063125 0.0875
0 0.7509375 0.44625 0.073125 0.07583333333333334
0 0.59125 0.51 0.06625 0.09666666666666666
0 0.7165625 0.07 0.070625 0.085
0 0.3965625 0.15083333333333335 0.069375 0.08833333333333333
0 0.155625 0.9254166666666667 0.06125 0.0775
0 0.3765625 0.29625 0.061875 0.0825
0 0.3084375 0.21208333333333335 0.069375 0.08583333333333333
0 0.2065625 0.41291666666666665 0.068125 0.08583333333333333
0 0.4053125 0.5108333333333334 0.068125 0.09
0 0.3475 0.54125 0.0575 0.0775
0 0.175 0.39208333333333334 0.055 0.0925
0 0.3321875 0.8791666666666667 0.069375 0.09333333333333334
0 0.395 0.5608333333333333 0.0575 0.105