0 0.230625 0.21583333333333332 0.0575 0.075
0 0.06125 0.8008333333333333 0.06625 0.08333333333333333
0 0.14125 0.22333333333333333 0.06 0.08333333333333333
0 0.4559375 0.27 0.070625 0.095
0 0.4475 0.7504166666666666 0.07125 0.10583333333333333
0 0.6475 0.5925 0.06625 0.085
0 0.3828125 0.43041666666666667 0.070625 0.09583333333333334
0 0.586875 0.37166666666666665 0.075 0.07666666666666666
0 0.9125 0.94 0.0625 0.09
0 0.685625 0.8808333333333334 0.0625 0.08166666666666667
0 0.563125 0.09458333333333334 0.06375 0.09083333333333334
0 0.6296875 0.74875 0.070625 0.10416666666666667
0 0.531875 0.48833333333333334 0.06375 0.085
0 0.2875 0.2875 0.06625 0.09
0 0.5365625 0.5708333333333333 0.076875 0.08666666666666667
0 0.4959375 0.13458333333333333 0.070625 0.09083333333333334
0 0.83625 0.76875 0.06875 0.09083333333333334
0 0.1 0.355 0.06625 0.085
0 0.793125 0.09583333333333334 0.07625 0.10166666666666667
0 0.78125 0.5345833333333333 0.07625 0.08583333333333333
0 0.23 0.86 0.0725 0.08666666666666667
0 0.259375 0.7725 0.0675 0.1
0 0.6853125 0.42 0.070625 0.08666666666666667
0 0.6815625 0.2525 0.066875 0.08333333333333333
0 0.900625 0.34208333333333335 0.07375 0.09083333333333334
0 0.5715625 0.45125 0.065625 0.0925
0 0.380625 0.8033333333333333 0.06625 0.09333333333333334
0 0.8734375 0.13208333333333333 0.069375 0.0975
0 0.7775 0.8091666666666667 0.07375 0.09166666666666666
0 0.4328125 0.6258333333333334 0.066875 0.09333333333333334
0 0.0471875 0.48875 0.074375 0.08083333333333333
0 0.259375 0.37375 0.05625 0.0725
0 0.445 0.07625 0.06 0.0925
0 0.0421875 0.30666666666666664 0.068125 0.095
0 0.1665625 0.46875 0.066875 0.0875
0 0.0521875 0.41583333333333333 0.065625 0.075
0 0.2040625 0.405 0.073125 0.09333333333333334
0 0.64625 0.4866666666666667 0.0575 0.07666666666666666
0 0.5809375 0.8833333333333333 0.054375 0.08666666666666667
0 0.3590625 0.6420833333333333 0.056875 0.07916666666666666
0 0.9184375 0.41375 0.068125 0.09583333333333334
0 0.4525 0.17833333333333334 0.0675 0.07333333333333333
0 0.1440625 0.65875 0.058125 0.09916666666666667
0 0.6446875 0.050833333333333335 0.063125 0.08166666666666667
0 0.744375 0.5066666666666667 0.06625 0.08333333333333333
1 0.91875 0.7220833333333333 0.10125 0.10583333333333333
0 0.12375 0.5291666666666667 0.065 0.075
1 0.1240625 0.07916666666666666 0.078125 0.14
0 0.0953125 0.9229166666666667 0.079375 0.07916666666666666
0 0.18375 0.7729166666666667 0.05625 0.07416666666666667
0 0.3153125 0.74875 0.060625 0.07583333333333334
0 0.713125 0.46875 0.06625 0.08416666666666667
0 0.2340625 0.44916666666666666 0.066875 0.08166666666666667