0 0.4571875 0.41208333333333336 0.104375 0.13916666666666666
0 0.20375 0.4166666666666667 0.0975 0.13
0 0.299375 0.30541666666666667 0.1025 0.13583333333333333
0 0.2371875 0.6933333333333334 0.095625 0.12833333333333333
0 0.25625 0.09916666666666667 0.095 0.12666666666666668
0 0.8765625 0.5495833333333333 0.104375 0.13916666666666666
0 0.586875 0.6079166666666667 0.08875 0.11916666666666667
0 0.150625 0.5404166666666667 0.09 0.12083333333333333
0 0.5603125 0.34625 0.085625 0.11416666666666667
0 0.508125 0.17 0.1125 0.15
0 0.63125 0.33916666666666667 0.09875 0.13166666666666665
0 0.45125 0.8583333333333333 0.10125 0.135
0 0.5815625 0.19 0.093125 0.125
0 0.7159375 0.32 0.088125 0.11833333333333333
0 0.4540625 0.31416666666666665 0.104375 0.13833333333333334
0 0.80875 0.3725 0.10375 0.13833333333333334
0 0.3359375 0.08875 0.098125 0.13083333333333333
0 0.9471875 0.52375 0.104375 0.13916666666666666
0 0.34875 0.7733333333333333 0.10375 0.13833333333333334
0 0.389375 0.17833333333333334 0.09375 0.125
0 0.058125 0.5466666666666666 0.07875 0.105
0 0.1675 0.3175 0.095 0.12666666666666668
0 0.1134375 0.3858333333333333 0.096875 0.13
0 0.6359375 0.52375 0.103125 0.1375
0 0.5009375 0.8570833333333333 0.109375 0.14583333333333334
0 0.0578125 0.445 0.080625 0.10666666666666667
0 0.06 0.32666666666666666 0.08 0.10666666666666667
0 0.07375 0.19708333333333333 0.095 0.1275
0 0.32875 0.49083333333333334 0.07375 0.09833333333333333
0 0.389375 0.6166666666666667 0.105 0.14
0 0.7425 0.7016666666666667 0.10375 0.13833333333333334
0 0.4253125 0.11875 0.106875 0.1425
0 0.4028125 0.66125 0.099375 0.1325
0 0.803125 0.6129166666666667 0.11375 0.1525
0 0.791875 0.6995833333333333 0.08625 0.11583333333333333
1 0.478125 0.5354166666666667 0.11375 0.15083333333333335