0 0.543125 0.8220833333333334 0.08625 0.11583333333333333
0 0.8425 0.5633333333333334 0.09375 0.125
0 0.4959375 0.32 0.095625 0.12666666666666668
0 0.6853125 0.7220833333333333 0.095625 0.1275
0 0.5175 0.43916666666666665 0.1025 0.13666666666666666
0 0.5903125 0.5479166666666667 0.104375 0.13916666666666666
0 0.61 0.7291666666666666 0.095 0.12666666666666668
0 0.3978125 0.8741666666666666 0.094375 0.125
0 0.95 0.4191666666666667 0.085 0.11333333333333333
0 0.6609375 0.3016666666666667 0.100625 0.13333333333333333
0 0.39 0.35 0.09875 0.13166666666666665
0 0.3753125 0.7079166666666666 0.106875 0.1425
0 0.2828125 0.7379166666666667 0.096875 0.12916666666666668
0 0.1728125 0.5225 0.086875 0.11666666666666667
0 0.216875 0.6791666666666667 0.08125 0.10833333333333334
0 0.76625 0.40625 0.095 0.12583333333333332
0 0.591875 0.08958333333333333 0.085 0.1125
0 0.421875 0.5783333333333334 0.08875 0.11833333333333333
0 0.48125 0.8641666666666666 0.1 0.13333333333333333
0 0.7528125 0.7795833333333333 0.091875 0.1225
0 0.5328125 0.5895833333333333 0.098125 0.13083333333333333
0 0.8384375 0.41125 0.095625 0.1275
0 0.4075 0.24583333333333332 0.09125 0.12166666666666667
0 0.65375 0.2075 0.08375 0.11166666666666666
0 0.8696875 0.32208333333333333 0.081875 0.10916666666666666
0 0.4259375 0.4895833333333333 0.084375 0.1125
0 0.83625 0.3179166666666667 0.105 0.13916666666666666
0 0.420625 0.7904166666666667 0.09125 0.1225
1 0.3171875 0.6170833333333333 0.116875 0.15583333333333332
0 0.89125 0.49833333333333335 0.09 0.12
0 0.091875 0.8275 0.07625 0.10166666666666667
0 0.205 0.7933333333333333 0.07875 0.105
0 0.4653125 0.3775 0.096875 0.12833333333333333
0 0.59875 0.14666666666666667 0.09375 0.125
0 0.306875 0.22541666666666665 0.0775 0.1025
0 0.6984375 0.4558333333333333 0.081875 0.10833333333333334
0 0.3565625 0.0925 0.095625 0.12666666666666668
0 0.70125 0.21083333333333334 0.0925 0.12333333333333334
0 0.3246875 0.40791666666666665 0.093125 0.12416666666666666
0 0.6621875 0.3879166666666667 0.080625 0.1075
0 0.178125 0.34125 0.07375 0.0975
0 0.3478125 0.8045833333333333 0.093125 0.12416666666666666
0 0.7275 0.5475 0.0825 0.11
0 0.5184375 0.9345833333333333 0.075625 0.10083333333333333
0 0.58125 0.9195833333333333 0.07375 0.09916666666666667
0 0.8178125 0.6754166666666667 0.095625 0.1275
0 0.7753125 0.6979166666666666 0.090625 0.12083333333333333
0 0.3309375 0.46458333333333335 0.094375 0.12583333333333332
0 0.4584375 0.18541666666666667 0.083125 0.11083333333333334
0 0.2628125 0.855 0.085625 0.11333333333333333
0 0.4534375 0.82125 0.096875 0.12916666666666668
0 0.27875 0.4025 0.08875 0.11833333333333333
0 0.155625 0.6941666666666667 0.0825 0.11
0 0.7846875 0.27375 0.076875 0.1025
0 0.23125 0.41291666666666665 0.075 0.09916666666666667
0 0.2940625 0.9054166666666666 0.089375 0.11916666666666667
0 0.179375 0.8558333333333333 0.0775 0.10333333333333333
0 0.2709375 0.54875 0.090625 0.12083333333333333
0 0.4934375 0.7854166666666667 0.080625 0.1075
0 0.1215625 0.66625 0.071875 0.09583333333333334
0 0.20375 0.25833333333333336 0.07 0.09333333333333334
0 0.795 0.13916666666666666 0.06625 0.08833333333333333
1 0.3646875 0.17791666666666667 0.116875 0.15583333333333332
0 0.56125 0.705 0.07125 0.095
0 0.4359375 0.68 0.068125 0.09
0 0.8903125 0.13625 0.078125 0.10416666666666667
0 0.6425 0.6658333333333334 0.07375 0.09833333333333333
0 0.718125 0.8329166666666666 0.07375 0.0975
0 0.09125 0.39416666666666667 0.07375 0.09833333333333333
0 0.15375 0.75375 0.0775 0.10416666666666667
0 0.1109375 0.8045833333333333 0.085625 0.11416666666666667
0 0.158125 0.7925 0.08625 0.115
0 0.570625 0.3616666666666667 0.08125 0.10833333333333334
0 0.6190625 0.35875 0.076875 0.1025
0 0.7821875 0.5704166666666667 0.071875 0.09583333333333334
0 0.726875 0.6545833333333333 0.07625 0.10083333333333333
0 0.7671875 0.6275 0.084375 0.11166666666666666
0 0.3290625 0.8116666666666666 0.095625 0.12833333333333333
1 0.2640625 0.49666666666666665 0.110625 0.14666666666666667