0 0.485 0.31625 0.065 0.0875
0 0.42625 0.4266666666666667 0.0675 0.08333333333333333
0 0.54375 0.2125 0.06625 0.07833333333333334
0 0.64 0.5291666666666667 0.0675 0.07166666666666667
0 0.956875 0.16375 0.065 0.08416666666666667
0 0.261875 0.4525 0.0675 0.09166666666666666
0 0.9471875 0.07541666666666667 0.068125 0.08583333333333333
0 0.77125 0.12333333333333334 0.065 0.06333333333333334
0 0.223125 0.74625 0.07375 0.0825
0 0.6134375 0.38875 0.056875 0.0775
0 0.3234375 0.3829166666666667 0.060625 0.08583333333333333
0 0.8634375 0.2633333333333333 0.078125 0.095
0 0.6721875 0.11625 0.061875 0.08583333333333333
0 0.8059375 0.7525 0.051875 0.06666666666666667
0 0.1859375 0.6854166666666667 0.073125 0.09083333333333334
0 0.6378125 0.1625 0.061875 0.08833333333333333
0 0.686875 0.7208333333333333 0.08125 0.06166666666666667
0 0.79875 0.8170833333333334 0.07375 0.0825
0 0.060625 0.5445833333333333 0.1025 0.0525
0 0.2425 0.28125 0.0725 0.1075
0 0.4184375 0.7475 0.084375 0.11166666666666666
0 0.8184375 0.19708333333333333 0.079375 0.0975
0 0.7759375 0.6541666666666667 0.083125 0.1
0 0.8471875 0.56375 0.078125 0.0975
0 0.1846875 0.19166666666666668 0.081875 0.08666666666666667