0 0.1515625 0.08583333333333333 0.090625 0.12166666666666667
0 0.65375 0.43916666666666665 0.1 0.13333333333333333
0 0.1375 0.3933333333333333 0.0875 0.11666666666666667
0 0.22125 0.22666666666666666 0.09375 0.125
0 0.17875 0.5591666666666667 0.1075 0.14333333333333334
0 0.415625 0.6095833333333334 0.10375 0.13916666666666666
0 0.3428125 0.4816666666666667 0.089375 0.12
0 0.7853125 0.45375 0.103125 0.1375
0 0.5890625 0.47208333333333335 0.091875 0.1225
0 0.18375 0.3 0.09375 0.125
0 0.23875 0.5991666666666666 0.10125 0.135
0 0.314375 0.41833333333333333 0.09875 0.13166666666666665
0 0.6365625 0.74875 0.106875 0.1425
0 0.79875 0.5408333333333334 0.09125 0.12166666666666667
0 0.390625 0.5308333333333334 0.1025 0.13666666666666666
0 0.9225 0.67375 0.1 0.13416666666666666
0 0.715 0.7941666666666667 0.09875 0.13166666666666665
0 0.3290625 0.34041666666666665 0.109375 0.14583333333333334
0 0.2359375 0.67875 0.101875 0.13583333333333333
0 0.6078125 0.36333333333333334 0.093125 0.125
0 0.1003125 0.48791666666666667 0.098125 0.13083333333333333
0 0.0540625 0.23458333333333334 0.104375 0.13916666666666666
0 0.6878125 0.8570833333333333 0.096875 0.12916666666666668
0 0.3290625 0.16708333333333333 0.109375 0.14583333333333334
0 0.7484375 0.39958333333333335 0.105625 0.14083333333333334
0 0.3165625 0.2658333333333333 0.104375 0.13833333333333334
0 0.91 0.7395833333333334 0.11 0.1475
0 0.86125 0.495 0.10375 0.13833333333333334
0 0.53875 0.17875 0.09875 0.1325
0 0.325 0.5641666666666667 0.11125 0.14833333333333334