0 0.5728125 0.6725 0.088125 0.11833333333333333
0 0.815625 0.4075 0.09 0.12
0 0.7003125 0.62125 0.099375 0.1325
0 0.0940625 0.6079166666666667 0.085625 0.11416666666666667
0 0.68875 0.34541666666666665 0.10625 0.14083333333333334
0 0.2915625 0.9183333333333333 0.089375 0.12
0 0.8821875 0.5375 0.100625 0.135
0 0.344375 0.8679166666666667 0.10375 0.1375
0 0.0646875 0.49875 0.089375 0.11916666666666667
0 0.445 0.8595833333333334 0.095 0.1275
0 0.6571875 0.86375 0.084375 0.1125
1 0.6925 0.7883333333333333 0.1125 0.15
0 0.24625 0.8391666666666666 0.0825 0.11
0 0.16 0.3854166666666667 0.1 0.1325
1 0.4003125 0.6345833333333334 0.114375 0.1525
0 0.356875 0.42 0.0975 0.13
0 0.114375 0.7133333333333334 0.07875 0.105
0 0.65875 0.69375 0.08375 0.1125
0 0.12875 0.48 0.09375 0.125
0 0.57625 0.5395833333333333 0.10375 0.13916666666666666
0 0.3571875 0.14291666666666666 0.083125 0.11083333333333334
0 0.2125 0.7675 0.09 0.12
0 0.3628125 0.27208333333333334 0.084375 0.1125
0 0.38125 0.7975 0.08625 0.115
0 0.8459375 0.26458333333333334 0.088125 0.1175
0 0.76875 0.5741666666666667 0.0975 0.13
0 0.6365625 0.5029166666666667 0.091875 0.1225
0 0.491875 0.76125 0.0825 0.11083333333333334
0 0.8828125 0.22166666666666668 0.089375 0.11833333333333333
0 0.521875 0.38166666666666665 0.085 0.11333333333333333
0 0.9171875 0.43 0.113125 0.15
0 0.2375 0.20791666666666667 0.08375 0.11083333333333334
0 0.14625 0.6508333333333334 0.0825 0.11
0 0.769375 0.6558333333333334 0.0975 0.13
0 0.1471875 0.7691666666666667 0.075625 0.10166666666666667
0 0.3321875 0.5245833333333333 0.094375 0.12583333333333332
0 0.568125 0.24833333333333332 0.1025 0.13666666666666666
0 0.9375 0.225 0.09125 0.12166666666666667
0 0.609375 0.9 0.08375 0.11166666666666666
0 0.1759375 0.3516666666666667 0.078125 0.10333333333333333
0 0.5659375 0.31625 0.109375 0.14583333333333334
0 0.5559375 0.21166666666666667 0.103125 0.13666666666666666
0 0.8446875 0.62875 0.088125 0.1175
0 0.8278125 0.6854166666666667 0.099375 0.1325
0 0.81375 0.5091666666666667 0.0775 0.10333333333333333
0 0.87875 0.45 0.07625 0.10166666666666667
0 0.805625 0.2175 0.08875 0.11833333333333333
0 0.9528125 0.5325 0.081875 0.10833333333333334
0 0.2678125 0.2575 0.080625 0.10666666666666667
0 0.359375 0.5670833333333334 0.0825 0.10916666666666666
0 0.4828125 0.47875 0.088125 0.1175
0 0.4603125 0.48375 0.086875 0.11583333333333333
0 0.8578125 0.345 0.075625 0.10166666666666667
0 0.521875 0.49666666666666665 0.095 0.12666666666666668
0 0.578125 0.9041666666666667 0.075 0.1
0 0.4396875 0.5229166666666667 0.109375 0.14583333333333334
0 0.4146875 0.11041666666666666 0.068125 0.09083333333333334