0 0.5359375 0.6516666666666666 0.074375 0.1
0 0.46875 0.7470833333333333 0.07625 0.09583333333333334
0 0.39125 0.6058333333333333 0.07375 0.09666666666666666
0 0.764375 0.7975 0.0575 0.08833333333333333
0 0.29875 0.4058333333333333 0.0725 0.11
0 0.610625 0.8170833333333334 0.06625 0.0925
0 0.5340625 0.20625 0.071875 0.0925
0 0.69875 0.8745833333333334 0.07375 0.0975
0 0.7721875 0.5220833333333333 0.078125 0.09083333333333334
0 0.6096875 0.8991666666666667 0.078125 0.08333333333333333
0 0.3415625 0.7729166666666667 0.064375 0.0925
0 0.3803125 0.38958333333333334 0.064375 0.1025
0 0.7909375 0.66125 0.076875 0.0975
0 0.8040625 0.5858333333333333 0.075625 0.085
0 0.6628125 0.17041666666666666 0.070625 0.09416666666666666
0 0.6928125 0.0725 0.066875 0.085
0 0.1725 0.7941666666666667 0.07 0.09
0 0.2509375 0.08083333333333333 0.071875 0.10666666666666667
0 0.511875 0.9366666666666666 0.06875 0.08333333333333333
0 0.47625 0.19208333333333333 0.0725 0.0975
0 0.5525 0.28708333333333336 0.08375 0.09416666666666666
0 0.6765625 0.52625 0.074375 0.08416666666666667
0 0.2696875 0.79125 0.068125 0.0925
0 0.24125 0.39916666666666667 0.05375 0.12
0 0.8078125 0.84875 0.071875 0.1025
0 0.46625 0.9075 0.08 0.10166666666666667
0 0.5365625 0.745 0.074375 0.09
0 0.4915625 0.08708333333333333 0.084375 0.0975