0 0.196875 0.42625 0.115 0.1525
0 0.19625 0.6758333333333333 0.10625 0.14166666666666666
0 0.7603125 0.5245833333333333 0.111875 0.14916666666666667
0 0.599375 0.8425 0.11125 0.14833333333333334
0 0.8328125 0.9158333333333334 0.115625 0.155
0 0.746875 0.3525 0.1225 0.16333333333333333
0 0.2740625 0.49833333333333335 0.101875 0.13666666666666666
0 0.5346875 0.23875 0.116875 0.15583333333333332
0 0.9025 0.5975 0.11625 0.155
0 0.6553125 0.625 0.120625 0.16166666666666665
0 0.0996875 0.50625 0.105625 0.14083333333333334
0 0.2534375 0.6279166666666667 0.115625 0.15416666666666667
0 0.7878125 0.7775 0.103125 0.13666666666666666
0 0.3503125 0.7820833333333334 0.106875 0.1425
0 0.6228125 0.40125 0.116875 0.15583333333333332
0 0.52625 0.835 0.11375 0.15166666666666667
0 0.0790625 0.55875 0.105625 0.14083333333333334
0 0.1878125 0.095 0.094375 0.12666666666666668
0 0.78625 0.43833333333333335 0.09375 0.125
1 0.568125 0.5204166666666666 0.12125 0.16083333333333333
0 0.8146875 0.41791666666666666 0.105625 0.14083333333333334