0 0.52625 0.60375 0.07125 0.1025
0 0.4365625 0.72375 0.059375 0.0725
0 0.30875 0.6570833333333334 0.07625 0.08583333333333333
0 0.8003125 0.8708333333333333 0.073125 0.095
0 0.6534375 0.83125 0.059375 0.0725
0 0.6775 0.26916666666666667 0.0575 0.07833333333333334
0 0.271875 0.32375 0.06125 0.08583333333333333
0 0.5021875 0.3145833333333333 0.064375 0.0875
0 0.6665625 0.39125 0.064375 0.08083333333333333
0 0.305625 0.4166666666666667 0.07 0.09333333333333334
0 0.5740625 0.23791666666666667 0.055625 0.0875
0 0.4290625 0.8958333333333334 0.065625 0.09
0 0.5471875 0.4583333333333333 0.059375 0.07666666666666666
0 0.6584375 0.6845833333333333 0.063125 0.08416666666666667
0 0.4953125 0.10833333333333334 0.059375 0.08333333333333333
0 0.715625 0.8908333333333334 0.075 0.08666666666666667
1 0.335 0.2841666666666667 0.0725 0.115
0 0.610625 0.3745833333333333 0.06125 0.08583333333333333
0 0.649375 0.6066666666666667 0.05875 0.09166666666666666
0 0.2703125 0.7841666666666667 0.056875 0.08166666666666667
0 0.264375 0.9291666666666667 0.065 0.09333333333333334
0 0.3634375 0.58375 0.061875 0.0725
0 0.2296875 0.5441666666666667 0.060625 0.075
0 0.2090625 0.6125 0.055625 0.06833333333333333
0 0.588125 0.5933333333333334 0.06 0.085
0 0.4465625 0.50625 0.058125 0.0775
0 0.7796875 0.057916666666666665 0.069375 0.07083333333333333
0 0.3653125 0.13083333333333333 0.054375 0.08166666666666667
0 0.166875 0.8808333333333334 0.0625 0.07166666666666667
0 0.4478125 0.20583333333333334 0.059375 0.08833333333333333
0 0.2278125 0.4795833333333333 0.064375 0.0725
0 0.31 0.21083333333333334 0.05375 0.08333333333333333
0 0.4065625 0.06291666666666666 0.070625 0.08916666666666667
0 0.7359375 0.39416666666666667 0.051875 0.09
0 0.7609375 0.7675 0.060625 0.07833333333333334
0 0.6615625 0.1225 0.055625 0.07333333333333333
0 0.480625 0.7720833333333333 0.0575 0.0875
0 0.20875 0.37875 0.06 0.07083333333333333
0 0.4184375 0.39666666666666667 0.051875 0.085
0 0.175625 0.4795833333333333 0.05625 0.0875
0 0.6940625 0.5479166666666667 0.054375 0.1125
0 0.5175 0.23875 0.05375 0.07583333333333334
0 0.4925 0.435 0.05 0.09166666666666666
0 0.7196875 0.058333333333333334 0.054375 0.095
0 0.31125 0.905 0.055 0.07666666666666666
1 0.3171875 0.495 0.091875 0.10166666666666667
0 0.7996875 0.5404166666666667 0.054375 0.06916666666666667
0 0.7584375 0.6975 0.063125 0.08166666666666667
0 0.486875 0.895 0.05125 0.08
0 0.5190625 0.7225 0.058125 0.08666666666666667
0 0.500625 0.9575 0.0525 0.07333333333333333
0 0.7896875 0.11083333333333334 0.060625 0.07166666666666667
0 0.549375 0.9325 0.05 0.07166666666666667
0 0.74625 0.23833333333333334 0.05125 0.075
0 0.5959375 0.6729166666666667 0.054375 0.0825
0 0.6975 0.21083333333333334 0.0575 0.075
0 0.39375 0.29875 0.05125 0.060833333333333336
0 0.3275 0.8145833333333333 0.0525 0.10083333333333333
1 0.1790625 0.42291666666666666 0.083125 0.1025
0 0.348125 0.15416666666666667 0.06 0.095
0 0.5034375 0.17458333333333334 0.045625 0.1025
0 0.83 0.3675 0.0525 0.09666666666666666
0 0.7975 0.61 0.0525 0.07333333333333333
0 0.743125 0.18291666666666667 0.05375 0.08916666666666667
0 0.8521875 0.7708333333333334 0.045625 0.07166666666666667