0 0.3696875 0.09875 0.109375 0.14583333333333334
0 0.5640625 0.16916666666666666 0.098125 0.13
0 0.545625 0.53125 0.10625 0.1425
0 0.4746875 0.5520833333333334 0.109375 0.14583333333333334
0 0.5359375 0.06791666666666667 0.101875 0.13583333333333333
0 0.326875 0.5291666666666667 0.1 0.13333333333333333
0 0.06875 0.5754166666666667 0.10875 0.14583333333333334
0 0.636875 0.8591666666666666 0.1125 0.15
0 0.72625 0.6741666666666667 0.0975 0.13
0 0.3428125 0.7125 0.106875 0.14333333333333334
0 0.1534375 0.48375 0.095625 0.1275
0 0.186875 0.70875 0.105 0.13916666666666666
0 0.8265625 0.45958333333333334 0.101875 0.13583333333333333
1 0.1703125 0.40125 0.135625 0.18083333333333335
0 0.8490625 0.34125 0.103125 0.1375
0 0.9378125 0.25125 0.115625 0.15416666666666667
0 0.8034375 0.24458333333333335 0.106875 0.1425
0 0.8690625 0.11541666666666667 0.104375 0.13916666666666666
0 0.5846875 0.8245833333333333 0.099375 0.1325
0 0.5909375 0.7170833333333333 0.105625 0.14083333333333334
0 0.2503125 0.5870833333333333 0.103125 0.1375
0 0.08875 0.6766666666666666 0.10875 0.145
0 0.70625 0.8358333333333333 0.0925 0.12333333333333334
0 0.2846875 0.815 0.099375 0.13166666666666665
0 0.24125 0.6758333333333333 0.10125 0.135
0 0.4959375 0.405 0.116875 0.155
0 0.3425 0.9020833333333333 0.11 0.1475
0 0.76625 0.08708333333333333 0.11375 0.15083333333333335
0 0.540625 0.7758333333333334 0.11375 0.15166666666666667
0 0.3946875 0.39208333333333334 0.111875 0.14916666666666667
0 0.718125 0.8091666666666667 0.08875 0.11833333333333333
0 0.316875 0.6258333333333334 0.0975 0.13
0 0.2240625 0.47791666666666666 0.105625 0.14083333333333334
0 0.2709375 0.71125 0.105625 0.14083333333333334
0 0.3834375 0.48541666666666666 0.104375 0.13916666666666666
1 0.66375 0.32208333333333333 0.14375 0.19083333333333333
0 0.6728125 0.2608333333333333 0.091875 0.12333333333333334
0 0.4040625 0.505 0.100625 0.135
0 0.2721875 0.5633333333333334 0.099375 0.13333333333333333
0 0.3925 0.4266666666666667 0.09375 0.125