0 0.9221875 0.40541666666666665 0.090625 0.12083333333333333
0 0.2215625 0.6808333333333333 0.101875 0.13666666666666666
0 0.6171875 0.9295833333333333 0.104375 0.13916666666666666
0 0.59875 0.6479166666666667 0.10125 0.13416666666666666
0 0.1371875 0.7516666666666667 0.089375 0.11833333333333333
0 0.5171875 0.6545833333333333 0.101875 0.13583333333333333
0 0.7915625 0.23208333333333334 0.105625 0.14083333333333334
0 0.9340625 0.5329166666666667 0.094375 0.12583333333333332
0 0.80125 0.40958333333333335 0.10125 0.13416666666666666
1 0.5934375 0.13 0.111875 0.14833333333333334
0 0.4575 0.4875 0.10125 0.135
0 0.678125 0.815 0.10125 0.135
0 0.305625 0.44 0.095 0.12666666666666668
0 0.224375 0.8708333333333333 0.10375 0.13833333333333334
0 0.1825 0.32416666666666666 0.0975 0.13
1 0.18875 0.5379166666666667 0.12 0.15916666666666668
0 0.62375 0.5645833333333333 0.07875 0.10416666666666667
0 0.5965625 0.785 0.099375 0.13166666666666665
0 0.7021875 0.4820833333333333 0.108125 0.14416666666666667
0 0.7465625 0.49833333333333335 0.103125 0.13666666666666666
0 0.5596875 0.7666666666666667 0.094375 0.12666666666666668
0 0.9053125 0.15875 0.096875 0.12916666666666668
0 0.1484375 0.8445833333333334 0.101875 0.13583333333333333
0 0.3278125 0.78375 0.106875 0.1425