0 0.4353125 0.4125 0.063125 0.09
0 0.69 0.155 0.0575 0.08833333333333333
0 0.4646875 0.0475 0.058125 0.07833333333333334
0 0.2896875 0.07208333333333333 0.060625 0.08083333333333333
0 0.6759375 0.5433333333333333 0.068125 0.1
0 0.5646875 0.5291666666666667 0.063125 0.08166666666666667
1 0.268125 0.24666666666666667 0.07375 0.09833333333333333
0 0.4328125 0.7583333333333333 0.058125 0.08
0 0.505 0.31875 0.06875 0.0875
0 0.4290625 0.15416666666666667 0.069375 0.085
0 0.5453125 0.6183333333333333 0.056875 0.085
0 0.336875 0.6754166666666667 0.0675 0.09083333333333334
0 0.1715625 0.19166666666666668 0.064375 0.09166666666666666
0 0.515625 0.855 0.07 0.085
0 0.3084375 0.3908333333333333 0.069375 0.09333333333333334
0 0.695 0.6833333333333333 0.05875 0.09666666666666666
0 0.821875 0.6229166666666667 0.05375 0.08583333333333333
0 0.576875 0.6791666666666667 0.06375 0.08
0 0.51875 0.7045833333333333 0.0675 0.08583333333333333
0 0.27375 0.1775 0.0625 0.06833333333333333
0 0.494375 0.4220833333333333 0.055 0.07916666666666666
0 0.7584375 0.32125 0.054375 0.06583333333333333
0 0.7321875 0.44375 0.053125 0.08416666666666667
0 0.3259375 0.2833333333333333 0.056875 0.08833333333333333
0 0.3778125 0.8341666666666666 0.051875 0.08833333333333333
0 0.68875 0.0625 0.06875 0.07166666666666667
0 0.7884375 0.8866666666666667 0.065625 0.09333333333333334
0 0.166875 0.44166666666666665 0.06125 0.105
0 0.24125 0.47375 0.05125 0.07416666666666667
0 0.219375 0.905 0.06125 0.08166666666666667
0 0.325 0.885 0.05125 0.06833333333333333
0 0.270625 0.3333333333333333 0.06375 0.08666666666666667
0 0.2971875 0.81125 0.060625 0.08416666666666667
0 0.494375 0.17666666666666667 0.07 0.09166666666666666
0 0.60125 0.9120833333333334 0.05625 0.09083333333333334
0 0.2240625 0.5970833333333333 0.059375 0.08416666666666667
0 0.396875 0.2683333333333333 0.0575 0.08833333333333333
0 0.67125 0.82375 0.05875 0.07416666666666667
0 0.719375 0.7791666666666667 0.06125 0.09
0 0.3203125 0.5345833333333333 0.055625 0.07583333333333334
0 0.7921875 0.07666666666666666 0.059375 0.07833333333333334
0 0.4709375 0.9470833333333334 0.064375 0.08416666666666667
0 0.434375 0.18291666666666667 0.05875 0.07583333333333334
0 0.785 0.47791666666666666 0.06625 0.10083333333333333
0 0.6265625 0.34541666666666665 0.053125 0.07083333333333333
0 0.5253125 0.46416666666666667 0.045625 0.08833333333333333
0 0.6290625 0.7916666666666666 0.055625 0.08166666666666667
0 0.55125 0.92125 0.055 0.0675
0 0.3309375 0.6016666666666667 0.058125 0.07
0 0.2628125 0.6441666666666667 0.053125 0.07333333333333333
0 0.4859375 0.7808333333333334 0.053125 0.07
0 0.6034375 0.7479166666666667 0.058125 0.08416666666666667
0 0.740625 0.4195833333333333 0.0575 0.0825
0 0.228125 0.7125 0.05375 0.06333333333333334
0 0.208125 0.42541666666666667 0.05375 0.0625
0 0.84125 0.05875 0.065 0.07416666666666667
0 0.5665625 0.8004166666666667 0.054375 0.07583333333333334
0 0.1765625 0.7954166666666667 0.061875 0.08583333333333333
0 0.6915625 0.32416666666666666 0.056875 0.06333333333333334
0 0.324375 0.9570833333333333 0.04875 0.07416666666666667
1 0.6909375 0.39208333333333334 0.091875 0.0875
1 0.7109375 0.26416666666666666 0.098125 0.09166666666666666
0 0.2425 0.8091666666666667 0.04875 0.08
0 0.2696875 0.5333333333333333 0.066875 0.07333333333333333
0 0.5728125 0.08666666666666667 0.046875 0.09166666666666666
0 0.7903125 0.9570833333333333 0.060625 0.050833333333333335
0 0.8440625 0.48125 0.055625 0.0775
0 0.74 0.14583333333333334 0.0425 0.06666666666666667
0 0.7015625 0.23916666666666667 0.058125 0.07666666666666666