0 0.4253125 0.5883333333333334 0.095625 0.12833333333333333
0 0.535625 0.43083333333333335 0.08 0.10666666666666667
0 0.346875 0.7125 0.08625 0.115
0 0.660625 0.8 0.09 0.12
0 0.5896875 0.4554166666666667 0.084375 0.1125
0 0.2465625 0.41125 0.096875 0.12916666666666668
0 0.88625 0.66125 0.08125 0.10916666666666666
0 0.91 0.7391666666666666 0.08875 0.11833333333333333
0 0.4740625 0.8595833333333334 0.091875 0.1225
0 0.1453125 0.6533333333333333 0.088125 0.11666666666666667
0 0.504375 0.2866666666666667 0.09875 0.13166666666666665
0 0.1446875 0.3491666666666667 0.098125 0.13166666666666665
0 0.1890625 0.24708333333333332 0.096875 0.12916666666666668
0 0.8040625 0.6220833333333333 0.084375 0.1125
0 0.67375 0.29125 0.09375 0.12416666666666666
0 0.6346875 0.16583333333333333 0.101875 0.13666666666666666
0 0.8425 0.7225 0.1025 0.13666666666666666
0 0.5559375 0.6795833333333333 0.093125 0.12416666666666666
0 0.499375 0.6841666666666667 0.0975 0.13
0 0.7628125 0.6991666666666667 0.090625 0.12
0 0.7228125 0.22541666666666665 0.091875 0.1225
0 0.4084375 0.17875 0.096875 0.12916666666666668
0 0.369375 0.5145833333333333 0.095 0.12583333333333332
0 0.251875 0.6458333333333334 0.08625 0.115
0 0.391875 0.3720833333333333 0.0975 0.13083333333333333
0 0.4934375 0.11666666666666667 0.094375 0.12666666666666668
0 0.095 0.3933333333333333 0.0925 0.12333333333333334
0 0.5378125 0.13041666666666665 0.081875 0.10916666666666666
0 0.4740625 0.18125 0.085625 0.11416666666666667
0 0.6340625 0.8720833333333333 0.081875 0.10916666666666666
0 0.58 0.86875 0.09625 0.1275
0 0.2040625 0.3204166666666667 0.083125 0.11083333333333334
0 0.2559375 0.58875 0.099375 0.1325
0 0.3028125 0.4975 0.088125 0.11833333333333333
0 0.4421875 0.23458333333333334 0.076875 0.1025
1 0.6046875 0.68375 0.129375 0.1725