1 0.2796875 0.9195833333333333 0.110625 0.1475
0 0.62 0.11375 0.10375 0.13916666666666666
0 0.23875 0.5725 0.09875 0.13166666666666665
0 0.919375 0.52375 0.09625 0.1275
0 0.8209375 0.13125 0.106875 0.1425
0 0.35375 0.8683333333333333 0.11125 0.14833333333333334
0 0.75375 0.6079166666666667 0.10875 0.14416666666666667
0 0.631875 0.25583333333333336 0.11375 0.15166666666666667
0 0.266875 0.6941666666666667 0.11 0.14666666666666667
0 0.255 0.2808333333333333 0.10625 0.14166666666666666
0 0.115 0.4191666666666667 0.11125 0.14833333333333334
0 0.713125 0.8491666666666666 0.10875 0.145
0 0.6034375 0.9183333333333333 0.100625 0.135
0 0.3325 0.2775 0.10875 0.145
0 0.6978125 0.7095833333333333 0.094375 0.12583333333333332
1 0.52375 0.6995833333333333 0.12875 0.1725
0 0.3884375 0.53875 0.111875 0.14916666666666667
0 0.465625 0.9041666666666667 0.10625 0.14166666666666666
0 0.531875 0.46 0.09625 0.12833333333333333
0 0.5490625 0.5158333333333334 0.094375 0.125
0 0.19625 0.58375 0.10125 0.13416666666666666
0 0.5821875 0.6545833333333333 0.104375 0.13916666666666666
0 0.429375 0.39791666666666664 0.09875 0.1325
0 0.17875 0.5208333333333334 0.11125 0.14833333333333334
0 0.4646875 0.38875 0.106875 0.1425
0 0.0628125 0.5395833333333333 0.100625 0.13416666666666666
0 0.1471875 0.3333333333333333 0.101875 0.13666666666666666
0 0.1778125 0.30625 0.098125 0.13083333333333333