0 0.5959375 0.36875 0.059375 0.08083333333333333
0 0.25375 0.05875 0.065 0.09083333333333334
0 0.68625 0.27708333333333335 0.06625 0.08916666666666667
0 0.6409375 0.77625 0.059375 0.06916666666666667
0 0.5315625 0.8054166666666667 0.058125 0.06416666666666666
0 0.4384375 0.16875 0.065625 0.0875
0 0.0459375 0.5520833333333334 0.060625 0.0875
0 0.525 0.8958333333333334 0.065 0.085
0 0.808125 0.2991666666666667 0.06 0.08166666666666667
0 0.640625 0.8525 0.06125 0.065
0 0.2103125 0.5704166666666667 0.075625 0.09083333333333334
0 0.2328125 0.6516666666666666 0.064375 0.09
0 0.5484375 0.17 0.061875 0.09
0 0.5471875 0.5333333333333333 0.070625 0.09166666666666666
0 0.901875 0.40375 0.06875 0.0925
0 0.7490625 0.31916666666666665 0.065625 0.08833333333333333
0 0.915625 0.10166666666666667 0.06 0.08
0 0.804375 0.7845833333333333 0.07625 0.0975
0 0.4740625 0.75375 0.069375 0.1025
0 0.59625 0.49583333333333335 0.0575 0.075
0 0.614375 0.17458333333333334 0.05875 0.07916666666666666
0 0.2821875 0.5508333333333333 0.054375 0.07333333333333333
0 0.3153125 0.9020833333333333 0.059375 0.08916666666666667
0 0.644375 0.5504166666666667 0.065 0.0825
0 0.360625 0.9104166666666667 0.05875 0.09583333333333334
0 0.6425 0.4583333333333333 0.08125 0.085
0 0.069375 0.93625 0.0825 0.10583333333333333
1 0.7740625 0.22291666666666668 0.083125 0.10416666666666667