0 0.884375 0.20708333333333334 0.08 0.1075
0 0.3853125 0.11666666666666667 0.086875 0.115
0 0.459375 0.09 0.08375 0.11166666666666666
0 0.7265625 0.28458333333333335 0.094375 0.12583333333333332
0 0.118125 0.8041666666666667 0.0875 0.11666666666666667
0 0.665 0.09666666666666666 0.09125 0.12166666666666667
0 0.7603125 0.47375 0.101875 0.13583333333333333
0 0.47 0.7870833333333334 0.0975 0.13083333333333333
0 0.9115625 0.5183333333333333 0.081875 0.10833333333333334
0 0.87875 0.30125 0.08125 0.10916666666666666
0 0.3709375 0.6 0.083125 0.11
0 0.86875 0.4625 0.0975 0.13
0 0.5328125 0.8370833333333333 0.086875 0.11583333333333333
0 0.7646875 0.7504166666666666 0.088125 0.1175
0 0.63125 0.33166666666666667 0.08375 0.11166666666666666
0 0.6390625 0.6645833333333333 0.088125 0.1175
0 0.4634375 0.3854166666666667 0.099375 0.1325
0 0.245 0.765 0.085 0.11333333333333333
0 0.355625 0.44 0.07875 0.105
0 0.5609375 0.7341666666666666 0.094375 0.12666666666666668
0 0.500625 0.12666666666666668 0.08 0.10666666666666667
0 0.1584375 0.43291666666666667 0.091875 0.1225
0 0.6553125 0.5954166666666667 0.090625 0.12083333333333333
0 0.3590625 0.29 0.085625 0.115
0 0.604375 0.8416666666666667 0.06875 0.09166666666666666
0 0.7975 0.34833333333333333 0.08625 0.115
0 0.678125 0.1825 0.07875 0.105
0 0.4215625 0.24208333333333334 0.081875 0.10916666666666666
1 0.4759375 0.21041666666666667 0.108125 0.14416666666666667
0 0.73875 0.1525 0.0875 0.11666666666666667
0 0.33875 0.6391666666666667 0.08875 0.11833333333333333
0 0.529375 0.10375 0.0975 0.12916666666666668
0 0.4578125 0.4920833333333333 0.083125 0.11083333333333334
0 0.2575 0.27958333333333335 0.08375 0.11083333333333334
0 0.561875 0.4425 0.07875 0.105
0 0.5090625 0.9345833333333333 0.094375 0.12583333333333332
0 0.8615625 0.14125 0.074375 0.09916666666666667
0 0.6796875 0.45958333333333334 0.070625 0.09416666666666666
0 0.1446875 0.33791666666666664 0.091875 0.1225
0 0.0759375 0.7470833333333333 0.090625 0.12083333333333333
0 0.5890625 0.9333333333333333 0.079375 0.10666666666666667
0 0.411875 0.4175 0.08375 0.11166666666666666
0 0.1 0.39375 0.07625 0.10083333333333333
0 0.3365625 0.7908333333333334 0.076875 0.10333333333333333
0 0.095625 0.46041666666666664 0.07875 0.10583333333333333
0 0.1946875 0.36375 0.081875 0.10916666666666666
0 0.7975 0.6879166666666666 0.085 0.11416666666666667
0 0.5396875 0.33541666666666664 0.076875 0.1025
0 0.3596875 0.5054166666666666 0.076875 0.1025
0 0.1525 0.48791666666666667 0.08875 0.11916666666666667
0 0.54 0.8554166666666667 0.08625 0.11416666666666667
0 0.8496875 0.36875 0.081875 0.10916666666666666
0 0.5209375 0.25583333333333336 0.085625 0.115
0 0.62375 0.5416666666666666 0.07375 0.09833333333333333
0 0.74375 0.6558333333333334 0.07875 0.105
0 0.503125 0.44875 0.0875 0.1175
0 0.1303125 0.8954166666666666 0.085625 0.11416666666666667
0 0.22375 0.5545833333333333 0.0725 0.09583333333333334
0 0.05375 0.5133333333333333 0.0725 0.09666666666666666
0 0.1915625 0.7775 0.091875 0.12333333333333334
0 0.348125 0.9029166666666667 0.11 0.14583333333333334
0 0.1965625 0.88375 0.084375 0.1125
0 0.8178125 0.16416666666666666 0.075625 0.1
0 0.9190625 0.16083333333333333 0.079375 0.10666666666666667
0 0.813125 0.47541666666666665 0.0675 0.08916666666666667
0 0.6903125 0.6795833333333333 0.084375 0.1125
0 0.6521875 0.5670833333333334 0.080625 0.1075
0 0.575 0.7708333333333334 0.09125 0.12166666666666667
0 0.565625 0.2841666666666667 0.07375 0.09833333333333333
0 0.576875 0.22833333333333333 0.0725 0.09666666666666666
0 0.4 0.30333333333333334 0.07375 0.09833333333333333
0 0.2984375 0.7454166666666666 0.075625 0.10083333333333333
0 0.23625 0.4025 0.07625 0.10166666666666667
0 0.2215625 0.24583333333333332 0.085625 0.115
0 0.3359375 0.69875 0.078125 0.10416666666666667
0 0.351875 0.7333333333333333 0.08125 0.10833333333333334