0 0.1615625 0.32625 0.104375 0.13916666666666666
0 0.0946875 0.47875 0.115625 0.15416666666666667
0 0.1546875 0.41208333333333336 0.101875 0.13583333333333333
0 0.21125 0.2841666666666667 0.10625 0.14166666666666666
0 0.21 0.47208333333333335 0.1 0.1325
0 0.175 0.9091666666666667 0.10875 0.145
0 0.31625 0.8029166666666666 0.1125 0.15083333333333335
0 0.3715625 0.7445833333333334 0.095625 0.1275
0 0.34125 0.5279166666666667 0.11 0.14583333333333334
0 0.2896875 0.6329166666666667 0.103125 0.1375
0 0.5315625 0.8441666666666666 0.095625 0.12833333333333333
0 0.4675 0.5258333333333334 0.10625 0.14166666666666666
0 0.3634375 0.42625 0.104375 0.13916666666666666
0 0.3546875 0.325 0.108125 0.145
0 0.0821875 0.7741666666666667 0.105625 0.14166666666666666
0 0.35875 0.2175 0.11625 0.155
0 0.4075 0.13583333333333333 0.10875 0.145
0 0.424375 0.2816666666666667 0.0975 0.13
0 0.478125 0.345 0.1025 0.13666666666666666
0 0.565 0.2970833333333333 0.09375 0.12416666666666666
0 0.5359375 0.5795833333333333 0.108125 0.14416666666666667
0 0.7246875 0.46625 0.105625 0.14083333333333334
0 0.5696875 0.49875 0.104375 0.13916666666666666
0 0.6115625 0.3883333333333333 0.111875 0.15
0 0.6471875 0.30125 0.098125 0.13083333333333333
0 0.495 0.22833333333333333 0.11125 0.14833333333333334
0 0.526875 0.20375 0.0975 0.13083333333333333
0 0.630625 0.23583333333333334 0.095 0.12666666666666668
0 0.498125 0.7554166666666666 0.11625 0.15416666666666667
0 0.57375 0.7108333333333333 0.1025 0.13666666666666666
0 0.5990625 0.8104166666666667 0.104375 0.13916666666666666
0 0.6275 0.6658333333333334 0.1125 0.15
0 0.724375 0.6158333333333333 0.08875 0.11833333333333333
0 0.6825 0.8966666666666666 0.09375 0.125
0 0.685625 0.83 0.10125 0.135
0 0.7109375 0.7504166666666666 0.094375 0.12583333333333332
0 0.8571875 0.54375 0.108125 0.14416666666666667
0 0.9090625 0.43625 0.111875 0.14916666666666667
0 0.8546875 0.4675 0.103125 0.13666666666666666
0 0.725625 0.20166666666666666 0.11 0.14666666666666667
0 0.5975 0.15708333333333332 0.10375 0.13916666666666666
0 0.67125 0.07083333333333333 0.10625 0.14166666666666666
0 0.7890625 0.08625 0.101875 0.13583333333333333
0 0.79125 0.18333333333333332 0.1 0.13333333333333333
0 0.8746875 0.19583333333333333 0.109375 0.14666666666666667
0 0.8396875 0.25625 0.115625 0.15416666666666667
0 0.9325 0.2783333333333333 0.10375 0.13833333333333334
0 0.4890625 0.11583333333333333 0.113125 0.15166666666666667