0 0.18 0.39 0.105 0.14
0 0.868125 0.4791666666666667 0.10375 0.13833333333333334
1 0.221875 0.4820833333333333 0.09 0.12083333333333333
0 0.5334375 0.5429166666666667 0.104375 0.13916666666666666
0 0.1934375 0.5554166666666667 0.104375 0.13916666666666666
0 0.49 0.09708333333333333 0.09125 0.1225
0 0.1196875 0.2866666666666667 0.084375 0.11333333333333333
0 0.6871875 0.9266666666666666 0.103125 0.13666666666666666
0 0.6621875 0.83 0.098125 0.13166666666666665
0 0.406875 0.1175 0.09375 0.125
0 0.3628125 0.7375 0.096875 0.12833333333333333
0 0.5665625 0.40541666666666665 0.093125 0.12416666666666666
0 0.3884375 0.9170833333333334 0.083125 0.11083333333333334
0 0.34625 0.48583333333333334 0.09375 0.125
0 0.0546875 0.3408333333333333 0.089375 0.12
0 0.236875 0.6316666666666667 0.08 0.10666666666666667
0 0.885 0.7879166666666667 0.09625 0.12916666666666668
0 0.720625 0.7704166666666666 0.09625 0.1275
0 0.4840625 0.61375 0.098125 0.13083333333333333
0 0.561875 0.17 0.09375 0.125
0 0.330625 0.8933333333333333 0.0825 0.11
0 0.3 0.5166666666666667 0.09 0.12
0 0.6625 0.43666666666666665 0.08625 0.115
0 0.8034375 0.68375 0.093125 0.12416666666666666
0 0.796875 0.4 0.09 0.12
0 0.861875 0.6508333333333334 0.08375 0.11166666666666666
0 0.5296875 0.78625 0.091875 0.1225
0 0.2053125 0.18541666666666667 0.106875 0.1425
0 0.12625 0.43916666666666665 0.085 0.11333333333333333
0 0.4596875 0.82875 0.071875 0.09583333333333334
0 0.6525 0.5329166666666667 0.09375 0.12416666666666666
0 0.4659375 0.75875 0.078125 0.10416666666666667
0 0.6834375 0.2475 0.095625 0.12666666666666668
0 0.4890625 0.44166666666666665 0.095625 0.12833333333333333
1 0.1940625 0.08291666666666667 0.124375 0.16583333333333333
0 0.3565625 0.6470833333333333 0.078125 0.10416666666666667
0 0.820625 0.8266666666666667 0.07625 0.10166666666666667
0 0.475625 0.53 0.1025 0.13666666666666666
0 0.4278125 0.7320833333333333 0.094375 0.12583333333333332
0 0.62 0.21083333333333334 0.08875 0.11833333333333333
0 0.1084375 0.6195833333333334 0.073125 0.0975
0 0.5053125 0.23 0.083125 0.11166666666666666
0 0.635 0.31 0.095 0.12666666666666668
0 0.55125 0.6591666666666667 0.07625 0.10166666666666667
0 0.319375 0.4083333333333333 0.07875 0.105
0 0.7475 0.25333333333333335 0.07 0.09333333333333334
0 0.4428125 0.9358333333333333 0.073125 0.09833333333333333
0 0.4784375 0.36791666666666667 0.086875 0.11583333333333333
0 0.9165625 0.5325 0.078125 0.105
0 0.328125 0.07916666666666666 0.07875 0.105
0 0.6696875 0.7270833333333333 0.070625 0.09416666666666666
0 0.5725 0.24958333333333332 0.08875 0.11916666666666667
0 0.334375 0.5708333333333333 0.0725 0.09666666666666666
1 0.48 0.865 0.08 0.10666666666666667
0 0.866875 0.91 0.06 0.08
0 0.855625 0.855 0.07375 0.09833333333333333
0 0.2565625 0.2991666666666667 0.073125 0.09666666666666666
0 0.4053125 0.4633333333333333 0.080625 0.10666666666666667
0 0.5321875 0.7083333333333334 0.081875 0.11
0 0.885 0.5841666666666666 0.07125 0.095
0 0.21125 0.71 0.0625 0.08333333333333333
0 0.218125 0.24458333333333335 0.09375 0.12416666666666666
0 0.2840625 0.6920833333333334 0.073125 0.0975
0 0.3190625 0.69625 0.081875 0.10916666666666666
0 0.2959375 0.6295833333333334 0.069375 0.0925
0 0.5921875 0.48291666666666666 0.070625 0.09416666666666666
0 0.334375 0.14083333333333334 0.07125 0.095
0 0.26625 0.225 0.07 0.09333333333333334
0 0.1440625 0.11416666666666667 0.075625 0.10166666666666667
0 0.285 0.06416666666666666 0.075 0.1
0 0.735 0.19416666666666665 0.07875 0.105
0 0.6865625 0.32125 0.078125 0.10416666666666667
0 0.7159375 0.3175 0.090625 0.12166666666666667
0 0.7 0.14625 0.07125 0.09416666666666666
0 0.46 0.32125 0.07375 0.09916666666666667
0 0.6746875 0.1825 0.065625 0.08833333333333333
0 0.5378125 0.34041666666666665 0.076875 0.1025
0 0.448125 0.14958333333333335 0.07375 0.09916666666666667