0 0.754375 0.9141666666666667 0.09375 0.125
0 0.6534375 0.16541666666666666 0.098125 0.13083333333333333
0 0.8259375 0.3720833333333333 0.093125 0.12416666666666666
0 0.193125 0.19291666666666665 0.0925 0.12416666666666666
0 0.3353125 0.09416666666666666 0.096875 0.13
0 0.4271875 0.8008333333333333 0.095625 0.12666666666666668
0 0.7071875 0.7075 0.089375 0.12
0 0.2296875 0.10583333333333333 0.115625 0.15333333333333332
0 0.3884375 0.62125 0.096875 0.12916666666666668
0 0.82375 0.66625 0.0925 0.1225
0 0.685625 0.59375 0.10625 0.1425
0 0.705 0.27375 0.0725 0.0975
0 0.866875 0.7008333333333333 0.105 0.14
0 0.409375 0.8854166666666666 0.11 0.1475
0 0.9028125 0.5754166666666667 0.110625 0.1475
1 0.653125 0.70875 0.11375 0.15083333333333335