0 0.4796875 0.535 0.071875 0.10666666666666667
0 0.214375 0.8870833333333333 0.08 0.10416666666666667
0 0.8478125 0.49916666666666665 0.080625 0.10333333333333333
0 0.5659375 0.5770833333333333 0.083125 0.1125
0 0.67125 0.42541666666666667 0.075 0.1175
0 0.55375 0.07333333333333333 0.08125 0.09333333333333334
1 0.6140625 0.7129166666666666 0.094375 0.12416666666666666
0 0.788125 0.16208333333333333 0.0825 0.1125
0 0.4853125 0.15875 0.071875 0.0975
0 0.1725 0.21125 0.08375 0.1125
0 0.6903125 0.17375 0.079375 0.11583333333333333
0 0.7809375 0.66 0.083125 0.10333333333333333
0 0.73875 0.27125 0.0825 0.11083333333333334
0 0.868125 0.07041666666666667 0.09125 0.0925
0 0.325625 0.5633333333333334 0.08125 0.12
0 0.174375 0.575 0.08 0.10166666666666667
0 0.205 0.31708333333333333 0.08625 0.0975
0 0.4753125 0.24375 0.073125 0.10416666666666667
0 0.1725 0.10208333333333333 0.0775 0.10916666666666666
0 0.7403125 0.7641666666666667 0.103125 0.10333333333333333
0 0.376875 0.795 0.07875 0.095
0 0.5965625 0.37375 0.094375 0.09416666666666666
0 0.6125 0.19541666666666666 0.0775 0.12083333333333333
0 0.331875 0.19625 0.11125 0.08916666666666667
0 0.761875 0.3804166666666667 0.06125 0.08083333333333333
0 0.2003125 0.7158333333333333 0.091875 0.09
0 0.2690625 0.49125 0.086875 0.10583333333333333
0 0.2015625 0.6366666666666667 0.093125 0.09666666666666666
0 0.454375 0.6554166666666666 0.06375 0.0975
0 0.8021875 0.7316666666666667 0.090625 0.09333333333333334
0 0.2290625 0.23958333333333334 0.086875 0.09083333333333334