0 0.2084375 0.8066666666666666 0.083125 0.11166666666666666
0 0.4834375 0.8991666666666667 0.096875 0.12833333333333333
0 0.6928125 0.6370833333333333 0.093125 0.12416666666666666
0 0.6571875 0.28041666666666665 0.093125 0.12416666666666666
0 0.3815625 0.41875 0.085625 0.11416666666666667
0 0.408125 0.30625 0.09625 0.12916666666666668
0 0.19375 0.7241666666666666 0.1 0.13333333333333333
0 0.1034375 0.61 0.108125 0.14333333333333334
0 0.313125 0.4058333333333333 0.10375 0.13833333333333334
0 0.1121875 0.7170833333333333 0.103125 0.1375
0 0.6325 0.7758333333333334 0.09 0.12
0 0.7471875 0.4795833333333333 0.089375 0.11916666666666667
0 0.425 0.4891666666666667 0.10125 0.135
0 0.93375 0.5275 0.08625 0.115
0 0.6421875 0.5283333333333333 0.093125 0.125
1 0.9328125 0.255 0.108125 0.145
0 0.3559375 0.92375 0.104375 0.13916666666666666
0 0.4903125 0.5420833333333334 0.094375 0.12583333333333332
0 0.465625 0.16666666666666666 0.09375 0.125
0 0.0746875 0.46958333333333335 0.090625 0.12083333333333333
0 0.38125 0.6275 0.10125 0.135
0 0.2309375 0.40291666666666665 0.086875 0.11583333333333333
0 0.771875 0.11333333333333333 0.085 0.11333333333333333
0 0.14625 0.47583333333333333 0.085 0.11333333333333333
0 0.1315625 0.3904166666666667 0.089375 0.11916666666666667
0 0.6775 0.46208333333333335 0.09 0.12083333333333333
0 0.4715625 0.3408333333333333 0.084375 0.11333333333333333
0 0.5415625 0.10875 0.080625 0.1075
0 0.5715625 0.7941666666666667 0.093125 0.125
0 0.66875 0.9041666666666667 0.09625 0.12833333333333333
0 0.2984375 0.14458333333333334 0.073125 0.0975
0 0.3159375 0.5045833333333334 0.081875 0.10916666666666666
0 0.503125 0.6616666666666666 0.09375 0.125
0 0.6040625 0.59625 0.088125 0.1175
0 0.4896875 0.7345833333333334 0.081875 0.10916666666666666
0 0.5225 0.3720833333333333 0.08375 0.11083333333333334
0 0.8828125 0.3595833333333333 0.099375 0.1325
0 0.264375 0.20666666666666667 0.08125 0.10833333333333334
0 0.7784375 0.17625 0.075625 0.10083333333333333
0 0.2859375 0.91 0.081875 0.11
0 0.684375 0.3854166666666667 0.085 0.1125
0 0.5 0.21875 0.08125 0.1075
0 0.6178125 0.85125 0.083125 0.11083333333333334
0 0.3521875 0.20708333333333334 0.084375 0.1125
0 0.165625 0.4066666666666667 0.08 0.10666666666666667
0 0.275625 0.8358333333333333 0.11 0.14666666666666667
0 0.5496875 0.3179166666666667 0.073125 0.0975
0 0.22 0.485 0.07125 0.095
0 0.5084375 0.62875 0.089375 0.11916666666666667
0 0.5375 0.25666666666666665 0.08375 0.11166666666666666
0 0.5271875 0.76875 0.075625 0.10083333333333333
0 0.9396875 0.3325 0.079375 0.10666666666666667
0 0.2909375 0.7791666666666667 0.076875 0.10166666666666667
0 0.3196875 0.22791666666666666 0.091875 0.1225
0 0.3425 0.8033333333333333 0.08375 0.11166666666666666
0 0.30625 0.2679166666666667 0.0775 0.1025
0 0.356875 0.355 0.06875 0.09166666666666666
0 0.1590625 0.31166666666666665 0.075625 0.1