0 0.6115625 0.08458333333333333 0.105625 0.14083333333333334
0 0.468125 0.28875 0.08875 0.1175
0 0.725625 0.53125 0.08625 0.11416666666666667
0 0.1203125 0.7695833333333333 0.086875 0.11583333333333333
0 0.3759375 0.4170833333333333 0.103125 0.1375
0 0.1803125 0.35208333333333336 0.105625 0.14083333333333334
0 0.141875 0.49375 0.10375 0.1375
0 0.6878125 0.6933333333333334 0.091875 0.12333333333333334
0 0.888125 0.19041666666666668 0.1025 0.1375
0 0.0559375 0.645 0.090625 0.12
0 0.6784375 0.38625 0.105625 0.14083333333333334
0 0.3509375 0.56875 0.095625 0.1275
0 0.7871875 0.4429166666666667 0.094375 0.12583333333333332
0 0.6115625 0.39458333333333334 0.095625 0.1275
0 0.713125 0.24041666666666667 0.09875 0.1325
0 0.1821875 0.72375 0.099375 0.1325
0 0.0721875 0.75125 0.093125 0.12416666666666666
0 0.4265625 0.155 0.078125 0.10333333333333333
0 0.5915625 0.5204166666666666 0.104375 0.13916666666666666
0 0.4390625 0.80625 0.091875 0.1225
0 0.6653125 0.88375 0.098125 0.13083333333333333
0 0.810625 0.375 0.08625 0.115
0 0.484375 0.20541666666666666 0.08875 0.11916666666666667
0 0.194375 0.6366666666666667 0.0925 0.12333333333333334
0 0.3546875 0.50625 0.103125 0.1375
0 0.276875 0.47708333333333336 0.0925 0.1225
0 0.9384375 0.5741666666666667 0.106875 0.14333333333333334
0 0.706875 0.6175 0.09375 0.125
0 0.7484375 0.37833333333333335 0.085625 0.115
1 0.195625 0.5679166666666666 0.12375 0.16416666666666666