0 0.32625 0.6 0.10375 0.13833333333333334
0 0.223125 0.37583333333333335 0.1075 0.14333333333333334
0 0.266875 0.66 0.10375 0.13833333333333334
0 0.6021875 0.33458333333333334 0.109375 0.14583333333333334
0 0.8575 0.18583333333333332 0.11125 0.14833333333333334
0 0.1396875 0.6970833333333334 0.099375 0.1325
0 0.7321875 0.24125 0.088125 0.1175
0 0.8796875 0.46125 0.100625 0.13416666666666666
0 0.7803125 0.5245833333333333 0.101875 0.13583333333333333
0 0.5465625 0.13041666666666665 0.109375 0.14583333333333334
0 0.110625 0.49583333333333335 0.10875 0.145
0 0.683125 0.10083333333333333 0.0925 0.12333333333333334
0 0.5978125 0.57875 0.106875 0.1425
0 0.91375 0.20166666666666666 0.10125 0.135
0 0.723125 0.6058333333333333 0.1125 0.15
0 0.3165625 0.17291666666666666 0.108125 0.14416666666666667
0 0.3296875 0.7575 0.118125 0.15666666666666668
0 0.200625 0.6279166666666667 0.10375 0.13916666666666666
0 0.8496875 0.54875 0.101875 0.13583333333333333
0 0.5128125 0.5429166666666667 0.106875 0.1425
0 0.7190625 0.14375 0.106875 0.1425
0 0.4721875 0.27416666666666667 0.110625 0.14833333333333334
0 0.4075 0.655 0.11 0.14666666666666667
0 0.6453125 0.44625 0.104375 0.13916666666666666
0 0.704375 0.48 0.11 0.14666666666666667
0 0.2478125 0.7370833333333333 0.111875 0.14916666666666667
0 0.9396875 0.35333333333333333 0.106875 0.14166666666666666
0 0.37 0.39916666666666667 0.10375 0.13833333333333334
0 0.6453125 0.15708333333333332 0.104375 0.13916666666666666
0 0.4475 0.5108333333333334 0.11125 0.14833333333333334
0 0.1771875 0.5379166666666667 0.098125 0.13083333333333333
0 0.71 0.41333333333333333 0.11125 0.14833333333333334
0 0.9246875 0.5095833333333334 0.109375 0.14583333333333334
0 0.6721875 0.7125 0.108125 0.14333333333333334
0 0.7990625 0.37125 0.098125 0.13083333333333333
0 0.411875 0.2841666666666667 0.1025 0.13666666666666666
0 0.1715625 0.8804166666666666 0.095625 0.1275
0 0.5890625 0.4870833333333333 0.099375 0.1325
0 0.1090625 0.7829166666666667 0.101875 0.13583333333333333
0 0.1465625 0.8679166666666667 0.095625 0.1275
0 0.399375 0.3591666666666667 0.09875 0.13166666666666665
0 0.2171875 0.5220833333333333 0.091875 0.1225
0 0.0909375 0.8004166666666667 0.108125 0.14416666666666667
0 0.5878125 0.8470833333333333 0.094375 0.12583333333333332
0 0.3609375 0.3020833333333333 0.083125 0.11083333333333334
0 0.6684375 0.8295833333333333 0.099375 0.1325