0 0.294375 0.5108333333333334 0.11125 0.14833333333333334
0 0.838125 0.10833333333333334 0.1025 0.13666666666666666
0 0.714375 0.8554166666666667 0.09625 0.1275
0 0.9153125 0.28125 0.115625 0.15416666666666667
0 0.585 0.39791666666666664 0.09875 0.1325
0 0.0890625 0.5054166666666666 0.106875 0.1425
0 0.8025 0.3983333333333333 0.10625 0.14166666666666666
0 0.231875 0.3779166666666667 0.10875 0.14583333333333334
0 0.5946875 0.23166666666666666 0.104375 0.13833333333333334
0 0.6140625 0.5754166666666667 0.088125 0.1175
0 0.148125 0.7216666666666667 0.10375 0.13833333333333334
0 0.304375 0.6358333333333334 0.10125 0.135
0 0.7015625 0.6829166666666666 0.095625 0.1275
0 0.4440625 0.5908333333333333 0.118125 0.15666666666666668
0 0.29625 0.3125 0.1125 0.15
0 0.6409375 0.87625 0.108125 0.14416666666666667
0 0.9440625 0.5191666666666667 0.103125 0.13833333333333334
0 0.543125 0.86625 0.10375 0.1375
0 0.3696875 0.46208333333333335 0.111875 0.14916666666666667
0 0.3840625 0.6729166666666667 0.096875 0.12916666666666668
0 0.2371875 0.5716666666666667 0.109375 0.14666666666666667
0 0.6159375 0.15583333333333332 0.100625 0.13333333333333333
0 0.7340625 0.25708333333333333 0.099375 0.1325
0 0.60125 0.07583333333333334 0.1025 0.13666666666666666
0 0.4315625 0.7454166666666666 0.113125 0.15083333333333335
0 0.559375 0.74375 0.1075 0.14416666666666667
0 0.170625 0.8158333333333333 0.10125 0.135
0 0.3996875 0.21125 0.100625 0.13416666666666666
0 0.1890625 0.4425 0.105625 0.14
0 0.533125 0.54 0.095 0.12666666666666668
0 0.225 0.7525 0.11 0.14666666666666667
0 0.46625 0.5320833333333334 0.08875 0.11916666666666667
0 0.244375 0.875 0.1075 0.14333333333333334
0 0.684375 0.7654166666666666 0.09875 0.1325
0 0.5075 0.38333333333333336 0.09625 0.12833333333333333
0 0.4646875 0.6266666666666667 0.108125 0.145
0 0.8253125 0.59625 0.104375 0.13916666666666666
0 0.4353125 0.23375 0.095625 0.1275
0 0.166875 0.41375 0.11125 0.14916666666666667
0 0.7996875 0.6083333333333333 0.106875 0.14166666666666666