0 0.715625 0.40291666666666665 0.0925 0.12416666666666666
0 0.7496875 0.10833333333333334 0.094375 0.125
0 0.449375 0.07625 0.09125 0.1225
0 0.5359375 0.21375 0.095625 0.1275
0 0.203125 0.3308333333333333 0.09125 0.12166666666666667
0 0.3428125 0.7695833333333333 0.084375 0.1125
0 0.5965625 0.8579166666666667 0.088125 0.1175
0 0.584375 0.12833333333333333 0.09 0.12
0 0.375625 0.13416666666666666 0.09375 0.125
0 0.111875 0.7570833333333333 0.08 0.1075
0 0.19125 0.9304166666666667 0.09125 0.12083333333333333
0 0.2375 0.8225 0.09 0.12
0 0.649375 0.4225 0.08375 0.11166666666666666
0 0.8209375 0.10208333333333333 0.091875 0.1225
0 0.680625 0.2125 0.0875 0.11666666666666667
0 0.2696875 0.5195833333333333 0.083125 0.11083333333333334
0 0.83125 0.6841666666666667 0.08875 0.11833333333333333
0 0.2803125 0.74625 0.085625 0.11416666666666667
0 0.823125 0.1975 0.095 0.12666666666666668
0 0.563125 0.5408333333333334 0.09 0.12
0 0.866875 0.5079166666666667 0.09 0.12083333333333333
0 0.5853125 0.6145833333333334 0.089375 0.11916666666666667
0 0.3134375 0.18208333333333335 0.094375 0.12583333333333332
0 0.4925 0.27166666666666667 0.0925 0.12333333333333334
0 0.495 0.7183333333333334 0.09375 0.125
0 0.3296875 0.35291666666666666 0.088125 0.1175
0 0.761875 0.21208333333333335 0.105 0.14083333333333334
0 0.5090625 0.13208333333333333 0.093125 0.12416666666666666
0 0.603125 0.2604166666666667 0.0825 0.10916666666666666
0 0.390625 0.9383333333333334 0.08625 0.115
0 0.6753125 0.5970833333333333 0.086875 0.11583333333333333
0 0.8375 0.36291666666666667 0.08375 0.1125
0 0.5559375 0.7708333333333334 0.095625 0.12666666666666668
0 0.4059375 0.7758333333333334 0.089375 0.12
0 0.3196875 0.68375 0.085625 0.11416666666666667
0 0.4284375 0.6829166666666666 0.083125 0.11083333333333334
0 0.706875 0.7808333333333334 0.10125 0.135
0 0.8903125 0.31375 0.080625 0.1075
0 0.5359375 0.4475 0.085625 0.11333333333333333
0 0.333125 0.5354166666666667 0.09 0.11916666666666667
0 0.354375 0.26458333333333334 0.08625 0.11583333333333333
0 0.4909375 0.80375 0.084375 0.1125
0 0.55875 0.6991666666666667 0.09375 0.125
0 0.5921875 0.35 0.084375 0.11333333333333333
0 0.7878125 0.4170833333333333 0.081875 0.10916666666666666
0 0.804375 0.5691666666666667 0.09125 0.12166666666666667
0 0.5871875 0.48791666666666667 0.093125 0.12416666666666666
0 0.365 0.4220833333333333 0.095 0.12583333333333332
0 0.913125 0.43 0.08625 0.115
0 0.1934375 0.46416666666666667 0.078125 0.105
0 0.680625 0.49166666666666664 0.10625 0.14166666666666666
0 0.4703125 0.18583333333333332 0.096875 0.13
0 0.20875 0.74625 0.0975 0.13083333333333333
0 0.1240625 0.5604166666666667 0.086875 0.11583333333333333
0 0.6703125 0.8754166666666666 0.095625 0.1275
0 0.3190625 0.8754166666666666 0.111875 0.14916666666666667
0 0.6559375 0.11833333333333333 0.096875 0.13
0 0.4484375 0.6004166666666667 0.090625 0.12083333333333333
0 0.8953125 0.61 0.086875 0.115
0 0.4640625 0.47375 0.081875 0.10916666666666666
0 0.5015625 0.5516666666666666 0.088125 0.11833333333333333
0 0.6390625 0.5670833333333334 0.089375 0.11916666666666667
0 0.2471875 0.6591666666666667 0.083125 0.11166666666666666
0 0.4178125 0.3925 0.091875 0.12333333333333334
0 0.774375 0.345 0.09875 0.13166666666666665
0 0.3921875 0.49875 0.091875 0.1225
0 0.0978125 0.66875 0.085625 0.11416666666666667
0 0.1384375 0.8516666666666667 0.085625 0.11333333333333333
0 0.7784375 0.72875 0.080625 0.1075
0 0.20875 0.57875 0.08125 0.10916666666666666
0 0.508125 0.59625 0.0925 0.12416666666666666
0 0.8953125 0.2 0.090625 0.12
0 0.74375 0.6145833333333334 0.10625 0.14083333333333334
0 0.0603125 0.5175 0.098125 0.13166666666666665
0 0.798125 0.29083333333333333 0.09375 0.125
0 0.2584375 0.4529166666666667 0.091875 0.1225
0 0.3759375 0.69625 0.094375 0.12583333333333332
0 0.2596875 0.9058333333333334 0.101875 0.135
0 0.669375 0.83125 0.105 0.13916666666666666
0 0.7134375 0.49541666666666667 0.094375 0.12583333333333332
0 0.25125 0.2725 0.09875 0.13166666666666665
0 0.7146875 0.6666666666666666 0.093125 0.12333333333333334
0 0.83125 0.5941666666666666 0.0925 0.12333333333333334
0 0.0653125 0.4325 0.094375 0.12666666666666668
0 0.0965625 0.5379166666666667 0.086875 0.11583333333333333
0 0.6421875 0.7404166666666666 0.085625 0.11416666666666667
0 0.27375 0.21791666666666668 0.09625 0.1275
0 0.0425 0.7241666666666666 0.07125 0.095
0 0.2303125 0.23208333333333334 0.103125 0.1375
0 0.4284375 0.7879166666666667 0.073125 0.0975
0 0.17 0.49 0.08875 0.11833333333333333
0 0.2534375 0.40125 0.089375 0.11916666666666667
0 0.1078125 0.6295833333333334 0.088125 0.1175
0 0.1778125 0.77125 0.091875 0.1225
0 0.161875 0.8541666666666666 0.0825 0.11
0 0.2903125 0.8945833333333333 0.081875 0.10916666666666666
0 0.3690625 0.6454166666666666 0.061875 0.0825
0 0.16625 0.5825 0.08625 0.115
0 0.51 0.9320833333333334 0.08625 0.11416666666666667
0 0.500625 0.8291666666666667 0.0825 0.11
0 0.386875 0.26666666666666666 0.08125 0.10833333333333334
0 0.396875 0.35083333333333333 0.08 0.10666666666666667
0 0.374375 0.53125 0.09 0.11916666666666667
0 0.26875 0.6358333333333334 0.0825 0.11
0 0.2653125 0.54375 0.083125 0.11083333333333334
0 0.754375 0.6770833333333334 0.0925 0.1225
0 0.771875 0.7633333333333333 0.08375 0.11166666666666666
0 0.6171875 0.35208333333333336 0.079375 0.10583333333333333
0 0.473125 0.435 0.085 0.11333333333333333
0 0.438125 0.5595833333333333 0.0875 0.1175
0 0.5375 0.4170833333333333 0.0825 0.10916666666666666
0 0.605625 0.48 0.09375 0.125
0 0.6571875 0.07958333333333334 0.088125 0.1175
0 0.4496875 0.15333333333333332 0.089375 0.11833333333333333
0 0.8946875 0.15708333333333332 0.074375 0.09916666666666667
0 0.855625 0.61625 0.08 0.10583333333333333
0 0.935 0.41208333333333336 0.08125 0.1075
0 0.89375 0.28791666666666665 0.085 0.11416666666666667
0 0.8046875 0.4429166666666667 0.085625 0.11416666666666667
0 0.761875 0.3125 0.0925 0.12333333333333334
0 0.1928125 0.56625 0.079375 0.10583333333333333
0 0.2871875 0.43666666666666665 0.084375 0.11333333333333333
0 0.6128125 0.68375 0.085625 0.11416666666666667
0 0.6184375 0.7491666666666666 0.080625 0.10833333333333334
0 0.6721875 0.70375 0.081875 0.10916666666666666
0 0.4771875 0.68875 0.080625 0.1075