0 0.1746875 0.8783333333333333 0.066875 0.08666666666666667
0 0.183125 0.44 0.0625 0.09333333333333334
0 0.9340625 0.21083333333333334 0.063125 0.08166666666666667
0 0.426875 0.31375 0.0625 0.09083333333333334
0 0.500625 0.3525 0.05 0.07
0 0.6553125 0.2675 0.068125 0.09
0 0.890625 0.155 0.06 0.09
0 0.6603125 0.37416666666666665 0.060625 0.08333333333333333
0 0.3234375 0.40458333333333335 0.063125 0.08416666666666667
0 0.533125 0.5129166666666667 0.06625 0.0725
0 0.8040625 0.2808333333333333 0.063125 0.085
0 0.76625 0.3725 0.0525 0.08333333333333333
0 0.923125 0.5858333333333333 0.0625 0.09166666666666666
0 0.193125 0.23958333333333334 0.06125 0.0875
0 0.28875 0.1275 0.07 0.11333333333333333
0 0.718125 0.8166666666666667 0.05875 0.08166666666666667
0 0.6178125 0.45166666666666666 0.059375 0.09
0 0.585625 0.3616666666666667 0.06625 0.09
0 0.4159375 0.7383333333333333 0.058125 0.07666666666666666
0 0.4125 0.6479166666666667 0.06625 0.07416666666666667
0 0.7040625 0.7420833333333333 0.076875 0.09916666666666667
0 0.2525 0.55125 0.06375 0.07916666666666666
0 0.85 0.47583333333333333 0.06125 0.08666666666666667
0 0.913125 0.4275 0.0625 0.085
0 0.8390625 0.05875 0.065625 0.08916666666666667
0 0.38875 0.9508333333333333 0.0675 0.09333333333333334
0 0.5946875 0.645 0.065625 0.08
0 0.7140625 0.3020833333333333 0.059375 0.08583333333333333
0 0.3884375 0.18916666666666668 0.061875 0.08666666666666667
0 0.2940625 0.24041666666666667 0.064375 0.08916666666666667
0 0.2509375 0.85125 0.069375 0.07583333333333334
0 0.9509375 0.8445833333333334 0.061875 0.0875
0 0.78625 0.8329166666666666 0.06375 0.0875
0 0.13 0.8025 0.0675 0.08
0 0.31375 0.6358333333333334 0.0675 0.1
0 0.489375 0.2375 0.06125 0.09333333333333334
0 0.150625 0.30666666666666664 0.05875 0.07833333333333334
0 0.8571875 0.83 0.058125 0.07833333333333334
0 0.24 0.3204166666666667 0.0725 0.07416666666666667
0 0.2309375 0.945 0.064375 0.09166666666666666
0 0.4546875 0.7920833333333334 0.061875 0.07583333333333334
0 0.5165625 0.44416666666666665 0.075625 0.08333333333333333
0 0.7840625 0.6604166666666667 0.064375 0.0875
0 0.794375 0.14666666666666667 0.05875 0.07833333333333334
0 0.64375 0.7991666666666667 0.065 0.09
0 0.39 0.06 0.06 0.08666666666666667
0 0.1425 0.37958333333333333 0.06875 0.07416666666666667
0 0.2003125 0.7520833333333333 0.071875 0.0825
0 0.5225 0.76375 0.06 0.0775
0 0.3640625 0.8170833333333334 0.069375 0.07916666666666666
0 0.4615625 0.5783333333333334 0.068125 0.09666666666666666
0 0.0634375 0.20291666666666666 0.066875 0.0875
0 0.3646875 0.30583333333333335 0.053125 0.10666666666666667
0 0.320625 0.93 0.06 0.095
0 0.280625 0.4683333333333333 0.065 0.07
0 0.136875 0.5016666666666667 0.06 0.08166666666666667
0 0.7415625 0.20458333333333334 0.065625 0.0875
0 0.2071875 0.6229166666666667 0.064375 0.0775
0 0.7121875 0.41875 0.058125 0.0775
0 0.92875 0.9420833333333334 0.05625 0.09416666666666666
0 0.603125 0.54875 0.05375 0.07416666666666667
0 0.20375 0.7179166666666666 0.0575 0.07416666666666667
0 0.66875 0.18375 0.06 0.0725
0 0.2584375 0.3779166666666667 0.060625 0.07916666666666666
0 0.0715625 0.4216666666666667 0.060625 0.06833333333333333
0 0.075 0.8154166666666667 0.06375 0.08916666666666667
0 0.3225 0.8775 0.05875 0.08833333333333333
0 0.508125 0.8854166666666666 0.07125 0.07916666666666666
0 0.4328125 0.4925 0.063125 0.09166666666666666
0 0.5575 0.8954166666666666 0.07 0.07083333333333333
0 0.3025 0.7691666666666667 0.0625 0.09333333333333334
0 0.54875 0.6125 0.06625 0.08
0 0.7709375 0.9508333333333333 0.068125 0.09666666666666666
0 0.9390625 0.38208333333333333 0.065625 0.07916666666666666
0 0.4396875 0.9020833333333333 0.059375 0.10583333333333333
0 0.346875 0.4925 0.0525 0.07333333333333333
0 0.8784375 0.24958333333333332 0.060625 0.0825
0 0.5915625 0.16166666666666665 0.069375 0.1
0 0.29875 0.7079166666666666 0.06125 0.0875
0 0.608125 0.06625 0.05625 0.07416666666666667
0 0.0384375 0.325 0.058125 0.09166666666666666
0 0.1396875 0.07875 0.074375 0.0975
0 0.489375 0.06 0.06125 0.065
0 0.8215625 0.185 0.066875 0.09
0 0.548125 0.13916666666666666 0.07625 0.12166666666666667
0 0.201875 0.1425 0.06875 0.08166666666666667
0 0.8784375 0.04708333333333333 0.065625 0.0925
0 0.9278125 0.7954166666666667 0.065625 0.07583333333333334
0 0.8628125 0.92 0.061875 0.06666666666666667
0 0.8309375 0.6183333333333333 0.054375 0.08
0 0.12875 0.645 0.0525 0.08
0 0.7075 0.5433333333333333 0.06125 0.08166666666666667
0 0.4484375 0.13958333333333334 0.055625 0.0675
0 0.4659375 0.5391666666666667 0.051875 0.075
0 0.8275 0.5679166666666666 0.05875 0.0775
0 0.0671875 0.7925 0.041875 0.07833333333333334
0 0.9003125 0.53375 0.044375 0.10083333333333333
0 0.5615625 0.10458333333333333 0.054375 0.07083333333333333
0 0.5153125 0.03875 0.058125 0.0725
0 0.2171875 0.10833333333333334 0.056875 0.09333333333333334
0 0.3546875 0.2775 0.039375 0.095
0 0.3753125 0.15333333333333332 0.058125 0.065
0 0.235 0.35625 0.06 0.0825
0 0.224375 0.7079166666666666 0.06375 0.06916666666666667
0 0.2525 0.8866666666666667 0.05125 0.09166666666666666
0 0.4684375 0.8791666666666667 0.064375 0.08
0 0.395625 0.7325 0.05875 0.07333333333333333
0 0.554375 0.7654166666666666 0.06375 0.07416666666666667
0 0.594375 0.8591666666666666 0.05625 0.06666666666666667
0 0.618125 0.8408333333333333 0.0575 0.08333333333333333
0 0.6221875 0.7516666666666667 0.054375 0.09166666666666666
0 0.789375 0.7958333333333333 0.055 0.08
0 0.95875 0.6941666666666667 0.06375 0.07666666666666666
0 0.95 0.7583333333333333 0.08125 0.07833333333333334
0 0.875625 0.95625 0.05 0.07416666666666667
0 0.7728125 0.68875 0.046875 0.07916666666666666
0 0.9271875 0.35541666666666666 0.049375 0.07916666666666666
0 0.9025 0.27625 0.04875 0.059166666666666666
0 0.975 0.6845833333333333 0.04875 0.0725
0 0.81 0.5895833333333333 0.0525 0.07916666666666666
0 0.769375 0.13916666666666666 0.05375 0.09
0 0.7021875 0.11166666666666666 0.040625 0.08333333333333333
0 0.71375 0.16083333333333333 0.04875 0.11
0 0.6278125 0.19625 0.071875 0.0825
0 0.6865625 0.54125 0.051875 0.0825
0 0.70125 0.57625 0.05875 0.09083333333333334
0 0.519375 0.6333333333333333 0.055 0.08833333333333333
0 0.5384375 0.5966666666666667 0.061875 0.08166666666666667
0 0.6015625 0.5104166666666666 0.054375 0.08916666666666667
0 0.5465625 0.4345833333333333 0.061875 0.08583333333333333
0 0.49 0.33916666666666667 0.0575 0.07333333333333333
0 0.6525 0.16208333333333333 0.0625 0.08916666666666667
0 0.0521875 0.17833333333333334 0.053125 0.08333333333333333
0 0.113125 0.6858333333333333 0.0525 0.08666666666666667
0 0.12625 0.66875 0.06875 0.0675
0 0.23 0.6383333333333333 0.0675 0.058333333333333334
0 0.19375 0.5983333333333334 0.0575 0.075
0 0.319375 0.5570833333333334 0.05375 0.049166666666666664
0 0.366875 0.48375 0.055 0.0775
0 0.339375 0.8295833333333333 0.0575 0.09083333333333334
0 0.3653125 0.5133333333333333 0.060625 0.08
0 0.453125 0.4866666666666667 0.0625 0.08333333333333333
0 0.0746875 0.47541666666666665 0.055625 0.09583333333333334
0 0.0859375 0.4270833333333333 0.078125 0.10083333333333333
0 0.5925 0.7316666666666667 0.06 0.07
0 0.8571875 0.9420833333333334 0.078125 0.07583333333333334
0 0.2515625 0.43416666666666665 0.055625 0.08166666666666667
0 0.463125 0.12708333333333333 0.0625 0.08416666666666667