0 0.3878125 0.11958333333333333 0.073125 0.09416666666666666
0 0.7725 0.3329166666666667 0.075 0.10416666666666667
0 0.2884375 0.89875 0.073125 0.10083333333333333
0 0.5415625 0.5129166666666667 0.069375 0.09083333333333334
0 0.37375 0.8941666666666667 0.06875 0.09
0 0.595625 0.6275 0.07375 0.1
0 0.5809375 0.9408333333333333 0.079375 0.085
0 0.2315625 0.45916666666666667 0.066875 0.08833333333333333
0 0.74 0.89125 0.07875 0.0825
0 0.4703125 0.30875 0.068125 0.08416666666666667
0 0.6559375 0.8475 0.069375 0.09166666666666666
0 0.6378125 0.11625 0.076875 0.08583333333333333
0 0.49625 0.7179166666666666 0.0725 0.10583333333333333
0 0.5278125 0.255 0.073125 0.11166666666666666
0 0.4484375 0.23083333333333333 0.079375 0.08166666666666667
0 0.61375 0.5125 0.0775 0.1
0 0.6534375 0.27458333333333335 0.083125 0.1075
0 0.49 0.12208333333333334 0.0825 0.1175
0 0.183125 0.3725 0.07125 0.105
0 0.72625 0.06833333333333333 0.0825 0.11
0 0.333125 0.8004166666666667 0.07875 0.1025