0 0.40625 0.37083333333333335 0.09625 0.12833333333333333
0 0.365625 0.28375 0.1075 0.1425
0 0.3175 0.16916666666666666 0.10875 0.145
0 0.235 0.29833333333333334 0.11625 0.155
0 0.495625 0.11958333333333333 0.09625 0.1275
0 0.52875 0.27375 0.1125 0.15083333333333335
0 0.568125 0.37916666666666665 0.09625 0.12833333333333333
0 0.679375 0.39458333333333334 0.09875 0.13083333333333333
0 0.7759375 0.3545833333333333 0.115625 0.15416666666666667
0 0.621875 0.6779166666666666 0.12125 0.1625
0 0.6853125 0.7545833333333334 0.104375 0.13916666666666666
0 0.6359375 0.86625 0.111875 0.14916666666666667
0 0.538125 0.8020833333333334 0.1075 0.14416666666666667
0 0.4975 0.6658333333333334 0.11 0.14666666666666667
0 0.4103125 0.6279166666666667 0.099375 0.1325
0 0.33625 0.60625 0.1075 0.14416666666666667
0 0.229375 0.6125 0.1 0.13333333333333333
0 0.06 0.5008333333333334 0.11125 0.14833333333333334
0 0.3653125 0.745 0.109375 0.14666666666666667
0 0.591875 0.13708333333333333 0.09625 0.1275
0 0.72 0.18333333333333332 0.105 0.14
0 0.93125 0.70375 0.10125 0.13583333333333333
0 0.758125 0.46 0.115 0.15333333333333332
0 0.82875 0.5091666666666667 0.10625 0.14166666666666666
0 0.898125 0.4275 0.10875 0.145
0 0.7321875 0.8929166666666667 0.101875 0.13583333333333333
0 0.059375 0.2679166666666667 0.09625 0.1275
0 0.4334375 0.775 0.095625 0.12666666666666668
0 0.4540625 0.8770833333333333 0.113125 0.15083333333333335
0 0.3640625 0.9054166666666666 0.101875 0.13583333333333333
0 0.3196875 0.7966666666666666 0.106875 0.14333333333333334
0 0.89375 0.8520833333333333 0.10625 0.14083333333333334
0 0.8896875 0.53375 0.094375 0.12583333333333332