0 0.645 0.2783333333333333 0.11125 0.14833333333333334
0 0.640625 0.10875 0.10875 0.14416666666666667
0 0.7359375 0.46958333333333335 0.123125 0.16416666666666666
0 0.5990625 0.6245833333333334 0.106875 0.1425
0 0.5284375 0.5320833333333334 0.106875 0.1425
0 0.4775 0.39708333333333334 0.10875 0.14583333333333334
0 0.5140625 0.29375 0.094375 0.12583333333333332
0 0.5046875 0.21666666666666667 0.108125 0.145
0 0.9303125 0.24916666666666668 0.101875 0.13666666666666666
0 0.8621875 0.6070833333333333 0.111875 0.14916666666666667
0 0.946875 0.42291666666666666 0.09625 0.1275
0 0.316875 0.8058333333333333 0.11 0.14666666666666667
0 0.3390625 0.9141666666666667 0.101875 0.13666666666666666
0 0.398125 0.86625 0.1 0.1325
0 0.496875 0.9341666666666667 0.0975 0.13
0 0.5715625 0.9145833333333333 0.100625 0.13416666666666666
0 0.55 0.08 0.10625 0.14166666666666666
0 0.3646875 0.4895833333333333 0.099375 0.1325
0 0.2546875 0.46166666666666667 0.101875 0.13666666666666666
0 0.2296875 0.41625 0.088125 0.1175
0 0.1590625 0.3825 0.105625 0.14166666666666666
0 0.07625 0.43583333333333335 0.09625 0.12833333333333333
0 0.3121875 0.42875 0.100625 0.13416666666666666
0 0.2765625 0.34708333333333335 0.088125 0.1175
0 0.4403125 0.725 0.108125 0.14333333333333334
0 0.5703125 0.79375 0.096875 0.12916666666666668
0 0.524375 0.77 0.08875 0.11833333333333333
0 0.44625 0.8054166666666667 0.1 0.13416666666666666
0 0.4890625 0.7870833333333334 0.100625 0.13416666666666666
0 0.7603125 0.16541666666666666 0.104375 0.13916666666666666
0 0.771875 0.13875 0.115 0.1525