1 0.5525 0.8075 0.11125 0.14833333333333334
0 0.410625 0.4166666666666667 0.11 0.14666666666666667
0 0.5909375 0.4666666666666667 0.099375 0.13166666666666665
0 0.5865625 0.15333333333333332 0.106875 0.14166666666666666
0 0.2609375 0.5895833333333333 0.115625 0.15416666666666667
0 0.3403125 0.20375 0.108125 0.14416666666666667
0 0.4640625 0.6995833333333333 0.105625 0.14083333333333334
0 0.2784375 0.82875 0.104375 0.13916666666666666
0 0.790625 0.8845833333333334 0.11 0.14583333333333334
0 0.5146875 0.7095833333333333 0.101875 0.13583333333333333
0 0.72 0.685 0.1025 0.13666666666666666
0 0.111875 0.43291666666666667 0.1225 0.1625
0 0.41375 0.3225 0.11375 0.15166666666666667
0 0.6159375 0.365 0.108125 0.14333333333333334
0 0.3596875 0.52375 0.096875 0.12916666666666668
0 0.494375 0.28958333333333336 0.1 0.13416666666666666
0 0.479375 0.5958333333333333 0.1125 0.15
0 0.2103125 0.34208333333333335 0.111875 0.14916666666666667
0 0.7440625 0.21625 0.109375 0.14583333333333334
0 0.5190625 0.905 0.095625 0.12833333333333333
0 0.7459375 0.2783333333333333 0.111875 0.14833333333333334
0 0.3990625 0.7720833333333333 0.105625 0.14083333333333334
0 0.185625 0.25875 0.105 0.14083333333333334
0 0.3309375 0.32208333333333333 0.104375 0.13916666666666666
0 0.865625 0.8108333333333333 0.11 0.14666666666666667
0 0.8121875 0.41583333333333333 0.114375 0.15333333333333332
0 0.92 0.4166666666666667 0.0925 0.12333333333333334
0 0.2565625 0.09875 0.089375 0.11916666666666667
0 0.430625 0.8708333333333333 0.09875 0.13166666666666665
0 0.2871875 0.41291666666666665 0.109375 0.14583333333333334
0 0.53125 0.21708333333333332 0.11 0.14583333333333334
0 0.61875 0.6870833333333334 0.11 0.1475