1 0.74875 0.3595833333333333 0.1025 0.13583333333333333
0 0.76125 0.215 0.08125 0.10833333333333334
0 0.598125 0.5666666666666667 0.1 0.13333333333333333
0 0.4778125 0.49541666666666667 0.106875 0.1425
0 0.704375 0.2941666666666667 0.08625 0.115
0 0.569375 0.15708333333333332 0.08125 0.1075
0 0.1815625 0.7166666666666667 0.081875 0.11
0 0.37 0.7666666666666667 0.08 0.10666666666666667
0 0.7875 0.7070833333333333 0.10625 0.14083333333333334
0 0.43375 0.6391666666666667 0.1025 0.13666666666666666
0 0.231875 0.9316666666666666 0.0775 0.10333333333333333
0 0.4434375 0.24125 0.080625 0.1075
0 0.71375 0.5058333333333334 0.09125 0.12166666666666667
0 0.210625 0.8483333333333334 0.08125 0.10833333333333334
1 0.8871875 0.28583333333333333 0.106875 0.14333333333333334
0 0.5625 0.88625 0.0925 0.12416666666666666
0 0.1659375 0.8054166666666667 0.095625 0.1275
0 0.2596875 0.23833333333333334 0.080625 0.10833333333333334
0 0.2771875 0.21208333333333335 0.091875 0.1225
0 0.3090625 0.535 0.089375 0.12
0 0.1484375 0.35291666666666666 0.096875 0.12916666666666668
0 0.6675 0.3275 0.085 0.11333333333333333
0 0.1903125 0.5654166666666667 0.098125 0.13083333333333333
0 0.47375 0.7708333333333334 0.08 0.10666666666666667
0 0.3140625 0.11541666666666667 0.096875 0.12916666666666668
0 0.4715625 0.6770833333333334 0.084375 0.1125
0 0.193125 0.39916666666666667 0.08125 0.10833333333333334
0 0.348125 0.47583333333333333 0.085 0.11333333333333333
0 0.828125 0.4975 0.085 0.11333333333333333
0 0.586875 0.7383333333333333 0.08625 0.115
0 0.3825 0.32375 0.09 0.11916666666666667
0 0.8796875 0.48125 0.083125 0.11083333333333334
0 0.1015625 0.415 0.090625 0.12
0 0.8909375 0.21625 0.093125 0.12416666666666666
0 0.7334375 0.7304166666666667 0.078125 0.10416666666666667
0 0.493125 0.20333333333333334 0.08 0.10666666666666667
0 0.455 0.36291666666666667 0.09125 0.12083333333333333
0 0.8615625 0.40958333333333335 0.084375 0.1125
0 0.5375 0.6075 0.07625 0.10166666666666667
0 0.60125 0.9166666666666666 0.08125 0.10833333333333334
0 0.7446875 0.42541666666666667 0.105625 0.14083333333333334
0 0.071875 0.7908333333333334 0.07875 0.105
0 0.3971875 0.6883333333333334 0.071875 0.095
0 0.624375 0.22291666666666668 0.08625 0.11583333333333333
0 0.49375 0.11666666666666667 0.07375 0.09833333333333333
0 0.418125 0.54875 0.0825 0.10916666666666666
0 0.644375 0.8366666666666667 0.08 0.10666666666666667
0 0.2315625 0.755 0.096875 0.12833333333333333
0 0.65875 0.615 0.095 0.12666666666666668
0 0.3934375 0.29541666666666666 0.091875 0.1225
0 0.53125 0.49333333333333335 0.09 0.12
0 0.346875 0.36666666666666664 0.065 0.08666666666666667
0 0.3225 0.24666666666666667 0.085 0.11333333333333333
0 0.6271875 0.07958333333333334 0.074375 0.09916666666666667
0 0.6715625 0.08708333333333333 0.079375 0.10583333333333333
0 0.3178125 0.8758333333333334 0.080625 0.10833333333333334
0 0.6590625 0.6933333333333334 0.088125 0.11666666666666667
0 0.5103125 0.73 0.068125 0.09166666666666666
0 0.524375 0.6708333333333333 0.0725 0.09666666666666666
1 0.5909375 0.6579166666666667 0.129375 0.1725
0 0.293125 0.8266666666666667 0.0925 0.12333333333333334
1 0.2540625 0.8775 0.099375 0.13333333333333333
0 0.765625 0.6491666666666667 0.075 0.1
0 0.7878125 0.53375 0.068125 0.09083333333333334
0 0.7615625 0.5820833333333333 0.076875 0.1025
0 0.7325 0.5 0.08875 0.11833333333333333
0 0.403125 0.44666666666666666 0.0825 0.11
0 0.1209375 0.81875 0.076875 0.1025
0 0.108125 0.7395833333333334 0.08375 0.1125
0 0.0746875 0.6954166666666667 0.084375 0.1125
0 0.5853125 0.49041666666666667 0.066875 0.08916666666666667
0 0.3525 0.40041666666666664 0.07 0.09416666666666666