0 0.6846875 0.65 0.073125 0.08833333333333333
0 0.8234375 0.11541666666666667 0.074375 0.09583333333333334
0 0.8078125 0.27 0.068125 0.09166666666666666
0 0.65375 0.27875 0.07 0.0925
0 0.3903125 0.335 0.060625 0.08666666666666667
0 0.7003125 0.22625 0.070625 0.09416666666666666
0 0.8928125 0.34041666666666665 0.073125 0.09916666666666667
0 0.14625 0.69125 0.06375 0.10083333333333333
0 0.4828125 0.835 0.081875 0.10833333333333334
0 0.1425 0.23541666666666666 0.07375 0.0975
0 0.549375 0.17375 0.0725 0.0975
0 0.926875 0.6058333333333333 0.07125 0.11
0 0.7153125 0.9183333333333333 0.065625 0.07166666666666667
0 0.623125 0.19375 0.06625 0.09916666666666667
0 0.1003125 0.40958333333333335 0.068125 0.09583333333333334
0 0.4365625 0.10666666666666667 0.073125 0.07833333333333334
0 0.454375 0.6645833333333333 0.07875 0.07916666666666666
0 0.7771875 0.5229166666666667 0.070625 0.1025
0 0.3690625 0.6879166666666666 0.070625 0.09583333333333334
0 0.789375 0.65125 0.0675 0.0975
0 0.1903125 0.49083333333333334 0.073125 0.08333333333333333
0 0.36625 0.8220833333333334 0.0775 0.08083333333333333
0 0.115 0.8866666666666667 0.06625 0.08833333333333333
0 0.7571875 0.4275 0.069375 0.08
0 0.65875 0.43583333333333335 0.07125 0.1
0 0.8178125 0.3720833333333333 0.068125 0.0925
0 0.89125 0.6841666666666667 0.07 0.08666666666666667
0 0.150625 0.33208333333333334 0.06 0.0825
0 0.048125 0.46625 0.07 0.06583333333333333
0 0.324375 0.07291666666666667 0.08375 0.0725
0 0.2915625 0.25958333333333333 0.071875 0.10083333333333333
0 0.7271875 0.5908333333333333 0.071875 0.09166666666666666
0 0.554375 0.4195833333333333 0.07 0.08583333333333333
0 0.5834375 0.56875 0.076875 0.09916666666666667
0 0.5971875 0.3616666666666667 0.075625 0.09833333333333333
0 0.3175 0.40958333333333335 0.075 0.10083333333333333
0 0.104375 0.9566666666666667 0.0875 0.075
0 0.33125 0.6133333333333333 0.07 0.09833333333333333
0 0.375625 0.44166666666666665 0.065 0.10166666666666667
0 0.863125 0.22375 0.07 0.09583333333333334
0 0.3490625 0.73125 0.073125 0.09083333333333334
0 0.2753125 0.7691666666666667 0.081875 0.09333333333333334
0 0.2209375 0.04666666666666667 0.069375 0.09166666666666666
0 0.2775 0.5345833333333333 0.07 0.10416666666666667
0 0.6890625 0.8370833333333333 0.085625 0.08583333333333333
0 0.94625 0.9345833333333333 0.075 0.09583333333333334
0 0.2615625 0.30375 0.064375 0.10583333333333333
0 0.3334375 0.51875 0.075625 0.10083333333333333
0 0.2428125 0.7283333333333334 0.095625 0.065
0 0.1659375 0.40541666666666665 0.073125 0.1075
0 0.179375 0.9325 0.06 0.09833333333333333
0 0.21125 0.8420833333333333 0.065 0.08583333333333333
0 0.56625 0.7541666666666667 0.07875 0.09833333333333333
0 0.785 0.8241666666666667 0.06 0.08333333333333333
0 0.7246875 0.3233333333333333 0.074375 0.09166666666666666
0 0.2375 0.13708333333333333 0.07625 0.0925
0 0.5259375 0.47708333333333336 0.069375 0.09083333333333334
0 0.095 0.11791666666666667 0.0825 0.09916666666666667
0 0.939375 0.42833333333333334 0.05375 0.07833333333333334
0 0.748125 0.36125 0.07125 0.09583333333333334
0 0.6509375 0.08541666666666667 0.069375 0.09083333333333334
0 0.8428125 0.7225 0.075625 0.08
0 0.395625 0.9520833333333333 0.0775 0.08916666666666667
0 0.04375 0.53625 0.0725 0.08416666666666667
0 0.8090625 0.94125 0.071875 0.08916666666666667
0 0.859375 0.79625 0.0775 0.08916666666666667
0 0.0421875 0.5829166666666666 0.066875 0.0925
0 0.93125 0.8645833333333334 0.09 0.08583333333333333
0 0.4434375 0.40791666666666665 0.073125 0.08916666666666667
0 0.7115625 0.07125 0.073125 0.09916666666666667
0 0.4153125 0.5191666666666667 0.074375 0.09166666666666666
0 0.5515625 0.6625 0.079375 0.105
0 0.3075 0.13625 0.06125 0.0975
0 0.7053125 0.50875 0.078125 0.09916666666666667
0 0.4525 0.45375 0.07 0.0925
0 0.68 0.12958333333333333 0.07875 0.07916666666666666
0 0.2728125 0.1675 0.080625 0.09333333333333334
0 0.794375 0.8795833333333334 0.0725 0.0825
0 0.9678125 0.6741666666666667 0.061875 0.09666666666666666
0 0.9178125 0.06375 0.061875 0.09583333333333334
0 0.9671875 0.43375 0.064375 0.1025
0 0.8465625 0.8308333333333333 0.068125 0.09666666666666666
0 0.2409375 0.84 0.054375 0.08166666666666667