0 0.24125 0.50625 0.10875 0.14416666666666667
0 0.6884375 0.79625 0.100625 0.13416666666666666
0 0.7396875 0.7154166666666667 0.093125 0.12416666666666666
0 0.535625 0.46291666666666664 0.09875 0.13083333333333333
0 0.3703125 0.37916666666666665 0.099375 0.13333333333333333
0 0.2428125 0.29541666666666666 0.085625 0.11416666666666667
0 0.3325 0.685 0.1025 0.13666666666666666
0 0.3309375 0.21875 0.111875 0.14916666666666667
0 0.9378125 0.37041666666666667 0.099375 0.1325
0 0.4559375 0.26458333333333334 0.100625 0.13416666666666666
0 0.2840625 0.6004166666666667 0.096875 0.12916666666666668
0 0.245625 0.395 0.09 0.12
0 0.63375 0.18916666666666668 0.09625 0.12833333333333333
0 0.6134375 0.7579166666666667 0.110625 0.1475
0 0.13125 0.45875 0.1075 0.1425
0 0.1134375 0.7233333333333334 0.104375 0.14
0 0.72125 0.4425 0.095 0.12666666666666668
0 0.251875 0.7179166666666666 0.10375 0.1375
0 0.7375 0.5383333333333333 0.0975 0.13
0 0.18625 0.59375 0.09625 0.12916666666666668
0 0.75125 0.15833333333333333 0.09625 0.12833333333333333
0 0.7990625 0.37916666666666665 0.120625 0.16
0 0.735625 0.07166666666666667 0.085 0.11333333333333333
0 0.375625 0.9091666666666667 0.1175 0.15666666666666668
0 0.4125 0.49583333333333335 0.08375 0.11166666666666666
0 0.4653125 0.3775 0.129375 0.17333333333333334
0 0.4096875 0.18833333333333332 0.084375 0.11333333333333333
0 0.1125 0.615 0.0875 0.11666666666666667
0 0.789375 0.59875 0.10125 0.13583333333333333
0 0.6209375 0.6754166666666667 0.108125 0.14416666666666667
0 0.16875 0.5329166666666667 0.07375 0.09916666666666667
0 0.6334375 0.4141666666666667 0.109375 0.14666666666666667
0 0.616875 0.3675 0.10125 0.135
0 0.1775 0.8904166666666666 0.11375 0.1525
1 0.4759375 0.6504166666666666 0.126875 0.16916666666666666