0 0.25625 0.33166666666666667 0.07625 0.1
0 0.5928125 0.6154166666666666 0.063125 0.07916666666666666
0 0.563125 0.9166666666666666 0.06625 0.09166666666666666
0 0.7246875 0.7041666666666667 0.070625 0.10333333333333333
0 0.7940625 0.4533333333333333 0.064375 0.095
0 0.4871875 0.74 0.059375 0.075
0 0.5809375 0.795 0.073125 0.09833333333333333
0 0.68375 0.7958333333333333 0.0625 0.085
0 0.7096875 0.3408333333333333 0.060625 0.07666666666666666
0 0.665625 0.4975 0.07125 0.1
0 0.4815625 0.8133333333333334 0.061875 0.08166666666666667
0 0.2753125 0.5966666666666667 0.073125 0.07666666666666666
0 0.7603125 0.7895833333333333 0.064375 0.0875
0 0.2915625 0.40791666666666665 0.065625 0.08916666666666667
0 0.791875 0.7104166666666667 0.0725 0.10916666666666666
0 0.589375 0.47208333333333335 0.06875 0.09583333333333334
0 0.3409375 0.9475 0.058125 0.08
0 0.505 0.5054166666666666 0.06625 0.09916666666666667
0 0.47625 0.6691666666666667 0.06625 0.09
0 0.5159375 0.58375 0.066875 0.08083333333333333
0 0.6178125 0.38083333333333336 0.066875 0.08833333333333333
0 0.666875 0.925 0.055 0.085
0 0.4134375 0.0525 0.058125 0.07666666666666666
0 0.778125 0.5679166666666666 0.07125 0.0925
0 0.5390625 0.6520833333333333 0.051875 0.08083333333333333
0 0.6509375 0.6116666666666667 0.053125 0.095
0 0.5728125 0.09791666666666667 0.073125 0.10416666666666667
0 0.244375 0.19041666666666668 0.0675 0.09583333333333334
0 0.5240625 0.0975 0.066875 0.09
0 0.6315625 0.8579166666666667 0.069375 0.1025
0 0.4415625 0.91 0.071875 0.105
0 0.61625 0.71625 0.06 0.08583333333333333
0 0.244375 0.10708333333333334 0.06625 0.09583333333333334
0 0.449375 0.09875 0.0725 0.09416666666666666
0 0.5684375 0.2941666666666667 0.066875 0.08666666666666667
0 0.3646875 0.8945833333333333 0.068125 0.08916666666666667
0 0.21125 0.6245833333333334 0.06125 0.08416666666666667
0 0.21125 0.7129166666666666 0.065 0.08916666666666667
0 0.34875 0.05583333333333333 0.0675 0.1
0 0.1634375 0.5654166666666667 0.073125 0.08916666666666667
0 0.565625 0.44458333333333333 0.07375 0.09583333333333334
0 0.825625 0.5791666666666667 0.06125 0.085
0 0.1834375 0.7995833333333333 0.060625 0.0925
0 0.2396875 0.04041666666666666 0.058125 0.08083333333333333
1 0.1984375 0.8708333333333333 0.090625 0.09166666666666666
1 0.4059375 0.22291666666666668 0.084375 0.13583333333333333
0 0.40875 0.295 0.06125 0.08
0 0.3540625 0.54375 0.071875 0.09416666666666666
0 0.8425 0.6475 0.06 0.07333333333333333
0 0.165625 0.29625 0.0525 0.08916666666666667
0 0.6275 0.29791666666666666 0.07 0.09583333333333334
1 0.5178125 0.3516666666666667 0.079375 0.13166666666666665
0 0.5934375 0.6933333333333334 0.069375 0.1
0 0.8409375 0.8179166666666666 0.065625 0.0875
0 0.8375 0.74875 0.07 0.07583333333333334
0 0.6346875 0.17375 0.055625 0.0825
0 0.6365625 0.1 0.054375 0.08333333333333333
0 0.5465625 0.4066666666666667 0.065625 0.07333333333333333
0 0.4640625 0.6116666666666667 0.063125 0.095
0 0.4171875 0.565 0.073125 0.08333333333333333
0 0.24625 0.9491666666666667 0.0575 0.08333333333333333
0 0.31625 0.8741666666666666 0.06375 0.08333333333333333
0 0.291875 0.9266666666666666 0.04875 0.08