0 0.315 0.435 0.09 0.12
0 0.5546875 0.45208333333333334 0.084375 0.1125
0 0.420625 0.7275 0.0875 0.11666666666666667
0 0.5703125 0.21083333333333334 0.095625 0.12666666666666668
0 0.8840625 0.16583333333333333 0.085625 0.115
0 0.2865625 0.3154166666666667 0.091875 0.1225
0 0.346875 0.7441666666666666 0.0925 0.12333333333333334
0 0.4540625 0.20291666666666666 0.100625 0.13416666666666666
0 0.6284375 0.41875 0.085625 0.11416666666666667
0 0.2215625 0.3516666666666667 0.085625 0.11333333333333333
0 0.6209375 0.5054166666666666 0.081875 0.10916666666666666
0 0.2334375 0.88875 0.080625 0.1075
0 0.946875 0.4583333333333333 0.09875 0.13166666666666665
0 0.0528125 0.7195833333333334 0.086875 0.11583333333333333
0 0.83625 0.31166666666666665 0.09375 0.125
0 0.78125 0.4666666666666667 0.08875 0.11833333333333333
0 0.898125 0.5783333333333334 0.0825 0.11
0 0.6575 0.30916666666666665 0.07875 0.105
0 0.33875 0.3725 0.0875 0.11666666666666667
0 0.8465625 0.21541666666666667 0.100625 0.13416666666666666
0 0.1265625 0.4895833333333333 0.095625 0.1275
0 0.30875 0.15416666666666667 0.09 0.12
0 0.491875 0.11833333333333333 0.0825 0.11
0 0.4034375 0.3175 0.086875 0.11666666666666667
0 0.825625 0.6025 0.07875 0.105
0 0.2796875 0.8204166666666667 0.085625 0.11416666666666667
0 0.385 0.5179166666666667 0.08875 0.1175
0 0.221875 0.6433333333333333 0.09625 0.12833333333333333
0 0.4878125 0.8120833333333334 0.078125 0.10416666666666667
0 0.3815625 0.6329166666666667 0.081875 0.10916666666666666
0 0.5975 0.058333333333333334 0.08625 0.115
0 0.708125 0.095 0.0875 0.11666666666666667
0 0.7184375 0.6766666666666666 0.086875 0.115
0 0.78 0.24416666666666667 0.08625 0.115
0 0.66 0.8395833333333333 0.09625 0.12916666666666668
0 0.1215625 0.6545833333333333 0.096875 0.12916666666666668
0 0.620625 0.88375 0.0925 0.12416666666666666
0 0.8671875 0.41458333333333336 0.083125 0.11083333333333334
0 0.843125 0.5170833333333333 0.08 0.10583333333333333
0 0.6353125 0.7891666666666667 0.101875 0.135
0 0.4875 0.765 0.09875 0.13166666666666665
0 0.111875 0.56375 0.09125 0.1225
0 0.2378125 0.8 0.084375 0.11333333333333333
0 0.683125 0.6025 0.085 0.11333333333333333
0 0.529375 0.20166666666666666 0.095 0.12666666666666668
0 0.39375 0.8116666666666666 0.09 0.12
0 0.551875 0.11208333333333333 0.10125 0.13583333333333333
0 0.201875 0.5508333333333333 0.08 0.10666666666666667
0 0.431875 0.38916666666666666 0.0875 0.11666666666666667
0 0.6465625 0.20208333333333334 0.103125 0.1375
0 0.1059375 0.7620833333333333 0.084375 0.1125
0 0.7790625 0.6808333333333333 0.093125 0.12333333333333334
0 0.4809375 0.2991666666666667 0.086875 0.11666666666666667
0 0.785 0.14291666666666666 0.0825 0.11083333333333334
0 0.2621875 0.7095833333333333 0.078125 0.10416666666666667
0 0.7909375 0.38708333333333333 0.085625 0.11416666666666667
0 0.423125 0.095 0.095 0.12666666666666668
0 0.165 0.30333333333333334 0.07875 0.105
0 0.4465625 0.4816666666666667 0.085625 0.11333333333333333
0 0.556875 0.8875 0.1025 0.13666666666666666
0 0.3925 0.9158333333333334 0.07375 0.09833333333333333
0 0.7409375 0.5833333333333334 0.083125 0.11166666666666666
0 0.2228125 0.245 0.088125 0.11666666666666667
0 0.9334375 0.3045833333333333 0.093125 0.12416666666666666
0 0.7571875 0.365 0.085625 0.11333333333333333
0 0.38125 0.22 0.10375 0.13833333333333334
0 0.5190625 0.5029166666666667 0.083125 0.11083333333333334
0 0.5428125 0.6745833333333333 0.086875 0.11583333333333333
0 0.305625 0.6416666666666667 0.07875 0.105
0 0.4496875 0.6608333333333334 0.083125 0.11166666666666666
0 0.736875 0.31958333333333333 0.09625 0.12916666666666668
0 0.7228125 0.5045833333333334 0.085625 0.11416666666666667
0 0.6615625 0.2529166666666667 0.093125 0.12416666666666666
0 0.716875 0.20083333333333334 0.07375 0.09833333333333333
0 0.5715625 0.31083333333333335 0.085625 0.11333333333333333
0 0.4665625 0.5479166666666667 0.093125 0.12416666666666666
0 0.265 0.5729166666666666 0.09125 0.12083333333333333
0 0.6465625 0.6991666666666667 0.096875 0.12833333333333333
0 0.554375 0.6295833333333334 0.08125 0.10916666666666666
0 0.6503125 0.11416666666666667 0.073125 0.09666666666666666
0 0.4809375 0.88875 0.093125 0.12416666666666666
0 0.4078125 0.47208333333333335 0.086875 0.11583333333333333
0 0.0471875 0.57375 0.085625 0.11416666666666667
0 0.7165625 0.41333333333333333 0.085625 0.11333333333333333
1 0.2315625 0.495 0.135625 0.18166666666666667
0 0.858125 0.6175 0.09375 0.125
0 0.788125 0.74125 0.08125 0.1075
0 0.8553125 0.6745833333333333 0.081875 0.10916666666666666
0 0.556875 0.43333333333333335 0.08625 0.115
0 0.3846875 0.17541666666666667 0.089375 0.11916666666666667
0 0.7890625 0.7095833333333333 0.084375 0.1125
0 0.9534375 0.22 0.083125 0.11166666666666666
0 0.9209375 0.34958333333333336 0.081875 0.10916666666666666
0 0.926875 0.24833333333333332 0.085 0.11333333333333333
0 0.9034375 0.3458333333333333 0.086875 0.115
0 0.85875 0.32666666666666666 0.08 0.10666666666666667
0 0.7771875 0.11708333333333333 0.086875 0.11583333333333333
0 0.6253125 0.14583333333333334 0.090625 0.12166666666666667
0 0.6903125 0.15291666666666667 0.075625 0.10083333333333333
0 0.66375 0.14291666666666666 0.095 0.12583333333333332
0 0.75625 0.27458333333333335 0.09125 0.12083333333333333
0 0.83875 0.40541666666666665 0.0975 0.12916666666666668
0 0.8490625 0.48791666666666667 0.088125 0.1175
0 0.825 0.49291666666666667 0.08875 0.1175
0 0.94875 0.4320833333333333 0.09875 0.1325
0 0.945 0.2608333333333333 0.085 0.11333333333333333
0 0.75875 0.15541666666666668 0.08375 0.11083333333333334
0 0.38375 0.0775 0.09375 0.125
0 0.3709375 0.20375 0.078125 0.10416666666666667
0 0.47625 0.26375 0.095 0.1275
0 0.483125 0.345 0.09125 0.12166666666666667
0 0.4628125 0.37875 0.083125 0.11083333333333334
0 0.3340625 0.455 0.091875 0.12333333333333334
0 0.55625 0.3375 0.0875 0.11666666666666667
0 0.5815625 0.34875 0.075625 0.10083333333333333
0 0.4971875 0.5279166666666667 0.096875 0.12916666666666668
0 0.4590625 0.5941666666666666 0.074375 0.1
0 0.611875 0.6683333333333333 0.075 0.1
0 0.209375 0.8916666666666667 0.085 0.11333333333333333
0 0.09625 0.8408333333333333 0.09125 0.12166666666666667
0 0.12125 0.8133333333333334 0.08 0.10666666666666667
0 0.1496875 0.78375 0.088125 0.1175
0 0.0534375 0.52625 0.089375 0.11916666666666667
0 0.125625 0.37833333333333335 0.07875 0.105
0 0.194375 0.71 0.0775 0.10333333333333333
0 0.3775 0.6591666666666667 0.0925 0.12333333333333334
0 0.221875 0.7766666666666666 0.08 0.10666666666666667
0 0.178125 0.74375 0.07875 0.10416666666666667
0 0.1534375 0.6920833333333334 0.088125 0.1175
0 0.3090625 0.7941666666666667 0.091875 0.12166666666666667
0 0.2246875 0.6941666666666667 0.085625 0.115
0 0.2753125 0.54625 0.081875 0.10916666666666666
0 0.134375 0.5904166666666667 0.09 0.12083333333333333
0 0.1571875 0.55875 0.094375 0.12583333333333332
0 0.1715625 0.42791666666666667 0.089375 0.11916666666666667
0 0.170625 0.46375 0.08375 0.1125
0 0.146875 0.4041666666666667 0.07875 0.105
0 0.210625 0.40208333333333335 0.0875 0.1175
0 0.2371875 0.40041666666666664 0.088125 0.1175
0 0.2578125 0.41208333333333336 0.084375 0.1125
0 0.365625 0.61875 0.09375 0.12416666666666666
0 0.3425 0.5866666666666667 0.08 0.10666666666666667
0 0.5196875 0.8675 0.075625 0.1
0 0.3090625 0.5291666666666667 0.076875 0.10333333333333333
0 0.4653125 0.6341666666666667 0.079375 0.10666666666666667
0 0.63 0.44166666666666665 0.09375 0.125
0 0.704375 0.6870833333333334 0.09125 0.12083333333333333
0 0.325625 0.1275 0.08875 0.11833333333333333