0 0.784375 0.09541666666666666 0.065 0.11083333333333334
0 0.2903125 0.3825 0.069375 0.09
0 0.5271875 0.7970833333333334 0.078125 0.0925
0 0.1971875 0.0725 0.075625 0.095
0 0.4025 0.44 0.06375 0.10333333333333333
1 0.711875 0.33 0.08875 0.11166666666666666
0 0.7271875 0.8829166666666667 0.083125 0.0975
0 0.7465625 0.46 0.068125 0.09166666666666666
0 0.4825 0.13583333333333333 0.07375 0.105
0 0.4096875 0.6508333333333334 0.068125 0.1
0 0.5428125 0.365 0.068125 0.11666666666666667
0 0.598125 0.5241666666666667 0.07375 0.09333333333333334
0 0.79 0.27625 0.0625 0.11083333333333334
0 0.260625 0.89875 0.0725 0.10083333333333333
0 0.6690625 0.69375 0.066875 0.09416666666666666
0 0.5040625 0.9416666666666667 0.083125 0.10833333333333334
0 0.1628125 0.20208333333333334 0.070625 0.09416666666666666
0 0.5165625 0.62 0.076875 0.09
0 0.528125 0.70375 0.07875 0.0925
0 0.786875 0.37416666666666665 0.08375 0.085
0 0.181875 0.60625 0.07875 0.0975
0 0.384375 0.85375 0.09125 0.11083333333333334
0 0.3421875 0.65625 0.071875 0.1025
0 0.43 0.3408333333333333 0.07875 0.11666666666666667
0 0.6365625 0.3229166666666667 0.045625 0.10916666666666666
0 0.226875 0.7995833333333333 0.06875 0.09916666666666667
0 0.245 0.16916666666666666 0.0625 0.10166666666666667