0 0.465 0.6804166666666667 0.095 0.12583333333333332
0 0.188125 0.6075 0.0975 0.13
0 0.2896875 0.6320833333333333 0.084375 0.1125
0 0.43 0.3616666666666667 0.09 0.12
0 0.3275 0.8741666666666666 0.08875 0.11833333333333333
0 0.72625 0.135 0.10125 0.135
0 0.6509375 0.6229166666666667 0.093125 0.12416666666666666
0 0.7178125 0.81375 0.099375 0.1325
0 0.5846875 0.09333333333333334 0.096875 0.12833333333333333
0 0.3628125 0.25 0.111875 0.14833333333333334
0 0.3784375 0.5425 0.143125 0.19
0 0.2509375 0.73625 0.166875 0.2225
0 0.3653125 0.4425 0.103125 0.13833333333333334