0 0.8378125 0.9333333333333333 0.060625 0.08
0 0.65125 0.8075 0.06625 0.09
0 0.8084375 0.12916666666666668 0.056875 0.07666666666666666
0 0.4040625 0.605 0.063125 0.07833333333333334
0 0.5665625 0.14583333333333334 0.061875 0.07166666666666667
0 0.4009375 0.26125 0.068125 0.09083333333333334
0 0.41375 0.6808333333333333 0.06875 0.085
0 0.126875 0.4683333333333333 0.065 0.085
0 0.301875 0.855 0.07375 0.08333333333333333
0 0.2884375 0.9375 0.075625 0.08166666666666667
0 0.09125 0.13833333333333334 0.06 0.095
0 0.115625 0.23125 0.06 0.08083333333333333
0 0.685625 0.5604166666666667 0.065 0.08083333333333333
0 0.52 0.8975 0.06375 0.07333333333333333
0 0.4734375 0.74125 0.066875 0.0725
0 0.0640625 0.09458333333333334 0.061875 0.10416666666666667
0 0.6990625 0.34041666666666665 0.054375 0.07416666666666667
0 0.424375 0.4058333333333333 0.07125 0.08833333333333333
0 0.47125 0.19458333333333333 0.06125 0.08583333333333333
0 0.908125 0.63625 0.06 0.0875
0 0.1103125 0.375 0.063125 0.095
0 0.4184375 0.34375 0.059375 0.0775
0 0.574375 0.66 0.05125 0.06833333333333333
0 0.6571875 0.7104166666666667 0.063125 0.08083333333333333
0 0.531875 0.20625 0.0525 0.07416666666666667
0 0.95625 0.6083333333333333 0.05875 0.08166666666666667
0 0.0640625 0.47375 0.051875 0.07583333333333334
0 0.4146875 0.7995833333333333 0.064375 0.07916666666666666
0 0.1140625 0.8829166666666667 0.063125 0.09416666666666666
0 0.2228125 0.22083333333333333 0.048125 0.07333333333333333
0 0.4259375 0.9558333333333333 0.076875 0.075
0 0.1625 0.845 0.05 0.07
0 0.8840625 0.21958333333333332 0.054375 0.06916666666666667
0 0.541875 0.2866666666666667 0.0625 0.085
0 0.0528125 0.5470833333333334 0.076875 0.09416666666666666
0 0.3321875 0.49541666666666667 0.055625 0.0825
0 0.965625 0.23 0.06 0.08666666666666667
0 0.304375 0.77125 0.08125 0.0925
0 0.4303125 0.87625 0.061875 0.0775
0 0.0575 0.8791666666666667 0.05875 0.11
0 0.506875 0.4175 0.065 0.085
0 0.5246875 0.5025 0.059375 0.07
0 0.65 0.42375 0.05875 0.07083333333333333
0 0.8490625 0.5425 0.064375 0.09333333333333334
0 0.7490625 0.13666666666666666 0.061875 0.09
1 0.943125 0.3383333333333333 0.06375 0.11
0 0.915 0.09041666666666667 0.065 0.0825
0 0.54375 0.37666666666666665 0.0475 0.07
0 0.8296875 0.3525 0.066875 0.09666666666666666
0 0.144375 0.94125 0.05375 0.07916666666666666
0 0.1596875 0.13416666666666666 0.056875 0.06833333333333333
0 0.72375 0.4825 0.07 0.095
0 0.1440625 0.23708333333333334 0.073125 0.0825
0 0.350625 0.5233333333333333 0.055 0.08
0 0.7853125 0.2875 0.054375 0.09333333333333334
0 0.05 0.41333333333333333 0.065 0.09166666666666666
0 0.4434375 0.11708333333333333 0.061875 0.0825
1 0.7871875 0.6058333333333333 0.076875 0.10166666666666667
0 0.1215625 0.6 0.064375 0.07
0 0.7084375 0.4608333333333333 0.058125 0.07666666666666666
0 0.8271875 0.26375 0.066875 0.09416666666666666
0 0.61875 0.5933333333333334 0.07 0.10333333333333333
1 0.2446875 0.35541666666666666 0.089375 0.1325
0 0.89375 0.36083333333333334 0.0525 0.06833333333333333
0 0.1028125 0.6508333333333334 0.061875 0.075
0 0.9403125 0.9025 0.053125 0.08166666666666667
0 0.186875 0.20583333333333334 0.055 0.10166666666666667
0 0.7453125 0.5925 0.050625 0.11833333333333333
0 0.2034375 0.35 0.056875 0.085
0 0.9059375 0.8141666666666667 0.063125 0.085
1 0.7921875 0.8158333333333333 0.115625 0.09833333333333333
0 0.8125 0.39166666666666666 0.065 0.11833333333333333
0 0.90875 0.29083333333333333 0.0525 0.07166666666666667
0 0.899375 0.8816666666666667 0.055 0.07333333333333333
0 0.7646875 0.8808333333333334 0.049375 0.08666666666666667
0 0.70375 0.8325 0.04625 0.07833333333333334
0 0.198125 0.9095833333333333 0.04875 0.060833333333333336
0 0.23875 0.73375 0.04875 0.07916666666666666
0 0.858125 0.8208333333333333 0.05375 0.06666666666666667
0 0.969375 0.8154166666666667 0.0525 0.0775
0 0.7053125 0.63625 0.045625 0.09083333333333334
0 0.6596875 0.6270833333333333 0.055625 0.0775
0 0.8459375 0.6129166666666667 0.048125 0.06583333333333333
0 0.924375 0.5483333333333333 0.05375 0.07666666666666666
0 0.8721875 0.57625 0.065625 0.07916666666666666
0 0.035625 0.8366666666666667 0.06125 0.09166666666666666