0 0.6109375 0.53375 0.091875 0.1225
0 0.800625 0.3695833333333333 0.09625 0.12916666666666668
0 0.315625 0.12958333333333333 0.09875 0.1325
0 0.58625 0.22 0.10625 0.14166666666666666
0 0.8059375 0.5670833333333334 0.103125 0.1375
0 0.42 0.4320833333333333 0.105 0.14083333333333334
0 0.4246875 0.6029166666666667 0.099375 0.1325
0 0.878125 0.5333333333333333 0.1075 0.14333333333333334
0 0.3790625 0.8245833333333333 0.095625 0.1275
0 0.6678125 0.8170833333333334 0.091875 0.1225
0 0.6053125 0.65375 0.094375 0.12583333333333332
0 0.273125 0.3020833333333333 0.10375 0.13916666666666666
0 0.7096875 0.9329166666666666 0.094375 0.12583333333333332
0 0.1253125 0.44416666666666665 0.101875 0.13666666666666666
0 0.9159375 0.79875 0.076875 0.1025
0 0.7715625 0.9020833333333333 0.090625 0.12083333333333333
0 0.076875 0.27291666666666664 0.095 0.1275
0 0.4209375 0.33625 0.098125 0.13083333333333333
0 0.1134375 0.57125 0.091875 0.1225
0 0.528125 0.8725 0.10875 0.145
0 0.1715625 0.54875 0.099375 0.1325
0 0.7159375 0.5933333333333334 0.103125 0.13833333333333334
0 0.721875 0.7804166666666666 0.09625 0.1275
0 0.0484375 0.40708333333333335 0.094375 0.12583333333333332
0 0.210625 0.14208333333333334 0.1 0.1325
0 0.515625 0.3466666666666667 0.0975 0.13
0 0.9209375 0.4691666666666667 0.093125 0.12333333333333334
0 0.719375 0.68875 0.0975 0.12916666666666668
0 0.698125 0.22666666666666666 0.0975 0.13
0 0.464375 0.8620833333333333 0.10625 0.14083333333333334
0 0.3846875 0.2375 0.106875 0.14333333333333334
0 0.7403125 0.39875 0.101875 0.13583333333333333
0 0.5734375 0.33875 0.104375 0.13916666666666666
0 0.93 0.70125 0.0975 0.12916666666666668
0 0.465 0.2808333333333333 0.09625 0.12833333333333333