0 0.774375 0.6695833333333333 0.05875 0.0925
0 0.5903125 0.5720833333333334 0.058125 0.0725
0 0.2959375 0.6191666666666666 0.049375 0.07833333333333334
0 0.305 0.13458333333333333 0.06375 0.08583333333333333
0 0.711875 0.49291666666666667 0.06375 0.08416666666666667
0 0.74875 0.8083333333333333 0.07 0.09666666666666666
0 0.2625 0.34 0.05375 0.07666666666666666
0 0.2446875 0.16166666666666665 0.060625 0.08333333333333333
0 0.710625 0.5791666666666667 0.07125 0.10166666666666667
0 0.42375 0.52875 0.05875 0.0925
0 0.254375 0.8025 0.0625 0.07833333333333334
0 0.1775 0.24916666666666668 0.0625 0.08666666666666667
0 0.830625 0.5629166666666666 0.0625 0.08583333333333333
0 0.333125 0.3541666666666667 0.05875 0.08333333333333333
0 0.4890625 0.5495833333333333 0.066875 0.08583333333333333
0 0.255 0.24333333333333335 0.0625 0.08166666666666667
0 0.26875 0.5383333333333333 0.07 0.09833333333333333
0 0.175625 0.8104166666666667 0.0575 0.08583333333333333
0 0.4778125 0.46875 0.068125 0.06916666666666667
0 0.184375 0.15958333333333333 0.05625 0.07916666666666666
1 0.80375 0.45875 0.0975 0.11583333333333333
0 0.5459375 0.3779166666666667 0.068125 0.09083333333333334
0 0.328125 0.25916666666666666 0.07125 0.085
0 0.2440625 0.4195833333333333 0.056875 0.08916666666666667
0 0.2565625 0.7229166666666667 0.061875 0.08916666666666667
0 0.4303125 0.93875 0.066875 0.08583333333333333
0 0.3275 0.7095833333333333 0.0725 0.08416666666666667
0 0.545625 0.62375 0.06375 0.09083333333333334
0 0.4859375 0.3475 0.065625 0.09833333333333333
0 0.421875 0.3858333333333333 0.065 0.09166666666666666
0 0.72 0.90375 0.06 0.1025
0 0.4371875 0.14333333333333334 0.059375 0.08166666666666667
0 0.2228125 0.45708333333333334 0.071875 0.10083333333333333
0 0.659375 0.48375 0.0625 0.09916666666666667
0 0.7621875 0.31625 0.069375 0.08916666666666667
0 0.2403125 0.8629166666666667 0.071875 0.08416666666666667
0 0.3009375 0.9329166666666666 0.059375 0.08083333333333333
0 0.811875 0.7483333333333333 0.07 0.085
0 0.3928125 0.8075 0.069375 0.095
0 0.5615625 0.7195833333333334 0.055625 0.0825
0 0.711875 0.10458333333333333 0.07125 0.08583333333333333
0 0.33625 0.11416666666666667 0.065 0.08666666666666667
0 0.47 0.8441666666666666 0.06875 0.09166666666666666
0 0.6484375 0.9129166666666667 0.064375 0.09416666666666666
0 0.6434375 0.695 0.068125 0.095
0 0.3528125 0.21583333333333332 0.048125 0.085
0 0.514375 0.11833333333333333 0.06 0.07833333333333334
0 0.6584375 0.8125 0.071875 0.1
0 0.4575 0.79625 0.06625 0.0925
0 0.563125 0.15 0.05625 0.08
0 0.813125 0.1225 0.06125 0.1
0 0.2865625 0.8979166666666667 0.065625 0.1025
0 0.4190625 0.26916666666666667 0.066875 0.09166666666666666
0 0.56875 0.6629166666666667 0.06625 0.1025
0 0.651875 0.6654166666666667 0.07 0.09916666666666667
0 0.4109375 0.32 0.069375 0.08666666666666667
1 0.82875 0.3670833333333333 0.09125 0.14416666666666667
1 0.435625 0.6908333333333333 0.09375 0.12166666666666667
1 0.6484375 0.15583333333333332 0.071875 0.11
0 0.41375 0.22291666666666668 0.07125 0.09083333333333334
0 0.5228125 0.14333333333333334 0.055625 0.09666666666666666
0 0.4825 0.09 0.0575 0.09833333333333333
0 0.3971875 0.7645833333333333 0.064375 0.09416666666666666
0 0.625625 0.8158333333333333 0.05625 0.1
0 0.611875 0.7495833333333334 0.0575 0.07916666666666666
0 0.6465625 0.89 0.070625 0.07833333333333334
0 0.608125 0.09791666666666667 0.05625 0.06583333333333333
0 0.6153125 0.1825 0.048125 0.08166666666666667
0 0.6953125 0.17458333333333334 0.061875 0.09083333333333334
0 0.7509375 0.14666666666666667 0.089375 0.075
0 0.365 0.6525 0.05375 0.105