0 0.3778125 0.29333333333333333 0.075625 0.11
0 0.269375 0.47333333333333333 0.07625 0.1
0 0.949375 0.12458333333333334 0.0775 0.08916666666666667
0 0.51625 0.8316666666666667 0.0675 0.105
0 0.191875 0.80625 0.07875 0.10416666666666667
0 0.0709375 0.17458333333333334 0.068125 0.0925
0 0.3178125 0.36083333333333334 0.075625 0.1
0 0.8534375 0.67375 0.070625 0.09916666666666667
0 0.8734375 0.14916666666666667 0.070625 0.1
0 0.4503125 0.75625 0.078125 0.10916666666666666
0 0.6034375 0.8745833333333334 0.070625 0.09916666666666667
0 0.1190625 0.62625 0.075625 0.09083333333333334
0 0.356875 0.45625 0.06875 0.1025
0 0.645625 0.05708333333333333 0.07375 0.09916666666666667
0 0.6434375 0.7429166666666667 0.071875 0.09916666666666667
0 0.5475 0.09833333333333333 0.07125 0.095
0 0.136875 0.7129166666666666 0.0675 0.09416666666666666
0 0.584375 0.5525 0.08125 0.08833333333333333
0 0.6546875 0.4216666666666667 0.076875 0.10333333333333333
0 0.8865625 0.33666666666666667 0.071875 0.10166666666666667
0 0.6275 0.3020833333333333 0.06125 0.08416666666666667
0 0.0921875 0.48125 0.073125 0.0975
0 0.4446875 0.9525 0.069375 0.09166666666666666
0 0.194375 0.4891666666666667 0.06 0.10333333333333333
0 0.599375 0.13333333333333333 0.075 0.1
0 0.295 0.55375 0.07625 0.10583333333333333
0 0.1975 0.62 0.07 0.09666666666666666
0 0.084375 0.7633333333333333 0.0675 0.09666666666666666
0 0.2684375 0.65875 0.068125 0.0975
0 0.280625 0.89875 0.075 0.10083333333333333
0 0.441875 0.5866666666666667 0.06625 0.09333333333333334
0 0.8909375 0.73875 0.068125 0.1025
0 0.1771875 0.22 0.065625 0.08666666666666667
0 0.4490625 0.10708333333333334 0.070625 0.10416666666666667
0 0.725625 0.9166666666666666 0.085 0.10166666666666667
0 0.8159375 0.3854166666666667 0.075625 0.1175
0 0.8703125 0.24625 0.071875 0.10416666666666667
0 0.6484375 0.6429166666666667 0.070625 0.09416666666666666
0 0.49875 0.5445833333333333 0.07 0.10416666666666667
0 0.1065625 0.24916666666666668 0.066875 0.09333333333333334
0 0.0803125 0.060833333333333336 0.068125 0.105
0 0.298125 0.26375 0.06875 0.09583333333333334
0 0.3478125 0.8983333333333333 0.079375 0.10833333333333334
0 0.4959375 0.6804166666666667 0.076875 0.11583333333333333
0 0.03875 0.6625 0.07125 0.1
0 0.57625 0.26875 0.09875 0.08583333333333333
0 0.7621875 0.06708333333333333 0.063125 0.0925
1 0.4303125 0.43833333333333335 0.083125 0.13333333333333333
0 0.508125 0.3070833333333333 0.06625 0.1025
0 0.321875 0.7191666666666666 0.06625 0.09333333333333334
0 0.7771875 0.46291666666666664 0.064375 0.0925
0 0.484375 0.26458333333333334 0.0675 0.0925
0 0.5609375 0.34625 0.070625 0.11083333333333334
1 0.2134375 0.29291666666666666 0.075625 0.14083333333333334
0 0.1365625 0.6004166666666667 0.076875 0.1075
0 0.784375 0.35791666666666666 0.06875 0.08583333333333333