1 0.7871875 0.6179166666666667 0.083125 0.11083333333333334
0 0.6665625 0.5133333333333333 0.080625 0.11
0 0.595625 0.59375 0.0775 0.0975
0 0.716875 0.41 0.0825 0.11166666666666666
0 0.4196875 0.19708333333333333 0.071875 0.0925
0 0.560625 0.29 0.0825 0.10833333333333334
0 0.1975 0.6654166666666667 0.08375 0.09583333333333334
0 0.81125 0.92125 0.07375 0.10583333333333333
0 0.709375 0.8045833333333333 0.07125 0.12083333333333333
0 0.3303125 0.64 0.076875 0.09666666666666666
0 0.805 0.25166666666666665 0.07125 0.09333333333333334
0 0.193125 0.5579166666666666 0.08875 0.10916666666666666
0 0.48875 0.4766666666666667 0.07875 0.105
0 0.3321875 0.8554166666666667 0.071875 0.09416666666666666
0 0.47 0.11791666666666667 0.0875 0.11083333333333334
0 0.3078125 0.33208333333333334 0.068125 0.1125
0 0.350625 0.49875 0.07625 0.1175
0 0.2884375 0.4008333333333333 0.075625 0.09166666666666666
0 0.2559375 0.15291666666666667 0.074375 0.0975
0 0.754375 0.8679166666666667 0.06625 0.09583333333333334
0 0.1940625 0.11583333333333333 0.069375 0.09666666666666666