0 0.0409375 0.7079166666666666 0.068125 0.0925
0 0.5234375 0.72375 0.069375 0.09416666666666666
0 0.851875 0.70125 0.06625 0.09583333333333334
0 0.5440625 0.8254166666666667 0.063125 0.09416666666666666
0 0.8509375 0.5708333333333333 0.066875 0.09833333333333333
0 0.0525 0.52125 0.05625 0.07416666666666667
0 0.425 0.46291666666666664 0.075 0.09583333333333334
0 0.29 0.5070833333333333 0.06125 0.08416666666666667
0 0.9115625 0.6429166666666667 0.069375 0.09416666666666666
0 0.31375 0.3720833333333333 0.0625 0.09916666666666667
0 0.0696875 0.15458333333333332 0.061875 0.09416666666666666
0 0.3615625 0.4625 0.083125 0.10666666666666667
0 0.18 0.6079166666666667 0.07 0.10083333333333333
0 0.15 0.33958333333333335 0.07375 0.10083333333333333
0 0.265 0.44166666666666665 0.05875 0.08333333333333333
0 0.09125 0.75 0.0625 0.085
0 0.3353125 0.2325 0.064375 0.07
0 0.3378125 0.14458333333333334 0.068125 0.09416666666666666
0 0.226875 0.5466666666666666 0.06625 0.08833333333333333
0 0.8415625 0.38625 0.058125 0.0925
0 0.3934375 0.08416666666666667 0.064375 0.08
0 0.4715625 0.39666666666666667 0.065625 0.08833333333333333
0 0.218125 0.2970833333333333 0.06875 0.0925
0 0.8971875 0.9 0.075625 0.08833333333333333
0 0.678125 0.8308333333333333 0.06375 0.095
0 0.5209375 0.53 0.063125 0.105
0 0.701875 0.7325 0.06375 0.095
0 0.2925 0.21458333333333332 0.0625 0.09083333333333334
0 0.9140625 0.5041666666666667 0.066875 0.07666666666666666
0 0.5234375 0.6133333333333333 0.066875 0.10166666666666667
0 0.83625 0.4895833333333333 0.06125 0.07583333333333334
0 0.0678125 0.37583333333333335 0.074375 0.085
0 0.7515625 0.6554166666666666 0.074375 0.10416666666666667
0 0.129375 0.09791666666666667 0.07 0.0775
0 0.61375 0.6958333333333333 0.06 0.09666666666666666
0 0.3715625 0.7991666666666667 0.061875 0.08833333333333333
0 0.1553125 0.7108333333333333 0.074375 0.11666666666666667
0 0.0384375 0.82875 0.074375 0.10916666666666666
0 0.9321875 0.7329166666666667 0.061875 0.0725
0 0.746875 0.82375 0.065 0.08583333333333333
0 0.11375 0.4170833333333333 0.075 0.10083333333333333
0 0.5646875 0.21 0.064375 0.08333333333333333
0 0.328125 0.9141666666666667 0.06875 0.08666666666666667
0 0.5784375 0.6733333333333333 0.066875 0.08166666666666667
0 0.549375 0.925 0.07 0.08666666666666667
0 0.415 0.92375 0.07375 0.09916666666666667
0 0.22625 0.795 0.0725 0.095
0 0.7640625 0.09166666666666666 0.070625 0.08666666666666667
0 0.7034375 0.4979166666666667 0.081875 0.0975
0 0.365625 0.6370833333333333 0.07125 0.07416666666666667
0 0.41 0.3104166666666667 0.06625 0.08416666666666667
0 0.5709375 0.44625 0.070625 0.0875
0 0.6146875 0.48333333333333334 0.064375 0.07666666666666666
0 0.8015625 0.8729166666666667 0.085625 0.0975
0 0.5021875 0.31 0.076875 0.09833333333333333
0 0.5765625 0.335 0.070625 0.09333333333333334
0 0.688125 0.09333333333333334 0.06625 0.08333333333333333
0 0.875625 0.30125 0.0675 0.08916666666666667
0 0.1628125 0.5054166666666666 0.069375 0.08583333333333333
0 0.7825 0.69625 0.07625 0.09583333333333334
0 0.465 0.075 0.065 0.08666666666666667
0 0.850625 0.7925 0.065 0.07166666666666667
0 0.2959375 0.8541666666666666 0.074375 0.09666666666666666
0 0.24625 0.35583333333333333 0.06125 0.08166666666666667
0 0.755 0.5291666666666667 0.06875 0.09833333333333333
0 0.27375 0.11 0.0725 0.08166666666666667
0 0.4678125 0.84875 0.083125 0.10083333333333333
0 0.721875 0.9375 0.0625 0.10166666666666667
0 0.6309375 0.10708333333333334 0.075625 0.07916666666666666
0 0.1890625 0.8841666666666667 0.074375 0.09
0 0.2184375 0.7179166666666666 0.074375 0.0875
0 0.186875 0.21125 0.0575 0.07916666666666666
0 0.521875 0.265 0.0525 0.085
0 0.916875 0.11333333333333333 0.06 0.075
0 0.7934375 0.28583333333333333 0.060625 0.1
0 0.9084375 0.32875 0.061875 0.08083333333333333
0 0.8209375 0.23291666666666666 0.063125 0.0725
0 0.9478125 0.20375 0.061875 0.0875
0 0.539375 0.08083333333333333 0.055 0.09333333333333334
0 0.0409375 0.2579166666666667 0.056875 0.07916666666666666
0 0.4365625 0.16333333333333333 0.071875 0.09166666666666666
0 0.59375 0.585 0.05875 0.08
0 0.1665625 0.8308333333333333 0.078125 0.095
0 0.4575 0.6675 0.07625 0.095
0 0.2965625 0.7620833333333333 0.064375 0.08083333333333333
0 0.1165625 0.30583333333333335 0.068125 0.09833333333333333
0 0.8784375 0.09791666666666667 0.071875 0.09416666666666666
0 0.1875 0.475 0.0775 0.08833333333333333
0 0.1103125 0.8908333333333334 0.068125 0.10833333333333334
0 0.7659375 0.16 0.066875 0.07666666666666666
0 0.6671875 0.7816666666666666 0.068125 0.09666666666666666
0 0.36875 0.18375 0.06 0.0875
0 0.788125 0.6345833333333334 0.07375 0.07916666666666666
0 0.4696875 0.22833333333333333 0.065625 0.08833333333333333
0 0.6371875 0.29041666666666666 0.056875 0.07916666666666666
0 0.4365625 0.7725 0.064375 0.09666666666666666
0 0.9396875 0.8220833333333334 0.059375 0.09083333333333334
0 0.2646875 0.94875 0.066875 0.09083333333333334
0 0.5 0.18916666666666668 0.065 0.08166666666666667
0 0.4203125 0.21208333333333335 0.071875 0.07583333333333334
0 0.043125 0.5491666666666667 0.06 0.08166666666666667
1 0.6640625 0.40875 0.054375 0.0975
0 0.1415625 0.03791666666666667 0.071875 0.0725
0 0.1321875 0.12958333333333333 0.053125 0.0725
0 0.1071875 0.26208333333333333 0.063125 0.0775
0 0.0840625 0.20833333333333334 0.056875 0.09666666666666666
0 0.2425 0.10458333333333333 0.06 0.09916666666666667
0 0.218125 0.20083333333333334 0.05875 0.09
0 0.1934375 0.16875 0.061875 0.0775
0 0.32125 0.3358333333333333 0.06 0.08166666666666667
0 0.2246875 0.37833333333333335 0.064375 0.08166666666666667
0 0.91375 0.37041666666666667 0.0525 0.07416666666666667
0 0.775 0.12791666666666668 0.05625 0.08416666666666667
0 0.70625 0.12125 0.0525 0.08916666666666667
0 0.710625 0.18666666666666668 0.05875 0.08833333333333333
0 0.965625 0.23583333333333334 0.05375 0.09166666666666666
0 0.888125 0.13625 0.05875 0.08583333333333333
0 0.945 0.09916666666666667 0.05 0.07166666666666667
0 0.91 0.46208333333333335 0.0575 0.0825
0 0.96875 0.6733333333333333 0.06 0.07333333333333333
0 0.4490625 0.6141666666666666 0.066875 0.09333333333333334
0 0.43375 0.9483333333333334 0.06125 0.08333333333333333
0 0.3728125 0.84 0.065625 0.09166666666666666
0 0.315625 0.7375 0.07125 0.08
0 0.333125 0.5558333333333333 0.06 0.08
0 0.4215625 0.34833333333333333 0.063125 0.08
0 0.3728125 0.05708333333333333 0.065625 0.07583333333333334
0 0.470625 0.11708333333333333 0.0525 0.0825
0 0.5265625 0.1675 0.073125 0.08833333333333333
0 0.4946875 0.11625 0.055625 0.08083333333333333
0 0.38625 0.23416666666666666 0.0725 0.07666666666666666
0 0.474375 0.3466666666666667 0.06625 0.08833333333333333
0 0.6071875 0.31166666666666665 0.071875 0.07833333333333334
0 0.8028125 0.34 0.068125 0.1
0 0.776875 0.3829166666666667 0.06 0.0725
0 0.77 0.4245833333333333 0.06 0.0725
0 0.75 0.44875 0.05375 0.0825
0 0.724375 0.4066666666666667 0.06 0.08666666666666667
0 0.7415625 0.21416666666666667 0.054375 0.09333333333333334
0 0.8403125 0.20541666666666666 0.074375 0.08416666666666667
0 0.8453125 0.23291666666666666 0.064375 0.08583333333333333
0 0.9609375 0.5325 0.064375 0.08166666666666667
0 0.8384375 0.45708333333333334 0.068125 0.08416666666666667
0 0.62 0.6020833333333333 0.055 0.0875
0 0.6615625 0.6183333333333333 0.076875 0.08166666666666667
0 0.9309375 0.7691666666666667 0.075625 0.08
0 0.9421875 0.8820833333333333 0.064375 0.09083333333333334
0 0.96375 0.94 0.05875 0.08166666666666667
0 0.6603125 0.9516666666666667 0.045625 0.09333333333333334
0 0.6978125 0.92 0.061875 0.08666666666666667
0 0.66 0.8991666666666667 0.07125 0.07666666666666666
0 0.47625 0.8104166666666667 0.07 0.0825
0 0.8840625 0.8016666666666666 0.063125 0.08
0 0.6240625 0.5204166666666666 0.063125 0.0725
0 0.5184375 0.65625 0.065625 0.09416666666666666
0 0.265625 0.84 0.0625 0.09833333333333333
0 0.159375 0.5475 0.0525 0.06666666666666667
0 0.10625 0.7970833333333334 0.05 0.09416666666666666
0 0.125 0.9583333333333334 0.06375 0.06833333333333333
0 0.2653125 0.1475 0.055625 0.09333333333333334
0 0.2528125 0.6458333333333334 0.056875 0.08333333333333333
0 0.3175 0.68875 0.06 0.0825
0 0.6971875 0.3020833333333333 0.045625 0.10916666666666666
0 0.7209375 0.25833333333333336 0.055625 0.09666666666666666
0 0.750625 0.26666666666666666 0.06125 0.10666666666666667
0 0.623125 0.4008333333333333 0.05125 0.085
0 0.030625 0.2975 0.05875 0.09166666666666666
0 0.281875 0.6566666666666666 0.05875 0.09333333333333334
0 0.3590625 0.60625 0.064375 0.08583333333333333