1 0.6021875 0.16583333333333333 0.070625 0.09833333333333333
0 0.534375 0.051666666666666666 0.05625 0.07833333333333334
0 0.6053125 0.45458333333333334 0.069375 0.09583333333333334
0 0.81125 0.9475 0.065 0.08333333333333333
0 0.4825 0.5175 0.0825 0.09166666666666666
0 0.1940625 0.09875 0.068125 0.0975
0 0.535625 0.16125 0.06375 0.0775
0 0.3678125 0.19166666666666668 0.061875 0.07
0 0.3903125 0.9529166666666666 0.061875 0.0725
0 0.55 0.8104166666666667 0.0575 0.07416666666666667
0 0.81375 0.375 0.07625 0.09833333333333333
0 0.5278125 0.6604166666666667 0.079375 0.0875
0 0.323125 0.37 0.05625 0.07666666666666666
0 0.6546875 0.3020833333333333 0.065625 0.08416666666666667
0 0.7496875 0.71375 0.060625 0.09416666666666666
0 0.191875 0.54125 0.06 0.0725
0 0.7978125 0.75875 0.065625 0.08916666666666667
0 0.1903125 0.50625 0.066875 0.08416666666666667
0 0.3840625 0.7041666666666667 0.070625 0.075
0 0.17375 0.7270833333333333 0.06 0.1025
0 0.5275 0.22 0.0675 0.07
0 0.31625 0.8375 0.075 0.085
0 0.625625 0.7158333333333333 0.05875 0.07333333333333333
0 0.3071875 0.0525 0.073125 0.08166666666666667
0 0.165 0.40291666666666665 0.06875 0.09083333333333334
0 0.18125 0.23125 0.05875 0.07583333333333334
0 0.5740625 0.6516666666666666 0.060625 0.07833333333333334
0 0.23 0.7175 0.0575 0.07666666666666666
0 0.3803125 0.6254166666666666 0.063125 0.07583333333333334
0 0.73125 0.18833333333333332 0.06375 0.075
0 0.68875 0.58625 0.06 0.0825
0 0.3240625 0.48583333333333334 0.068125 0.07833333333333334
0 0.7590625 0.12833333333333333 0.056875 0.08166666666666667
0 0.17375 0.815 0.0625 0.08666666666666667
0 0.7878125 0.4425 0.059375 0.06833333333333333
0 0.68625 0.9304166666666667 0.0625 0.08083333333333333
0 0.3384375 0.2966666666666667 0.055625 0.07666666666666666
0 0.39625 0.445 0.06875 0.08
0 0.708125 0.09458333333333334 0.055 0.08583333333333333
0 0.5840625 0.54 0.059375 0.065
0 0.7934375 0.69875 0.060625 0.0725
0 0.6340625 0.21666666666666667 0.074375 0.1
0 0.5278125 0.7295833333333334 0.056875 0.059166666666666666
0 0.4415625 0.18625 0.061875 0.08083333333333333
0 0.2928125 0.23416666666666666 0.051875 0.07
0 0.4684375 0.61125 0.059375 0.07583333333333334
0 0.78125 0.60125 0.04875 0.08583333333333333
0 0.4459375 0.9329166666666666 0.068125 0.09083333333333334
0 0.67375 0.43125 0.06625 0.09083333333333334
0 0.3165625 0.4554166666666667 0.071875 0.0775
0 0.5190625 0.46541666666666665 0.078125 0.06583333333333333
0 0.3215625 0.5495833333333333 0.046875 0.059166666666666666
0 0.240625 0.48791666666666667 0.0575 0.08416666666666667
0 0.2253125 0.18458333333333332 0.050625 0.0575
0 0.276875 0.13333333333333333 0.05 0.07333333333333333
0 0.3675 0.0825 0.04875 0.075
0 0.403125 0.04583333333333333 0.055 0.07666666666666666
0 0.24875 0.10041666666666667 0.0475 0.10083333333333333
0 0.57125 0.9370833333333334 0.0575 0.07583333333333334
0 0.715625 0.48625 0.05875 0.0875
0 0.6296875 0.6525 0.048125 0.065
0 0.6084375 0.5970833333333333 0.059375 0.0575
1 0.64875 0.5254166666666666 0.08625 0.12916666666666668
0 0.5275 0.9254166666666667 0.07 0.08083333333333333
0 0.7675 0.355 0.0525 0.07166666666666667
0 0.721875 0.2520833333333333 0.055 0.05583333333333333
0 0.7290625 0.31125 0.064375 0.059166666666666666
0 0.665 0.28041666666666665 0.0575 0.09083333333333334
0 0.40375 0.5529166666666666 0.0675 0.06583333333333333
0 0.5559375 0.4125 0.043125 0.06833333333333333
0 0.3434375 0.5683333333333334 0.048125 0.06833333333333333