0 0.64375 0.08541666666666667 0.0675 0.10083333333333333
0 0.914375 0.24541666666666667 0.075 0.09416666666666666
0 0.31875 0.16375 0.0675 0.08416666666666667
0 0.855 0.315 0.065 0.1
0 0.4734375 0.1625 0.064375 0.07666666666666666
0 0.4825 0.30875 0.07 0.09916666666666667
0 0.7690625 0.6616666666666666 0.070625 0.095
0 0.6034375 0.3591666666666667 0.063125 0.09166666666666666
0 0.2315625 0.35208333333333336 0.066875 0.09083333333333334
0 0.3046875 0.9066666666666666 0.066875 0.085
0 0.5725 0.7341666666666666 0.0725 0.09166666666666666
0 0.743125 0.9120833333333334 0.06625 0.1075
0 0.895 0.6845833333333333 0.0675 0.1025
0 0.8428125 0.6258333333333334 0.069375 0.09666666666666666
0 0.1490625 0.7091666666666666 0.059375 0.08166666666666667
0 0.2909375 0.6395833333333333 0.068125 0.09416666666666666
0 0.6334375 0.8795833333333334 0.065625 0.0925
0 0.42 0.4775 0.07 0.09833333333333333
0 0.72125 0.27875 0.075 0.09583333333333334
0 0.7278125 0.5808333333333333 0.068125 0.08166666666666667
0 0.25625 0.8395833333333333 0.0775 0.0825
0 0.448125 0.3925 0.06875 0.09166666666666666
0 0.2496875 0.19125 0.061875 0.0825
0 0.7853125 0.34291666666666665 0.065625 0.0875
0 0.7109375 0.17541666666666667 0.071875 0.09416666666666666
0 0.044375 0.6108333333333333 0.0625 0.08833333333333333
0 0.1821875 0.5375 0.061875 0.1
0 0.396875 0.1025 0.06625 0.08666666666666667
0 0.3490625 0.5625 0.070625 0.09666666666666666
0 0.0784375 0.9266666666666666 0.069375 0.09333333333333334
0 0.393125 0.6179166666666667 0.06875 0.08416666666666667
0 0.340625 0.3754166666666667 0.0675 0.0925
0 0.14125 0.45666666666666667 0.0675 0.075
0 0.8240625 0.725 0.069375 0.08666666666666667
0 0.385 0.9195833333333333 0.06375 0.08583333333333333
0 0.4590625 0.5654166666666667 0.064375 0.09583333333333334
0 0.22125 0.7679166666666667 0.06375 0.0725
0 0.15125 0.3254166666666667 0.07875 0.08083333333333333
0 0.9259375 0.5816666666666667 0.074375 0.07833333333333334
0 0.2934375 0.7325 0.061875 0.07333333333333333
0 0.7925 0.24041666666666667 0.07125 0.09416666666666666
0 0.86125 0.13291666666666666 0.0675 0.09083333333333334
0 0.6040625 0.44333333333333336 0.068125 0.09166666666666666
0 0.890625 0.5075 0.0675 0.09333333333333334
0 0.21375 0.445 0.055 0.07666666666666666
0 0.8053125 0.5675 0.075625 0.095
0 0.179375 0.235 0.06875 0.1
0 0.525625 0.3975 0.065 0.1
0 0.693125 0.3754166666666667 0.07 0.09416666666666666
0 0.95625 0.44875 0.0725 0.09916666666666667
0 0.7434375 0.49416666666666664 0.076875 0.1
0 0.831875 0.47708333333333336 0.06375 0.0875
0 0.1434375 0.6183333333333333 0.055625 0.08166666666666667
0 0.9378125 0.14791666666666667 0.076875 0.09583333333333334
0 0.6171875 0.8083333333333333 0.061875 0.10166666666666667
0 0.3621875 0.84875 0.065625 0.1025
0 0.4309375 0.7829166666666667 0.065625 0.0875
0 0.524375 0.94375 0.0675 0.0975
0 0.2184375 0.6775 0.071875 0.09333333333333334
0 0.93125 0.7708333333333334 0.0725 0.09333333333333334
0 0.2621875 0.07208333333333333 0.066875 0.09083333333333334
0 0.3225 0.4725 0.07125 0.08333333333333333
0 0.4625 0.9208333333333333 0.05625 0.09333333333333334
0 0.3565625 0.27791666666666665 0.060625 0.09083333333333334
0 0.6421875 0.2891666666666667 0.069375 0.08166666666666667
0 0.08 0.3754166666666667 0.06 0.07916666666666666
0 0.41375 0.20958333333333334 0.07 0.0975
0 0.1046875 0.2825 0.064375 0.075
0 0.670625 0.6104166666666667 0.06625 0.08916666666666667
0 0.17375 0.90125 0.065 0.08416666666666667
0 0.095625 0.5708333333333333 0.05375 0.09
0 0.56 0.29333333333333333 0.06625 0.08666666666666667
0 0.4140625 0.7333333333333333 0.070625 0.09166666666666666
0 0.2003125 0.6120833333333333 0.068125 0.08583333333333333
0 0.780625 0.44375 0.065 0.09583333333333334
0 0.2628125 0.2658333333333333 0.048125 0.07166666666666667
0 0.2378125 0.11916666666666667 0.070625 0.09
0 0.3053125 0.31583333333333335 0.063125 0.07333333333333333
0 0.6703125 0.6958333333333333 0.071875 0.08833333333333333
0 0.491875 0.7254166666666667 0.06125 0.08416666666666667
0 0.34 0.06166666666666667 0.06875 0.10333333333333333
0 0.5703125 0.64 0.071875 0.1
0 0.60125 0.6566666666666666 0.06625 0.07833333333333334
0 0.446875 0.8775 0.07375 0.08666666666666667
0 0.495625 0.04 0.06375 0.07333333333333333
0 0.6759375 0.7433333333333333 0.060625 0.06833333333333333
0 0.058125 0.4475 0.07125 0.085
0 0.4421875 0.24125 0.066875 0.07416666666666667
0 0.28375 0.46416666666666667 0.075 0.08666666666666667
0 0.0290625 0.19375 0.056875 0.08416666666666667
0 0.031875 0.6933333333333334 0.05375 0.07333333333333333
0 0.9665625 0.3225 0.065625 0.09
0 0.5275 0.18291666666666667 0.05375 0.09416666666666666
0 0.0565625 0.03791666666666667 0.066875 0.07583333333333334
0 0.6953125 0.46625 0.095625 0.0625
0 0.164375 0.042916666666666665 0.0725 0.0825
1 0.6209375 0.5791666666666667 0.065625 0.08166666666666667
0 0.94625 0.7941666666666667 0.06125 0.08
0 0.304375 0.7720833333333333 0.0575 0.07416666666666667
0 0.1628125 0.855 0.059375 0.08333333333333333
0 0.06125 0.68875 0.06 0.07416666666666667
0 0.0715625 0.28375 0.063125 0.0725
0 0.1425 0.40375 0.06 0.0575
0 0.101875 0.5304166666666666 0.05875 0.08583333333333333
0 0.39125 0.3016666666666667 0.0575 0.07833333333333334
0 0.5184375 0.060833333333333336 0.063125 0.07666666666666666
0 0.51 0.76375 0.0625 0.07916666666666666
0 0.3278125 0.19208333333333333 0.053125 0.0725
0 0.466875 0.12833333333333333 0.05125 0.06333333333333334
0 0.5421875 0.2425 0.066875 0.07833333333333334
0 0.024375 0.84875 0.0475 0.09083333333333334
0 0.0521875 0.20666666666666667 0.058125 0.07833333333333334