0 0.2171875 0.5325 0.070625 0.085
0 0.578125 0.4379166666666667 0.075 0.10416666666666667
0 0.2965625 0.48625 0.073125 0.1025
0 0.805625 0.92625 0.0725 0.11083333333333334
0 0.1871875 0.82125 0.075625 0.10416666666666667
0 0.451875 0.11666666666666667 0.07 0.10666666666666667
0 0.1790625 0.24125 0.075625 0.0975
0 0.805 0.49583333333333335 0.0875 0.10166666666666667
0 0.65125 0.47458333333333336 0.06625 0.09416666666666666
0 0.7975 0.21208333333333335 0.06875 0.09583333333333334
0 0.609375 0.6545833333333333 0.0775 0.10083333333333333
0 0.6959375 0.83 0.080625 0.10166666666666667
0 0.45875 0.5295833333333333 0.08125 0.09083333333333334
0 0.6628125 0.16375 0.075625 0.09083333333333334
0 0.72625 0.5858333333333333 0.06875 0.08666666666666667
0 0.3515625 0.17375 0.071875 0.0925
0 0.583125 0.245 0.075 0.09833333333333333
0 0.3459375 0.7458333333333333 0.075625 0.105
0 0.6725 0.4008333333333333 0.08375 0.09666666666666666
0 0.190625 0.42041666666666666 0.065 0.09583333333333334
0 0.2615625 0.8954166666666666 0.083125 0.11083333333333334
0 0.7465625 0.3904166666666667 0.073125 0.10916666666666666
0 0.4690625 0.22291666666666668 0.079375 0.11583333333333333
0 0.81375 0.8283333333333334 0.0675 0.08333333333333333
0 0.3059375 0.11958333333333333 0.066875 0.1125
0 0.401875 0.91 0.0825 0.10333333333333333
0 0.1953125 0.09125 0.063125 0.0825
0 0.380625 0.7283333333333334 0.0775 0.1
0 0.3840625 0.07375 0.071875 0.09583333333333334
0 0.341875 0.5816666666666667 0.07 0.09666666666666666
0 0.6025 0.07291666666666667 0.065 0.059166666666666666