0 0.513125 0.3883333333333333 0.105 0.14
0 0.7721875 0.07791666666666666 0.096875 0.12916666666666668
0 0.2625 0.6383333333333333 0.10125 0.135
0 0.620625 0.2425 0.09 0.12
0 0.56125 0.8475 0.11 0.14666666666666667
0 0.7896875 0.4141666666666667 0.090625 0.12166666666666667
0 0.361875 0.3745833333333333 0.10625 0.1425
0 0.224375 0.87 0.1125 0.15
0 0.5171875 0.5104166666666666 0.094375 0.12583333333333332
0 0.1196875 0.5441666666666667 0.099375 0.13333333333333333
0 0.4428125 0.9254166666666667 0.103125 0.1375
0 0.84 0.19875 0.09125 0.12083333333333333
0 0.5059375 0.27166666666666667 0.099375 0.13166666666666665
0 0.7128125 0.37958333333333333 0.084375 0.1125
0 0.31875 0.6841666666666667 0.0925 0.12333333333333334
0 0.6821875 0.20958333333333334 0.091875 0.1225
0 0.4646875 0.19541666666666666 0.104375 0.13916666666666666
0 0.318125 0.22 0.1075 0.14333333333333334
0 0.3859375 0.515 0.104375 0.14
0 0.8603125 0.5475 0.098125 0.13166666666666665
0 0.27 0.7895833333333333 0.10625 0.14083333333333334
0 0.44125 0.6170833333333333 0.1 0.1325
0 0.7859375 0.3233333333333333 0.091875 0.12166666666666667
0 0.1528125 0.66625 0.094375 0.12583333333333332
0 0.18625 0.5333333333333333 0.10375 0.13833333333333334
0 0.6753125 0.31 0.090625 0.12
0 0.5978125 0.6195833333333334 0.094375 0.12583333333333332
0 0.435 0.44875 0.10375 0.13916666666666666
0 0.7165625 0.55125 0.098125 0.13083333333333333
0 0.7721875 0.6745833333333333 0.099375 0.1325
0 0.0525 0.535 0.105 0.14
0 0.905625 0.32208333333333333 0.1 0.13416666666666666
0 0.45875 0.555 0.11125 0.14833333333333334
0 0.2409375 0.4820833333333333 0.108125 0.14416666666666667
0 0.9028125 0.475 0.098125 0.13
0 0.6353125 0.4554166666666667 0.100625 0.13416666666666666
0 0.3590625 0.10291666666666667 0.096875 0.12916666666666668
0 0.77625 0.51375 0.085 0.1125
0 0.738125 0.47041666666666665 0.0975 0.12916666666666668
0 0.6615625 0.6454166666666666 0.098125 0.13083333333333333
0 0.6328125 0.405 0.101875 0.135
0 0.2184375 0.30833333333333335 0.110625 0.14666666666666667
0 0.6515625 0.5795833333333333 0.100625 0.13416666666666666