0 0.3571875 0.32166666666666666 0.061875 0.09333333333333334
0 0.7934375 0.8845833333333334 0.066875 0.11083333333333334
0 0.3009375 0.13625 0.070625 0.0875
0 0.449375 0.4404166666666667 0.06125 0.08916666666666667
0 0.493125 0.24458333333333335 0.07 0.08416666666666667
0 0.6453125 0.45708333333333334 0.070625 0.08916666666666667
0 0.0553125 0.1975 0.070625 0.07666666666666666
0 0.738125 0.46625 0.06875 0.09583333333333334
0 0.7071875 0.3416666666666667 0.075625 0.08166666666666667
0 0.8653125 0.62 0.070625 0.09166666666666666
0 0.8153125 0.15 0.074375 0.07833333333333334
0 0.68875 0.8366666666666667 0.04875 0.10166666666666667
0 0.56875 0.20791666666666667 0.06625 0.0925
0 0.3353125 0.5225 0.064375 0.11
0 0.1525 0.69375 0.07375 0.1125
0 0.44125 0.7270833333333333 0.0725 0.08916666666666667
0 0.26125 0.28833333333333333 0.07125 0.10166666666666667
0 0.2121875 0.71875 0.073125 0.0925
0 0.7996875 0.6829166666666666 0.080625 0.08583333333333333
0 0.1209375 0.29375 0.088125 0.08416666666666667
0 0.6525 0.6229166666666667 0.06625 0.0925
0 0.920625 0.4979166666666667 0.07125 0.0875
0 0.6065625 0.6825 0.051875 0.07833333333333334
0 0.82 0.25333333333333335 0.075 0.09
0 0.4475 0.5458333333333333 0.07125 0.1
0 0.2146875 0.5708333333333333 0.065625 0.08333333333333333
0 0.4625 0.18958333333333333 0.0625 0.09583333333333334
0 0.5371875 0.7695833333333333 0.084375 0.08916666666666667
0 0.3790625 0.5754166666666667 0.073125 0.10583333333333333
0 0.718125 0.6308333333333334 0.065 0.09666666666666666
0 0.463125 0.635 0.05125 0.11
0 0.095625 0.595 0.075 0.105
0 0.1671875 0.19583333333333333 0.093125 0.06833333333333333
0 0.6353125 0.8725 0.063125 0.11833333333333333
0 0.398125 0.14416666666666667 0.0725 0.075
0 0.76 0.62125 0.06625 0.08083333333333333
0 0.7984375 0.3275 0.060625 0.07833333333333334
0 0.7853125 0.235 0.074375 0.095
0 0.38375 0.27625 0.0825 0.0925
0 0.748125 0.3095833333333333 0.07375 0.0925
0 0.0715625 0.24333333333333335 0.074375 0.08166666666666667
0 0.904375 0.24333333333333335 0.05875 0.095
0 0.20625 0.5195833333333333 0.0725 0.08916666666666667
0 0.0584375 0.88625 0.073125 0.08583333333333333
0 0.5265625 0.385 0.069375 0.09666666666666666
0 0.7046875 0.5525 0.075625 0.10166666666666667
0 0.4171875 0.6295833333333334 0.064375 0.11916666666666667
0 0.70125 0.7029166666666666 0.07125 0.0975
0 0.8659375 0.12666666666666668 0.104375 0.08333333333333333
0 0.041875 0.72375 0.08125 0.10583333333333333
0 0.4946875 0.12125 0.119375 0.05583333333333333
0 0.39625 0.07083333333333333 0.07875 0.1
0 0.6 0.3254166666666667 0.07375 0.08583333333333333
0 0.15625 0.5470833333333334 0.06 0.11083333333333334
0 0.453125 0.8766666666666667 0.0625 0.13
0 0.27375 0.3670833333333333 0.0925 0.08583333333333333
0 0.7378125 0.09833333333333333 0.074375 0.10333333333333333
0 0.8021875 0.5108333333333334 0.063125 0.09166666666666666
0 0.186875 0.04041666666666666 0.07625 0.07416666666666667
0 0.8528125 0.42583333333333334 0.081875 0.08833333333333333
0 0.205625 0.4345833333333333 0.0675 0.09083333333333334
0 0.6140625 0.08791666666666667 0.085625 0.08083333333333333
0 0.955 0.37083333333333335 0.06625 0.10666666666666667
0 0.0859375 0.33 0.075625 0.08166666666666667
0 0.81 0.4633333333333333 0.0775 0.09333333333333334
0 0.6515625 0.6833333333333333 0.049375 0.09
0 0.2784375 0.55625 0.066875 0.08916666666666667
0 0.2740625 0.5008333333333334 0.079375 0.1
0 0.6578125 0.9095833333333333 0.081875 0.08916666666666667
0 0.05625 0.0575 0.08875 0.1
0 0.0853125 0.12583333333333332 0.093125 0.075
0 0.130625 0.7483333333333333 0.09375 0.09333333333333334
0 0.585625 0.38458333333333333 0.09375 0.08083333333333333
0 0.17375 0.07916666666666666 0.08375 0.07666666666666666
0 0.424375 0.9333333333333333 0.0675 0.10833333333333334
0 0.3796875 0.46125 0.074375 0.0875
0 0.0440625 0.9266666666666666 0.075625 0.10666666666666667
0 0.5290625 0.33541666666666664 0.074375 0.09416666666666666
0 0.5790625 0.28125 0.105625 0.06916666666666667
0 0.5759375 0.06375 0.079375 0.08416666666666667
0 0.16625 0.22333333333333333 0.06875 0.09333333333333334
0 0.04125 0.2816666666666667 0.08125 0.09333333333333334
0 0.08375 0.37375 0.0975 0.07416666666666667
0 0.933125 0.42875 0.10125 0.07416666666666667
0 0.96375 0.6545833333333333 0.07 0.0925