0 0.8125 0.40375 0.10625 0.14083333333333334
0 0.605625 0.47125 0.10625 0.1425
0 0.5046875 0.21708333333333332 0.103125 0.1375
0 0.61125 0.12916666666666668 0.10125 0.135
0 0.7190625 0.53625 0.106875 0.1425
0 0.485 0.715 0.1 0.13333333333333333
0 0.1265625 0.58125 0.104375 0.13916666666666666
0 0.6090625 0.8704166666666666 0.099375 0.1325
0 0.5428125 0.06958333333333333 0.099375 0.1325
0 0.120625 0.735 0.1 0.13333333333333333
0 0.2025 0.5016666666666667 0.1 0.13333333333333333
0 0.6396875 0.7325 0.110625 0.14666666666666667
0 0.5009375 0.38875 0.095625 0.1275
0 0.8571875 0.25333333333333335 0.109375 0.14666666666666667
0 0.611875 0.27375 0.10875 0.14416666666666667
0 0.4425 0.5191666666666667 0.0975 0.13
0 0.6678125 0.6245833333333334 0.101875 0.13583333333333333
0 0.1771875 0.6358333333333334 0.104375 0.13833333333333334
0 0.7728125 0.73875 0.119375 0.15916666666666668
0 0.3065625 0.23083333333333333 0.095625 0.12833333333333333
0 0.3534375 0.4270833333333333 0.101875 0.13583333333333333
0 0.5471875 0.43041666666666667 0.105625 0.14083333333333334
0 0.648125 0.93375 0.095 0.1275
0 0.2365625 0.9083333333333333 0.104375 0.14
0 0.375625 0.35875 0.11375 0.1525
1 0.91375 0.5725 0.1075 0.14333333333333334
0 0.230625 0.2525 0.11 0.14666666666666667
0 0.2934375 0.8570833333333333 0.093125 0.12416666666666666
0 0.590625 0.3433333333333333 0.10875 0.145
0 0.2478125 0.84 0.103125 0.13666666666666666
0 0.6896875 0.78625 0.088125 0.1175