0 0.4025 0.13166666666666665 0.1 0.13333333333333333
0 0.4159375 0.3908333333333333 0.105625 0.14
0 0.2903125 0.31625 0.111875 0.14916666666666667
0 0.3409375 0.3775 0.090625 0.12
0 0.231875 0.2225 0.1075 0.14333333333333334
0 0.3653125 0.6529166666666667 0.086875 0.11583333333333333
0 0.60625 0.6625 0.105 0.14
0 0.86875 0.8383333333333334 0.09375 0.125
0 0.768125 0.32458333333333333 0.095 0.1275
0 0.108125 0.17583333333333334 0.08375 0.11166666666666666
0 0.676875 0.6341666666666667 0.105 0.14
0 0.29875 0.2 0.09875 0.13166666666666665
0 0.6225 0.7608333333333334 0.1075 0.14333333333333334
0 0.821875 0.3575 0.1025 0.13666666666666666
0 0.7128125 0.38375 0.105625 0.14083333333333334
0 0.4546875 0.29541666666666666 0.108125 0.14416666666666667
0 0.8078125 0.8433333333333334 0.103125 0.13833333333333334
0 0.5546875 0.44208333333333333 0.110625 0.1475
0 0.639375 0.5629166666666666 0.09875 0.1325
0 0.7659375 0.9129166666666667 0.093125 0.12416666666666666
0 0.500625 0.89 0.08375 0.11166666666666666
0 0.26 0.4841666666666667 0.1 0.13333333333333333
0 0.2075 0.6645833333333333 0.09625 0.12916666666666668
0 0.213125 0.3333333333333333 0.09375 0.125
0 0.3684375 0.2520833333333333 0.108125 0.14416666666666667
0 0.32375 0.5745833333333333 0.09 0.12083333333333333
0 0.4884375 0.38 0.104375 0.14
0 0.616875 0.4775 0.1 0.13333333333333333
0 0.6884375 0.71875 0.090625 0.12083333333333333
0 0.57125 0.8891666666666667 0.1 0.13333333333333333
0 0.755625 0.5516666666666666 0.105 0.14
0 0.4709375 0.16625 0.104375 0.13916666666666666
0 0.831875 0.7604166666666666 0.0875 0.11583333333333333
0 0.4065625 0.5754166666666667 0.108125 0.14416666666666667
0 0.768125 0.7408333333333333 0.11 0.14666666666666667
0 0.4684375 0.5191666666666667 0.093125 0.12333333333333334
0 0.299375 0.8429166666666666 0.0975 0.13083333333333333
0 0.6303125 0.91875 0.094375 0.12583333333333332
0 0.30875 0.7116666666666667 0.1025 0.13666666666666666
0 0.3525 0.08166666666666667 0.08875 0.11833333333333333
0 0.52125 0.6466666666666666 0.085 0.11333333333333333
0 0.5403125 0.8179166666666666 0.090625 0.12083333333333333
0 0.9084375 0.75375 0.095625 0.1275
0 0.3534375 0.9145833333333333 0.093125 0.12416666666666666
0 0.8846875 0.4008333333333333 0.103125 0.13833333333333334
0 0.1596875 0.23791666666666667 0.095625 0.1275
0 0.44375 0.9020833333333333 0.10375 0.1375
0 0.405 0.73 0.0975 0.13
0 0.1775 0.5941666666666666 0.08875 0.11833333333333333
0 0.2415625 0.79125 0.098125 0.13083333333333333
0 0.255625 0.4170833333333333 0.1025 0.1375
0 0.8753125 0.61875 0.104375 0.13916666666666666
0 0.211875 0.08916666666666667 0.085 0.11333333333333333
0 0.6940625 0.5333333333333333 0.106875 0.14333333333333334
0 0.56125 0.5929166666666666 0.08875 0.1175
0 0.15375 0.52 0.0975 0.13
0 0.3828125 0.31125 0.114375 0.1525
0 0.3040625 0.5129166666666667 0.113125 0.15083333333333335