0 0.35375 0.8320833333333333 0.07 0.0825
0 0.1825 0.7716666666666666 0.06375 0.08
0 0.5459375 0.5529166666666666 0.075625 0.09916666666666667
0 0.5140625 0.38625 0.078125 0.09083333333333334
0 0.1228125 0.7504166666666666 0.064375 0.08583333333333333
0 0.1609375 0.59375 0.055625 0.06916666666666667
0 0.4175 0.20583333333333334 0.07375 0.09833333333333333
0 0.4415625 0.39625 0.069375 0.0825
0 0.220625 0.83875 0.055 0.08416666666666667
0 0.2409375 0.09583333333333334 0.075625 0.09833333333333333
0 0.590625 0.4075 0.07875 0.10166666666666667
0 0.2834375 0.61875 0.043125 0.08083333333333333
0 0.6546875 0.7366666666666667 0.065625 0.09666666666666666
0 0.4815625 0.5508333333333333 0.063125 0.07666666666666666
0 0.4059375 0.2916666666666667 0.068125 0.085
0 0.414375 0.5016666666666667 0.06 0.08
0 0.4446875 0.8095833333333333 0.076875 0.09916666666666667
1 0.7746875 0.6016666666666667 0.076875 0.11666666666666667
0 0.3628125 0.47458333333333336 0.066875 0.07916666666666666
0 0.3396875 0.26416666666666666 0.073125 0.095
0 0.2553125 0.41375 0.079375 0.0975
0 0.7065625 0.6766666666666666 0.071875 0.09166666666666666
0 0.489375 0.6654166666666667 0.065 0.0925
0 0.4865625 0.6220833333333333 0.058125 0.07583333333333334
0 0.379375 0.75 0.07125 0.09166666666666666
0 0.5328125 0.21916666666666668 0.070625 0.095
0 0.3534375 0.6445833333333333 0.061875 0.07583333333333334
0 0.2465625 0.865 0.066875 0.07833333333333334
0 0.18125 0.555 0.08 0.1
0 0.096875 0.5958333333333333 0.06375 0.07833333333333334
0 0.7128125 0.81 0.063125 0.08833333333333333
0 0.1940625 0.45375 0.050625 0.06916666666666667
0 0.4496875 0.7033333333333334 0.075625 0.09833333333333333
0 0.6159375 0.8116666666666666 0.064375 0.07833333333333334
0 0.0421875 0.057916666666666665 0.074375 0.10416666666666667
0 0.3228125 0.3775 0.068125 0.09166666666666666
0 0.3090625 0.195 0.056875 0.08166666666666667
0 0.4665625 0.47125 0.069375 0.08583333333333333
0 0.1459375 0.36 0.078125 0.095
0 0.1878125 0.22 0.068125 0.11
0 0.2171875 0.9341666666666667 0.066875 0.06666666666666667
0 0.4034375 0.59125 0.079375 0.09583333333333334
0 0.126875 0.68 0.08375 0.10833333333333334
0 0.415 0.6629166666666667 0.05875 0.08416666666666667
0 0.439375 0.8641666666666666 0.0725 0.09666666666666666
0 0.78125 0.7875 0.075 0.10833333333333334
0 0.2396875 0.4920833333333333 0.049375 0.07083333333333333
0 0.6321875 0.8925 0.074375 0.095
0 0.29375 0.87375 0.07125 0.1225
0 0.2134375 0.6833333333333333 0.064375 0.07
0 0.6571875 0.12708333333333333 0.073125 0.10583333333333333
0 0.369375 0.9225 0.04875 0.08
1 0.1296875 0.11083333333333334 0.093125 0.10166666666666667
0 0.7215625 0.5716666666666667 0.071875 0.10333333333333333
0 0.3025 0.48 0.0675 0.09166666666666666
0 0.7453125 0.90625 0.079375 0.1025
0 0.51375 0.29625 0.07125 0.09583333333333334
0 0.3484375 0.3279166666666667 0.071875 0.0925
0 0.8721875 0.88 0.075625 0.10333333333333333
0 0.9028125 0.54375 0.083125 0.09583333333333334
0 0.94625 0.49541666666666667 0.085 0.1025
0 0.9459375 0.6508333333333334 0.059375 0.07333333333333333
0 0.8409375 0.7345833333333334 0.073125 0.0875
0 0.7246875 0.21416666666666667 0.060625 0.08333333333333333
1 0.7665625 0.22958333333333333 0.064375 0.11583333333333333
1 0.4959375 0.09291666666666666 0.083125 0.0975
1 0.1221875 0.24083333333333334 0.075625 0.12666666666666668
0 0.83625 0.36291666666666667 0.07 0.09916666666666667
0 0.94375 0.5791666666666667 0.0575 0.07666666666666666
1 0.2471875 0.6829166666666666 0.070625 0.0975
1 0.0834375 0.5233333333333333 0.069375 0.1
0 0.3203125 0.49291666666666667 0.066875 0.0825
0 0.6865625 0.7825 0.080625 0.095
0 0.7053125 0.6166666666666667 0.071875 0.10166666666666667
0 0.6021875 0.7895833333333333 0.071875 0.06583333333333333
0 0.6565625 0.91 0.060625 0.07833333333333334
0 0.73 0.9366666666666666 0.06875 0.09333333333333334
0 0.8021875 0.8616666666666667 0.058125 0.08166666666666667
0 0.589375 0.845 0.07625 0.10166666666666667
0 0.5653125 0.9320833333333334 0.070625 0.06583333333333333
0 0.530625 0.89125 0.055 0.06916666666666667
0 0.5303125 0.8433333333333334 0.069375 0.08
0 0.4625 0.8691666666666666 0.0625 0.085
0 0.2715625 0.9433333333333334 0.073125 0.08
0 0.04625 0.7320833333333333 0.06125 0.0675
0 0.3815625 0.9545833333333333 0.066875 0.07916666666666666
0 0.278125 0.7833333333333333 0.055 0.09333333333333334
0 0.325625 0.72375 0.05375 0.08416666666666667
0 0.2625 0.7516666666666667 0.05875 0.075
0 0.34625 0.70875 0.065 0.08916666666666667
0 0.05625 0.1175 0.06375 0.095
0 0.1790625 0.28708333333333336 0.073125 0.09083333333333334
0 0.124375 0.3975 0.07875 0.08333333333333333
0 0.143125 0.4820833333333333 0.05 0.0825
0 0.0796875 0.4666666666666667 0.074375 0.07666666666666666
0 0.488125 0.15333333333333332 0.085 0.08333333333333333