0 0.761875 0.6708333333333333 0.0725 0.10666666666666667
1 0.42875 0.41625 0.095 0.12583333333333332
0 0.4875 0.12291666666666666 0.075 0.1025
0 0.2284375 0.8770833333333333 0.076875 0.10583333333333333
0 0.3253125 0.24208333333333334 0.075625 0.10416666666666667
0 0.494375 0.94125 0.07625 0.0925
0 0.4834375 0.6483333333333333 0.070625 0.09333333333333334
0 0.80125 0.25416666666666665 0.0775 0.11166666666666666
0 0.818125 0.41583333333333333 0.06375 0.10833333333333334
0 0.1803125 0.23333333333333334 0.068125 0.11666666666666667
0 0.6665625 0.6945833333333333 0.081875 0.1025
0 0.7346875 0.26375 0.070625 0.1075
0 0.4471875 0.73375 0.064375 0.09083333333333334
0 0.651875 0.3933333333333333 0.0725 0.09333333333333334
0 0.365625 0.76625 0.07125 0.1075
0 0.616875 0.3475 0.0825 0.095
0 0.3959375 0.6508333333333334 0.070625 0.09
0 0.80875 0.6791666666666667 0.07625 0.11333333333333333
0 0.6921875 0.7429166666666667 0.073125 0.1025
0 0.78875 0.90625 0.0775 0.1025
0 0.5909375 0.2554166666666667 0.070625 0.08583333333333333
0 0.44375 0.3475 0.07375 0.09333333333333334
0 0.406875 0.2654166666666667 0.07875 0.09416666666666666