0 0.61875 0.8291666666666667 0.10875 0.145
0 0.7275 0.46041666666666664 0.10625 0.1425
0 0.23875 0.5091666666666667 0.11375 0.15166666666666667
0 0.6271875 0.21291666666666667 0.100625 0.13416666666666666
0 0.855625 0.45916666666666667 0.11625 0.155
0 0.7078125 0.36916666666666664 0.106875 0.14166666666666666
0 0.9209375 0.5479166666666667 0.085625 0.11416666666666667
0 0.4465625 0.35041666666666665 0.098125 0.13083333333333333
0 0.1353125 0.17375 0.116875 0.15583333333333332
0 0.1525 0.32666666666666666 0.10125 0.135
0 0.5778125 0.08833333333333333 0.104375 0.13833333333333334
0 0.269375 0.37583333333333335 0.10875 0.145
0 0.4378125 0.23333333333333334 0.109375 0.14666666666666667
0 0.5428125 0.62625 0.106875 0.1425
0 0.7165625 0.7829166666666667 0.091875 0.1225
0 0.241875 0.6783333333333333 0.11 0.14666666666666667
0 0.4715625 0.3045833333333333 0.103125 0.1375
0 0.845625 0.5479166666666667 0.11125 0.1475
0 0.703125 0.29 0.11 0.14666666666666667
0 0.3003125 0.62875 0.103125 0.1375
0 0.58375 0.41833333333333333 0.10125 0.135
0 0.94625 0.63375 0.095 0.12583333333333332
0 0.4546875 0.14333333333333334 0.103125 0.13833333333333334
0 0.266875 0.06208333333333333 0.08875 0.11916666666666667
0 0.4209375 0.5470833333333334 0.113125 0.15083333333333335
0 0.1590625 0.6670833333333334 0.093125 0.12416666666666666
0 0.6953125 0.5808333333333333 0.104375 0.14
0 0.5096875 0.43875 0.093125 0.12416666666666666
0 0.5384375 0.34875 0.104375 0.13916666666666666
0 0.8121875 0.32 0.100625 0.135
0 0.373125 0.1325 0.105 0.14
0 0.40375 0.49291666666666667 0.1 0.13416666666666666
0 0.0821875 0.4270833333333333 0.103125 0.1375
0 0.4903125 0.5383333333333333 0.106875 0.14166666666666666
1 0.4871875 0.85625 0.130625 0.17416666666666666
0 0.3684375 0.26416666666666666 0.101875 0.135
0 0.3884375 0.29583333333333334 0.100625 0.135