0 0.7540625 0.91 0.075625 0.09833333333333333
0 0.1465625 0.22958333333333333 0.081875 0.09583333333333334
0 0.8553125 0.7125 0.075625 0.10666666666666667
0 0.081875 0.15291666666666667 0.07625 0.1025
0 0.12 0.30916666666666665 0.05375 0.08333333333333333
0 0.52625 0.08 0.07 0.08333333333333333
0 0.425 0.19708333333333333 0.07125 0.08083333333333333
0 0.3903125 0.10125 0.075625 0.1025
0 0.2325 0.8570833333333333 0.07625 0.09583333333333334
0 0.7125 0.8379166666666666 0.0775 0.1025
0 0.2396875 0.165 0.071875 0.115
0 0.4165625 0.8583333333333333 0.069375 0.08833333333333333
0 0.515 0.47708333333333336 0.06625 0.0775
0 0.546875 0.14916666666666667 0.07375 0.08666666666666667
0 0.1834375 0.06166666666666667 0.070625 0.09666666666666666
0 0.2525 0.6766666666666666 0.07125 0.07833333333333334
0 0.0515625 0.07041666666666667 0.065625 0.07583333333333334
0 0.173125 0.7379166666666667 0.06 0.08916666666666667
0 0.126875 0.05375 0.0825 0.0975
0 0.07625 0.5725 0.07625 0.09166666666666666
0 0.57875 0.22041666666666668 0.06625 0.08083333333333333
0 0.220625 0.7991666666666667 0.075 0.09833333333333333
0 0.1590625 0.6216666666666667 0.070625 0.10166666666666667
0 0.6315625 0.14333333333333334 0.078125 0.10166666666666667
0 0.746875 0.6754166666666667 0.065 0.09416666666666666
0 0.751875 0.5170833333333333 0.075 0.10083333333333333
0 0.7996875 0.5579166666666666 0.069375 0.1025
0 0.83 0.2175 0.08125 0.10666666666666667
0 0.73375 0.1625 0.0525 0.10166666666666667
0 0.500625 0.23041666666666666 0.06375 0.09416666666666666
0 0.5628125 0.2658333333333333 0.064375 0.08833333333333333
0 0.32625 0.34291666666666665 0.07 0.08083333333333333
0 0.44875 0.7170833333333333 0.07875 0.10583333333333333
0 0.87375 0.16083333333333333 0.07125 0.10333333333333333
0 0.6409375 0.19708333333333333 0.068125 0.09416666666666666
1 0.7953125 0.12875 0.086875 0.10416666666666667
0 0.3665625 0.26166666666666666 0.079375 0.10666666666666667
0 0.6871875 0.28708333333333336 0.060625 0.07916666666666666
0 0.37125 0.79 0.06625 0.07333333333333333
0 0.3265625 0.7433333333333333 0.063125 0.08666666666666667
0 0.3996875 0.3025 0.065625 0.09166666666666666
0 0.304375 0.77375 0.07125 0.09083333333333334
0 0.4396875 0.47333333333333333 0.068125 0.1
0 0.5628125 0.51875 0.075625 0.10083333333333333
0 0.6909375 0.20791666666666667 0.053125 0.0825
0 0.2721875 0.28291666666666665 0.075625 0.09583333333333334
0 0.0321875 0.29375 0.064375 0.0875
1 0.4590625 0.33625 0.088125 0.0975
1 0.0865625 0.7566666666666667 0.083125 0.09666666666666666
0 0.09625 0.8045833333333333 0.055 0.0825
0 0.05875 0.6820833333333334 0.065 0.07583333333333334
0 0.09 0.6645833333333333 0.0675 0.07916666666666666
0 0.4059375 0.46 0.071875 0.09666666666666666
0 0.514375 0.38458333333333333 0.07375 0.1075
0 0.52875 0.28541666666666665 0.07375 0.09416666666666666
0 0.2959375 0.26458333333333334 0.061875 0.09416666666666666
0 0.8153125 0.5075 0.065625 0.1
0 0.930625 0.5125 0.0775 0.1
0 0.9390625 0.3333333333333333 0.094375 0.09166666666666666
0 0.8840625 0.49291666666666667 0.069375 0.09416666666666666
0 0.91875 0.44125 0.0625 0.08083333333333333
0 0.9025 0.37333333333333335 0.06375 0.085
0 0.95 0.24583333333333332 0.05375 0.08666666666666667
0 0.3534375 0.8820833333333333 0.061875 0.1125