0 0.1475 0.7491666666666666 0.09875 0.13166666666666665
0 0.815 0.5141666666666667 0.10375 0.13833333333333334
0 0.6109375 0.42041666666666666 0.074375 0.09916666666666667
0 0.51 0.09083333333333334 0.0925 0.12333333333333334
0 0.378125 0.29875 0.09375 0.12583333333333332
0 0.650625 0.7608333333333334 0.08875 0.11833333333333333
0 0.340625 0.1975 0.11 0.14666666666666667
0 0.9015625 0.5075 0.109375 0.14666666666666667
0 0.4221875 0.6054166666666667 0.079375 0.10583333333333333
0 0.4290625 0.13166666666666665 0.096875 0.13
0 0.5 0.2608333333333333 0.0875 0.11666666666666667
0 0.7634375 0.4708333333333333 0.091875 0.12166666666666667
0 0.62375 0.6854166666666667 0.09125 0.12083333333333333
0 0.21 0.3333333333333333 0.0975 0.13
0 0.5928125 0.61375 0.093125 0.12416666666666666
0 0.19 0.8933333333333333 0.09 0.12
0 0.4271875 0.5045833333333334 0.090625 0.12083333333333333
0 0.725 0.6783333333333333 0.10875 0.145
0 0.445625 0.49416666666666664 0.09375 0.125
0 0.593125 0.3383333333333333 0.1 0.13333333333333333
0 0.2865625 0.4429166666666667 0.106875 0.1425
0 0.935625 0.38666666666666666 0.0825 0.11
0 0.46625 0.19583333333333333 0.0925 0.12333333333333334
0 0.88625 0.40125 0.09875 0.1325
0 0.6975 0.5108333333333334 0.105 0.14
0 0.153125 0.8416666666666667 0.0975 0.13
0 0.7778125 0.22291666666666668 0.103125 0.1375
0 0.4378125 0.40208333333333335 0.105625 0.14083333333333334
0 0.286875 0.2825 0.1075 0.14333333333333334
0 0.5409375 0.9233333333333333 0.099375 0.13333333333333333
0 0.5621875 0.47041666666666665 0.099375 0.1325
0 0.5915625 0.8529166666666667 0.080625 0.1075
0 0.6140625 0.23375 0.104375 0.13916666666666666
0 0.61875 0.5141666666666667 0.09375 0.125
0 0.596875 0.75125 0.085 0.11416666666666667
0 0.6425 0.15916666666666668 0.11 0.14666666666666667
0 0.2696875 0.3145833333333333 0.091875 0.1225
0 0.0675 0.7920833333333334 0.09125 0.12083333333333333
0 0.51875 0.49916666666666665 0.0925 0.12333333333333334
0 0.2509375 0.48791666666666667 0.085625 0.11416666666666667
0 0.6559375 0.36291666666666667 0.074375 0.09916666666666667
0 0.4321875 0.2679166666666667 0.086875 0.11583333333333333
0 0.62625 0.8591666666666666 0.08875 0.11833333333333333
0 0.5021875 0.77125 0.086875 0.11583333333333333
0 0.6715625 0.4216666666666667 0.089375 0.12
0 0.793125 0.14166666666666666 0.095 0.12666666666666668
0 0.7459375 0.37625 0.098125 0.13083333333333333
0 0.8328125 0.305 0.091875 0.12166666666666667
0 0.704375 0.29583333333333334 0.08 0.10666666666666667
0 0.7159375 0.3775 0.096875 0.12833333333333333
0 0.8334375 0.35541666666666666 0.091875 0.1225
0 0.795 0.3433333333333333 0.09375 0.125
0 0.570625 0.2675 0.085 0.11333333333333333
0 0.690625 0.6716666666666666 0.09375 0.125
0 0.63375 0.8979166666666667 0.08625 0.11583333333333333
0 0.6715625 0.6345833333333334 0.098125 0.13083333333333333
0 0.6640625 0.5270833333333333 0.098125 0.13083333333333333
0 0.573125 0.5325 0.0825 0.11
0 0.6765625 0.58375 0.093125 0.12416666666666666
1 0.7696875 0.2704166666666667 0.126875 0.16916666666666666
1 0.5496875 0.7720833333333333 0.138125 0.18416666666666667
0 0.3928125 0.16458333333333333 0.086875 0.11583333333333333
0 0.510625 0.21666666666666667 0.0875 0.11666666666666667