0 0.6715625 0.5891666666666666 0.086875 0.115
0 0.4965625 0.9179166666666667 0.083125 0.11083333333333334
0 0.463125 0.37166666666666665 0.08875 0.11833333333333333
0 0.603125 0.8870833333333333 0.0925 0.12416666666666666
0 0.6165625 0.6216666666666667 0.090625 0.12166666666666667
0 0.3421875 0.40291666666666665 0.098125 0.13083333333333333
0 0.78625 0.5458333333333333 0.095 0.12666666666666668
0 0.7421875 0.3433333333333333 0.104375 0.13833333333333334
0 0.521875 0.7408333333333333 0.08375 0.11166666666666666
0 0.418125 0.8304166666666667 0.09 0.12083333333333333
0 0.7109375 0.48583333333333334 0.091875 0.12166666666666667
0 0.1846875 0.5575 0.114375 0.15333333333333332
0 0.529375 0.61 0.08875 0.11833333333333333
1 0.5828125 0.7395833333333334 0.105625 0.14083333333333334
0 0.6821875 0.8104166666666667 0.101875 0.13583333333333333
0 0.270625 0.43375 0.09375 0.12416666666666666
0 0.305 0.8616666666666667 0.08375 0.11166666666666666
0 0.769375 0.43083333333333335 0.08875 0.11833333333333333
0 0.82875 0.6133333333333333 0.0975 0.13
0 0.6465625 0.7441666666666666 0.090625 0.12166666666666667
0 0.448125 0.07125 0.10125 0.13416666666666666
0 0.6634375 0.3279166666666667 0.083125 0.11083333333333334
0 0.825625 0.39666666666666667 0.095 0.12666666666666668
0 0.475625 0.8058333333333333 0.09625 0.12833333333333333
0 0.1009375 0.44583333333333336 0.109375 0.145
0 0.5940625 0.13291666666666666 0.093125 0.12416666666666666
0 0.9215625 0.6341666666666667 0.089375 0.11833333333333333
0 0.5378125 0.18375 0.084375 0.1125
0 0.546875 0.08583333333333333 0.0875 0.11666666666666667
0 0.8846875 0.4725 0.099375 0.13166666666666665
1 0.195 0.44375 0.12875 0.1725
0 0.52875 0.8491666666666666 0.095 0.12666666666666668
1 0.261875 0.3304166666666667 0.115 0.15416666666666667
0 0.3621875 0.84125 0.094375 0.12583333333333332
0 0.245 0.1875 0.1025 0.13666666666666666
0 0.9271875 0.7108333333333333 0.105625 0.14166666666666666
0 0.851875 0.5391666666666667 0.09125 0.12166666666666667
0 0.6271875 0.27458333333333335 0.090625 0.12083333333333333
0 0.9503125 0.48125 0.090625 0.12083333333333333
0 0.9128125 0.4245833333333333 0.074375 0.09916666666666667
1 0.443125 0.17041666666666666 0.1225 0.16416666666666666
0 0.25625 0.22541666666666665 0.0925 0.1225
0 0.5596875 0.8379166666666666 0.095625 0.1275
0 0.8534375 0.3175 0.079375 0.105
0 0.8484375 0.3879166666666667 0.079375 0.10583333333333333