0 0.82375 0.4175 0.07125 0.105
0 0.4246875 0.13333333333333333 0.066875 0.09333333333333334
0 0.486875 0.1225 0.0725 0.09833333333333333
0 0.28875 0.8570833333333333 0.0725 0.10083333333333333
0 0.5534375 0.17125 0.069375 0.0975
0 0.21875 0.9141666666666667 0.0625 0.07333333333333333
0 0.6425 0.47125 0.06375 0.09083333333333334
0 0.3584375 0.595 0.074375 0.10833333333333334
0 0.201875 0.5770833333333333 0.06875 0.09916666666666667
0 0.4053125 0.051666666666666666 0.066875 0.1
0 0.68625 0.21125 0.055 0.08416666666666667
0 0.701875 0.6425 0.06125 0.085
0 0.51 0.79875 0.07 0.10083333333333333
0 0.32 0.7775 0.0625 0.08833333333333333
0 0.695625 0.7325 0.0775 0.095
0 0.2634375 0.6404166666666666 0.069375 0.0925
0 0.719375 0.1325 0.07375 0.10666666666666667
0 0.69625 0.5 0.06125 0.09333333333333334
0 0.7471875 0.5891666666666666 0.059375 0.08666666666666667
0 0.610625 0.10375 0.05 0.0775
0 0.435625 0.57 0.08125 0.10833333333333334
0 0.8003125 0.6566666666666666 0.071875 0.09
0 0.29125 0.5575 0.06 0.08
0 0.3909375 0.48833333333333334 0.068125 0.09333333333333334
0 0.7171875 0.8116666666666666 0.076875 0.10166666666666667
0 0.578125 0.39666666666666667 0.07375 0.10166666666666667
0 0.8209375 0.76 0.069375 0.08
0 0.7346875 0.9183333333333333 0.065625 0.09333333333333334
0 0.795 0.265 0.07625 0.10166666666666667
0 0.5453125 0.09416666666666666 0.063125 0.08166666666666667
0 0.705625 0.30083333333333334 0.07 0.09666666666666666
0 0.220625 0.18041666666666667 0.075 0.09416666666666666
0 0.3309375 0.45166666666666666 0.065625 0.09333333333333334
0 0.3684375 0.17916666666666667 0.064375 0.08166666666666667
0 0.6634375 0.08791666666666667 0.060625 0.0925
1 0.761875 0.50375 0.085 0.11083333333333334
0 0.321875 0.21 0.07 0.09333333333333334
0 0.820625 0.62 0.06125 0.09833333333333333
0 0.6396875 0.87 0.075625 0.08833333333333333
0 0.46125 0.65375 0.075 0.0925
0 0.2796875 0.21166666666666667 0.053125 0.085
1 0.4903125 0.7008333333333333 0.083125 0.11833333333333333
0 0.6365625 0.3229166666666667 0.068125 0.0875
1 0.569375 0.31875 0.1175 0.0975
1 0.491875 0.6991666666666667 0.0825 0.11833333333333333
0 0.4140625 0.6691666666666667 0.073125 0.08833333333333333
0 0.365 0.68125 0.08375 0.0875
0 0.794375 0.7504166666666666 0.06125 0.08916666666666667
0 0.8275 0.19208333333333333 0.065 0.0875
0 0.766875 0.2075 0.065 0.10166666666666667
0 0.2871875 0.6395833333333333 0.066875 0.09083333333333334
0 0.26125 0.16458333333333333 0.065 0.08083333333333333
0 0.619375 0.3875 0.07625 0.1
0 0.6925 0.33 0.06625 0.08