0 0.4465625 0.14708333333333334 0.083125 0.11083333333333334
0 0.0565625 0.6066666666666667 0.111875 0.14833333333333334
0 0.6465625 0.7320833333333333 0.088125 0.1175
0 0.758125 0.6270833333333333 0.09625 0.12916666666666668
0 0.2628125 0.5141666666666667 0.099375 0.13333333333333333
0 0.6240625 0.34708333333333335 0.088125 0.1175
0 0.5246875 0.27375 0.091875 0.1225
0 0.52375 0.6958333333333333 0.09875 0.13166666666666665
0 0.3190625 0.46541666666666665 0.085625 0.11416666666666667
1 0.8840625 0.22541666666666665 0.113125 0.15083333333333335
0 0.49875 0.38666666666666666 0.08875 0.11833333333333333
0 0.5271875 0.17875 0.084375 0.1125
0 0.381875 0.6183333333333333 0.09125 0.12166666666666667
0 0.890625 0.33125 0.085 0.1125
0 0.2878125 0.76875 0.101875 0.13583333333333333
0 0.501875 0.9016666666666666 0.10125 0.135
0 0.8690625 0.54375 0.089375 0.11916666666666667
0 0.445 0.46708333333333335 0.08875 0.11916666666666667
0 0.495 0.56 0.0925 0.12333333333333334
0 0.6253125 0.5033333333333333 0.096875 0.13
0 0.319375 0.68 0.10125 0.135
0 0.62 0.5708333333333333 0.1 0.13333333333333333
0 0.520625 0.47708333333333336 0.08875 0.11916666666666667
0 0.59 0.8620833333333333 0.08875 0.11916666666666667
0 0.906875 0.5791666666666667 0.09375 0.125
0 0.628125 0.8033333333333333 0.09 0.12
0 0.939375 0.52875 0.09625 0.1275
0 0.1375 0.5866666666666667 0.095 0.12666666666666668
0 0.373125 0.47583333333333333 0.085 0.11333333333333333
0 0.63375 0.9029166666666667 0.095 0.1275
0 0.1778125 0.5329166666666667 0.105625 0.14083333333333334
0 0.4028125 0.42916666666666664 0.089375 0.12