0 0.2965625 0.29625 0.094375 0.12583333333333332
0 0.6146875 0.8933333333333333 0.084375 0.11333333333333333
0 0.6653125 0.3229166666666667 0.095625 0.1275
0 0.1959375 0.5645833333333333 0.088125 0.1175
0 0.6146875 0.7720833333333333 0.094375 0.12583333333333332
0 0.2715625 0.08125 0.085625 0.11416666666666667
0 0.3140625 0.5795833333333333 0.091875 0.1225
0 0.8490625 0.50375 0.093125 0.12416666666666666
0 0.1059375 0.47291666666666665 0.098125 0.13083333333333333
1 0.205625 0.0925 0.10875 0.145
0 0.3875 0.885 0.095 0.12666666666666668
0 0.524375 0.7675 0.09375 0.125
0 0.311875 0.145 0.0825 0.11
0 0.05125 0.42541666666666667 0.09125 0.12083333333333333
0 0.5975 0.44333333333333336 0.1075 0.14333333333333334
0 0.7309375 0.7520833333333333 0.081875 0.10916666666666666
0 0.598125 0.14208333333333334 0.075 0.10083333333333333
0 0.848125 0.7258333333333333 0.0875 0.11666666666666667
0 0.76875 0.92 0.09 0.12
0 0.878125 0.5945833333333334 0.08625 0.11416666666666667
0 0.63375 0.21041666666666667 0.0975 0.12916666666666668
1 0.5084375 0.435 0.100625 0.135
0 0.4871875 0.10083333333333333 0.085625 0.115
0 0.676875 0.8933333333333333 0.095 0.12666666666666668
0 0.41875 0.5629166666666666 0.0875 0.1175
0 0.90375 0.6583333333333333 0.0825 0.11
0 0.27 0.6458333333333334 0.09625 0.12833333333333333
0 0.2203125 0.295 0.095625 0.12833333333333333
0 0.241875 0.3675 0.08375 0.11166666666666666
0 0.1990625 0.6458333333333334 0.089375 0.11833333333333333
0 0.44375 0.385 0.1075 0.14333333333333334
0 0.4453125 0.46625 0.080625 0.1075
0 0.791875 0.27625 0.09125 0.1225
0 0.7846875 0.7304166666666667 0.074375 0.09916666666666667
0 0.495625 0.8370833333333333 0.07625 0.1025
0 0.4003125 0.10666666666666667 0.085625 0.115
0 0.7634375 0.21625 0.079375 0.10583333333333333
0 0.266875 0.7875 0.07625 0.10166666666666667
0 0.1203125 0.3129166666666667 0.083125 0.11083333333333334
0 0.2171875 0.24708333333333332 0.095625 0.1275
1 0.211875 0.6970833333333334 0.1025 0.1375
0 0.4671875 0.7020833333333333 0.088125 0.1175
0 0.5128125 0.52 0.089375 0.12
0 0.9478125 0.44625 0.074375 0.09916666666666667
0 0.4034375 0.8079166666666666 0.074375 0.09916666666666667
0 0.6096875 0.3645833333333333 0.083125 0.11083333333333334
0 0.9396875 0.58125 0.085625 0.11416666666666667
1 0.62375 0.09166666666666666 0.11 0.14666666666666667
0 0.28875 0.7591666666666667 0.07875 0.105
0 0.4121875 0.5204166666666666 0.074375 0.09916666666666667
0 0.49125 0.5120833333333333 0.0875 0.1175
0 0.41 0.7475 0.06625 0.08833333333333333
0 0.2990625 0.7008333333333333 0.081875 0.11