0 0.221875 0.405 0.0925 0.12333333333333334
0 0.366875 0.44166666666666665 0.10875 0.145
0 0.7446875 0.5508333333333333 0.103125 0.13833333333333334
0 0.7003125 0.45208333333333334 0.114375 0.1525
0 0.2609375 0.6370833333333333 0.091875 0.1225
0 0.724375 0.765 0.10125 0.135
0 0.213125 0.5033333333333333 0.095 0.12666666666666668
0 0.7715625 0.33125 0.099375 0.1325
0 0.6215625 0.38416666666666666 0.104375 0.14
0 0.2521875 0.76125 0.104375 0.13916666666666666
0 0.484375 0.1575 0.1075 0.14333333333333334
0 0.36375 0.6458333333333334 0.105 0.14
0 0.428125 0.3275 0.1025 0.13666666666666666
0 0.4909375 0.51 0.094375 0.125
0 0.12625 0.47625 0.10375 0.1375
0 0.135625 0.3541666666666667 0.10625 0.14166666666666666
0 0.8396875 0.6416666666666667 0.086875 0.115
0 0.66 0.6741666666666667 0.10375 0.13833333333333334
0 0.1228125 0.81625 0.100625 0.13416666666666666
0 0.398125 0.5616666666666666 0.1125 0.15
0 0.7975 0.43875 0.09375 0.12416666666666666
0 0.1740625 0.6520833333333333 0.095625 0.1275
0 0.54625 0.6825 0.11 0.14666666666666667
0 0.339375 0.17 0.105 0.14
0 0.5621875 0.31125 0.105625 0.14083333333333334
0 0.8346875 0.5841666666666666 0.103125 0.13833333333333334
0 0.2853125 0.48375 0.085625 0.11416666666666667
0 0.6128125 0.6079166666666667 0.094375 0.12583333333333332
0 0.8771875 0.17625 0.093125 0.12416666666666666
0 0.5103125 0.3983333333333333 0.106875 0.14166666666666666
0 0.3575 0.31583333333333335 0.095 0.12666666666666668
0 0.3228125 0.2375 0.106875 0.14333333333333334
0 0.126875 0.7095833333333333 0.11 0.1475
0 0.094375 0.6083333333333333 0.09 0.12
0 0.3878125 0.6945833333333333 0.098125 0.13083333333333333
0 0.946875 0.30375 0.09 0.11916666666666667
0 0.6021875 0.53875 0.096875 0.12916666666666668
0 0.6025 0.48625 0.1025 0.13583333333333333
0 0.1690625 0.85375 0.104375 0.13916666666666666
0 0.875625 0.43416666666666665 0.08375 0.11166666666666666
0 0.620625 0.17333333333333334 0.1025 0.13666666666666666
0 0.5696875 0.12958333333333333 0.104375 0.13916666666666666
0 0.56625 0.1875 0.07625 0.10166666666666667
0 0.1165625 0.5504166666666667 0.114375 0.1525
0 0.811875 0.465 0.0975 0.13