0 0.9 0.5525 0.07 0.08333333333333333
0 0.4309375 0.11833333333333333 0.068125 0.09333333333333334
0 0.6628125 0.10208333333333333 0.068125 0.08583333333333333
0 0.120625 0.5716666666666667 0.06625 0.08666666666666667
0 0.1690625 0.36791666666666667 0.068125 0.0925
0 0.8221875 0.9216666666666666 0.068125 0.085
0 0.60875 0.7808333333333334 0.06625 0.09166666666666666
0 0.086875 0.8916666666666667 0.08125 0.10333333333333333
0 0.9375 0.67 0.06875 0.08333333333333333
0 0.7571875 0.4508333333333333 0.065625 0.08166666666666667
0 0.1003125 0.47583333333333333 0.078125 0.11333333333333333
0 0.4859375 0.6904166666666667 0.071875 0.0875
0 0.8178125 0.3120833333333333 0.061875 0.09083333333333334
0 0.68125 0.3908333333333333 0.08375 0.09
0 0.525 0.14625 0.05125 0.06916666666666667
0 0.8665625 0.29583333333333334 0.080625 0.09
0 0.6409375 0.8575 0.090625 0.08666666666666667
0 0.8253125 0.17291666666666666 0.078125 0.10416666666666667
1 0.719375 0.5029166666666667 0.0825 0.10416666666666667