0 0.91375 0.19791666666666666 0.065 0.0925
0 0.0715625 0.2791666666666667 0.071875 0.07833333333333334
0 0.73 0.5995833333333334 0.06875 0.09416666666666666
0 0.60625 0.5745833333333333 0.065 0.1075
0 0.81375 0.4533333333333333 0.06375 0.09833333333333333
0 0.453125 0.8366666666666667 0.0625 0.09166666666666666
0 0.91375 0.4125 0.065 0.09666666666666666
0 0.570625 0.8533333333333334 0.06375 0.09833333333333333
0 0.711875 0.37375 0.06375 0.10416666666666667
0 0.3084375 0.2529166666666667 0.065625 0.09583333333333334
0 0.3071875 0.8341666666666666 0.056875 0.08833333333333333
0 0.525 0.6570833333333334 0.06625 0.09416666666666666
0 0.15375 0.36916666666666664 0.07 0.08
0 0.40625 0.445 0.0675 0.09333333333333334
0 0.64375 0.5175 0.06125 0.11333333333333333
0 0.32 0.41875 0.06125 0.07416666666666667
0 0.3878125 0.8983333333333333 0.075625 0.09
0 0.6278125 0.8245833333333333 0.075625 0.10416666666666667
0 0.1459375 0.7983333333333333 0.083125 0.08666666666666667
0 0.4375 0.23583333333333334 0.07 0.08333333333333333
0 0.9328125 0.9191666666666667 0.074375 0.09333333333333334
0 0.595 0.06416666666666666 0.0525 0.075
0 0.8784375 0.6733333333333333 0.079375 0.09666666666666666
0 0.654375 0.13458333333333333 0.065 0.08083333333333333
0 0.440625 0.33166666666666667 0.07 0.11333333333333333
0 0.9196875 0.5258333333333334 0.065625 0.08
0 0.36 0.22333333333333333 0.07375 0.115
0 0.7609375 0.3304166666666667 0.073125 0.11416666666666667
0 0.0965625 0.43041666666666667 0.078125 0.0875
0 0.6778125 0.635 0.055625 0.09
0 0.7446875 0.49625 0.074375 0.1125
0 0.85125 0.23125 0.0575 0.10416666666666667
0 0.8815625 0.8654166666666666 0.065625 0.08916666666666667
0 0.2646875 0.6254166666666666 0.061875 0.08416666666666667
0 0.55875 0.40041666666666664 0.0725 0.1125
0 0.8 0.14291666666666666 0.06375 0.0875
0 0.391875 0.8004166666666667 0.05875 0.0875
0 0.7134375 0.07958333333333334 0.066875 0.10083333333333333
0 0.485625 0.5020833333333333 0.08 0.1225
0 0.584375 0.45666666666666667 0.06625 0.1
0 0.8671875 0.4845833333333333 0.074375 0.0925
0 0.8396875 0.64 0.074375 0.085
0 0.4209375 0.7233333333333334 0.066875 0.09333333333333334
0 0.610625 0.13333333333333333 0.07125 0.08833333333333333
0 0.6315625 0.28375 0.061875 0.1175
0 0.828125 0.8891666666666667 0.0725 0.11166666666666666
0 0.824375 0.5391666666666667 0.075 0.08333333333333333
0 0.095625 0.19333333333333333 0.07375 0.10333333333333333
0 0.3640625 0.12541666666666668 0.076875 0.0975
0 0.4784375 0.6733333333333333 0.054375 0.11666666666666667
0 0.246875 0.8266666666666667 0.05125 0.11
0 0.144375 0.525 0.0725 0.095
0 0.9175 0.7408333333333333 0.08125 0.07166666666666667
0 0.4775 0.3620833333333333 0.0625 0.1125
0 0.695 0.22291666666666668 0.06375 0.11916666666666667
0 0.8728125 0.5583333333333333 0.071875 0.08333333333333333
0 0.215 0.805 0.05875 0.13
0 0.915625 0.052083333333333336 0.0625 0.1025
0 0.2978125 0.7204166666666667 0.080625 0.1025
0 0.1740625 0.885 0.076875 0.07
0 0.0703125 0.1425 0.084375 0.10166666666666667
0 0.1840625 0.29 0.071875 0.09166666666666666
0 0.113125 0.6704166666666667 0.07125 0.09583333333333334
0 0.1275 0.5979166666666667 0.09625 0.08916666666666667
0 0.5228125 0.24125 0.080625 0.0875
0 0.745 0.23708333333333334 0.0725 0.1025
0 0.6703125 0.30875 0.073125 0.0975
0 0.5521875 0.7654166666666666 0.085625 0.08916666666666667
0 0.2496875 0.21166666666666667 0.051875 0.14
0 0.505 0.8954166666666666 0.0775 0.08916666666666667
0 0.786875 0.09833333333333333 0.08 0.08833333333333333
0 0.3678125 0.33666666666666667 0.069375 0.11333333333333333
0 0.0553125 0.9291666666666667 0.044375 0.12166666666666667
0 0.39125 0.5266666666666666 0.0825 0.10833333333333334
0 0.3415625 0.3675 0.075625 0.08
0 0.93 0.815 0.0775 0.095
0 0.6784375 0.044583333333333336 0.068125 0.0875
0 0.1525 0.9504166666666667 0.08125 0.0725
0 0.0715625 0.6645833333333333 0.056875 0.1025
0 0.6478125 0.40125 0.058125 0.10583333333333333
0 0.1740625 0.23625 0.085625 0.08416666666666667
0 0.9621875 0.8466666666666667 0.064375 0.09333333333333334
0 0.610625 0.4033333333333333 0.0475 0.12