0 0.1640625 0.11958333333333333 0.085625 0.11416666666666667
0 0.4540625 0.6341666666666667 0.106875 0.14166666666666666
0 0.4840625 0.07125 0.100625 0.13416666666666666
0 0.06875 0.28541666666666665 0.0975 0.12916666666666668
0 0.496875 0.325 0.09875 0.13166666666666665
0 0.3584375 0.47791666666666666 0.098125 0.13083333333333333
0 0.4015625 0.71625 0.088125 0.1175
0 0.145625 0.4125 0.09625 0.12833333333333333
0 0.4546875 0.7583333333333333 0.108125 0.14333333333333334
0 0.8915625 0.8104166666666667 0.104375 0.13916666666666666
0 0.5446875 0.10583333333333333 0.100625 0.135
0 0.481875 0.24666666666666667 0.1 0.13333333333333333
0 0.59375 0.4225 0.1025 0.13666666666666666
0 0.750625 0.2783333333333333 0.10375 0.13833333333333334
0 0.83875 0.5258333333333334 0.10125 0.135
0 0.4346875 0.30083333333333334 0.081875 0.10833333333333334
0 0.2475 0.5945833333333334 0.09125 0.12083333333333333
0 0.88 0.3754166666666667 0.10375 0.1375
0 0.5996875 0.88375 0.095625 0.1275
0 0.7134375 0.6145833333333334 0.113125 0.15083333333333335
0 0.2975 0.8108333333333333 0.08375 0.11166666666666666
0 0.7575 0.6225 0.09625 0.12833333333333333
0 0.3296875 0.6241666666666666 0.101875 0.135
1 0.55375 0.47791666666666666 0.115 0.1525
0 0.41125 0.5441666666666667 0.09375 0.125
1 0.8915625 0.4995833333333333 0.125625 0.1675
0 0.2121875 0.5029166666666667 0.105625 0.14083333333333334
0 0.2259375 0.785 0.078125 0.10333333333333333