0 0.4290625 0.18125 0.086875 0.11583333333333333
0 0.7315625 0.43875 0.091875 0.1225
0 0.494375 0.6695833333333333 0.105 0.13916666666666666
0 0.1446875 0.7666666666666667 0.089375 0.11833333333333333
0 0.290625 0.48125 0.0925 0.1225
0 0.7565625 0.33791666666666664 0.080625 0.1075
0 0.058125 0.6958333333333333 0.1025 0.13666666666666666
0 0.92125 0.42375 0.09625 0.12916666666666668
0 0.32625 0.165 0.095 0.12666666666666668
0 0.37375 0.79125 0.10125 0.13583333333333333
0 0.6834375 0.21208333333333335 0.110625 0.1475
0 0.116875 0.6470833333333333 0.10875 0.14416666666666667
0 0.7690625 0.24833333333333332 0.110625 0.14833333333333334
0 0.33875 0.5483333333333333 0.115 0.15333333333333332
0 0.31125 0.6858333333333333 0.10625 0.14166666666666666