0 0.888125 0.4683333333333333 0.08625 0.115
1 0.579375 0.78875 0.1075 0.1425
0 0.52125 0.74375 0.105 0.14083333333333334
0 0.8165625 0.10041666666666667 0.106875 0.1425
0 0.42125 0.7320833333333333 0.09125 0.1225
0 0.333125 0.7420833333333333 0.10625 0.1425
0 0.5075 0.11416666666666667 0.09 0.12
0 0.6609375 0.48291666666666666 0.098125 0.13083333333333333
0 0.3709375 0.23291666666666666 0.080625 0.1075
1 0.57 0.34833333333333333 0.10375 0.13833333333333334
0 0.56375 0.21833333333333332 0.1025 0.13666666666666666
0 0.385625 0.13416666666666666 0.09375 0.125
0 0.3809375 0.54625 0.099375 0.1325
0 0.77 0.18416666666666667 0.1025 0.13666666666666666
0 0.463125 0.59875 0.08875 0.1175
0 0.256875 0.41291666666666665 0.08375 0.11083333333333334
0 0.0571875 0.5879166666666666 0.081875 0.10916666666666666
0 0.755625 0.5283333333333333 0.09875 0.13166666666666665
0 0.8659375 0.2991666666666667 0.080625 0.10833333333333334
0 0.166875 0.6883333333333334 0.0925 0.12333333333333334
0 0.1896875 0.5575 0.080625 0.10666666666666667
0 0.3175 0.5920833333333333 0.085 0.11416666666666667
0 0.0565625 0.6620833333333334 0.085625 0.11416666666666667
0 0.5865625 0.47833333333333333 0.091875 0.12166666666666667
0 0.774375 0.4025 0.08875 0.11833333333333333
0 0.195625 0.36833333333333335 0.0925 0.12333333333333334
0 0.4525 0.5275 0.10125 0.135
0 0.3328125 0.8545833333333334 0.095625 0.1275
0 0.4515625 0.90625 0.090625 0.12083333333333333
0 0.51875 0.43166666666666664 0.1 0.13333333333333333
0 0.8353125 0.41875 0.079375 0.10583333333333333
0 0.3475 0.31833333333333336 0.1 0.13333333333333333
0 0.4978125 0.2529166666666667 0.098125 0.13083333333333333
0 0.5246875 0.5820833333333333 0.086875 0.11583333333333333
0 0.2621875 0.9041666666666667 0.096875 0.13
0 0.558125 0.6475 0.09375 0.125
0 0.8459375 0.21791666666666668 0.101875 0.13583333333333333
0 0.0903125 0.5245833333333333 0.093125 0.12416666666666666
0 0.263125 0.5445833333333333 0.09125 0.12083333333333333
0 0.9265625 0.30375 0.083125 0.11083333333333334
0 0.24375 0.47583333333333333 0.09375 0.125
0 0.7521875 0.65 0.104375 0.13833333333333334
0 0.1628125 0.83625 0.083125 0.11083333333333334
0 0.1303125 0.4295833333333333 0.090625 0.12083333333333333
0 0.1034375 0.7304166666666667 0.090625 0.12083333333333333
0 0.488125 0.8433333333333334 0.1025 0.13666666666666666
0 0.6565625 0.6004166666666667 0.095625 0.1275
0 0.3784375 0.6316666666666667 0.089375 0.12
0 0.7059375 0.14458333333333334 0.104375 0.13916666666666666
0 0.198125 0.2575 0.07875 0.105
0 0.269375 0.32875 0.1025 0.1375
0 0.7184375 0.83625 0.081875 0.10916666666666666
0 0.123125 0.7345833333333334 0.09125 0.1225
0 0.319375 0.17875 0.09 0.11916666666666667
0 0.9021875 0.20541666666666666 0.091875 0.1225
0 0.42875 0.67375 0.08625 0.11583333333333333
0 0.229375 0.7275 0.08 0.10666666666666667
0 0.1453125 0.5570833333333334 0.089375 0.11916666666666667
0 0.734375 0.09 0.10875 0.145
0 0.610625 0.62 0.08125 0.10833333333333334
0 0.350625 0.12958333333333333 0.09375 0.12416666666666666
0 0.5715625 0.9070833333333334 0.086875 0.11583333333333333
0 0.3471875 0.51375 0.079375 0.10583333333333333
0 0.636875 0.17208333333333334 0.0925 0.12416666666666666
0 0.6503125 0.09416666666666666 0.079375 0.105
0 0.6625 0.16166666666666665 0.09625 0.12833333333333333
0 0.9146875 0.24458333333333335 0.071875 0.09583333333333334