0 0.419375 0.8416666666666667 0.0675 0.105
0 0.8884375 0.2783333333333333 0.056875 0.07666666666666666
0 0.625 0.6895833333333333 0.06875 0.0775
0 0.6503125 0.8754166666666666 0.075625 0.0925
0 0.4296875 0.3 0.069375 0.095
0 0.2115625 0.18208333333333335 0.074375 0.1075
0 0.67875 0.3016666666666667 0.06625 0.08333333333333333
0 0.809375 0.7408333333333333 0.075 0.09166666666666666
0 0.28 0.17875 0.06375 0.08583333333333333
0 0.770625 0.8083333333333333 0.065 0.07166666666666667
0 0.6978125 0.5670833333333334 0.060625 0.07916666666666666
0 0.29375 0.7608333333333334 0.07375 0.08666666666666667
0 0.400625 0.7458333333333333 0.07 0.09833333333333333
0 0.0575 0.44666666666666666 0.07 0.09166666666666666
0 0.840625 0.39166666666666666 0.05625 0.075
0 0.5609375 0.28625 0.058125 0.0775
0 0.101875 0.9179166666666667 0.065 0.08083333333333333
0 0.22375 0.33916666666666667 0.0725 0.09166666666666666
0 0.949375 0.20458333333333334 0.06 0.08083333333333333
0 0.481875 0.7883333333333333 0.0625 0.07
0 0.7525 0.07041666666666667 0.0725 0.08416666666666667
0 0.6684375 0.22416666666666665 0.064375 0.07833333333333334
0 0.694375 0.14708333333333334 0.06625 0.07583333333333334
0 0.7503125 0.46708333333333335 0.053125 0.07416666666666667
0 0.318125 0.42583333333333334 0.07625 0.09
0 0.4209375 0.4191666666666667 0.065625 0.08666666666666667
0 0.1859375 0.8695833333333334 0.068125 0.07583333333333334
0 0.0828125 0.14791666666666667 0.058125 0.10416666666666667
0 0.0503125 0.67 0.066875 0.10333333333333333
0 0.444375 0.07875 0.06375 0.07083333333333333
0 0.95 0.59 0.055 0.08833333333333333
0 0.2296875 0.7345833333333334 0.063125 0.09416666666666666
0 0.3203125 0.5066666666666667 0.071875 0.09166666666666666
0 0.1275 0.7741666666666667 0.05625 0.08333333333333333
0 0.124375 0.18375 0.06375 0.07916666666666666
0 0.3728125 0.9004166666666666 0.050625 0.08416666666666667
0 0.849375 0.625 0.05875 0.07666666666666666
0 0.4865625 0.36916666666666664 0.059375 0.07
0 0.9490625 0.9129166666666667 0.056875 0.07583333333333334
0 0.819375 0.07166666666666667 0.07375 0.08
0 0.0346875 0.8795833333333334 0.069375 0.09083333333333334
0 0.855 0.5358333333333334 0.05625 0.065
0 0.35625 0.04416666666666667 0.065 0.07666666666666666
0 0.73 0.21833333333333332 0.06625 0.075
0 0.306875 0.8308333333333333 0.05375 0.06833333333333333
0 0.5590625 0.4175 0.061875 0.07666666666666666
0 0.3378125 0.11458333333333333 0.063125 0.07583333333333334
0 0.1715625 0.6983333333333334 0.061875 0.07833333333333334
0 0.71625 0.5295833333333333 0.06875 0.08916666666666667
0 0.9053125 0.43125 0.053125 0.0825
0 0.4903125 0.39708333333333334 0.063125 0.08916666666666667
0 0.7603125 0.5608333333333333 0.056875 0.07333333333333333
0 0.67125 0.9529166666666666 0.0625 0.07916666666666666
0 0.265625 0.46708333333333335 0.05375 0.06416666666666666
0 0.2446875 0.8658333333333333 0.046875 0.07
0 0.325625 0.5966666666666667 0.05 0.07333333333333333
0 0.026875 0.7404166666666666 0.045 0.0675
0 0.5634375 0.80875 0.053125 0.0675
0 0.934375 0.33791666666666664 0.065 0.07583333333333334
0 0.5890625 0.03833333333333333 0.061875 0.075
0 0.326875 0.9320833333333334 0.07125 0.06583333333333333
0 0.91375 0.8579166666666667 0.0525 0.0775
0 0.0740625 0.28958333333333336 0.063125 0.08083333333333333
0 0.158125 0.81875 0.07 0.08416666666666667
0 0.6515625 0.4558333333333333 0.071875 0.06833333333333333
0 0.4759375 0.22416666666666665 0.064375 0.085
0 0.3515625 0.5445833333333333 0.065625 0.07583333333333334
0 0.5025 0.7204166666666667 0.0575 0.07416666666666667
0 0.245 0.9116666666666666 0.06125 0.06833333333333333
0 0.4015625 0.6166666666666667 0.076875 0.075
0 0.643125 0.08583333333333333 0.06 0.07666666666666666
0 0.173125 0.5541666666666667 0.07125 0.07833333333333334
0 0.36125 0.66125 0.05375 0.0775
0 0.4903125 0.17083333333333334 0.058125 0.065
0 0.1753125 0.95 0.061875 0.09166666666666666
0 0.14375 0.15291666666666667 0.06375 0.08083333333333333
0 0.445 0.15083333333333335 0.06125 0.06
0 0.685625 0.37916666666666665 0.05625 0.07
0 0.605625 0.20833333333333334 0.0575 0.08666666666666667
1 0.2571875 0.64625 0.085625 0.11916666666666667
0 0.570625 0.059583333333333335 0.055 0.08083333333333333
0 0.8078125 0.46625 0.051875 0.0775
0 0.4371875 0.67875 0.061875 0.07083333333333333
0 0.26375 0.555 0.05 0.065
0 0.6696875 0.7475 0.058125 0.07333333333333333
0 0.4259375 0.5279166666666667 0.048125 0.06916666666666667
0 0.225 0.41833333333333333 0.075 0.06833333333333333
0 0.3009375 0.2725 0.058125 0.08833333333333333
0 0.6084375 0.5733333333333334 0.044375 0.06666666666666667
0 0.584375 0.7429166666666667 0.05375 0.07083333333333333
0 0.6715625 0.8091666666666667 0.059375 0.06166666666666667
0 0.8946875 0.5741666666666667 0.048125 0.06833333333333333
0 0.464375 0.47583333333333333 0.05 0.08666666666666667
0 0.6146875 0.11375 0.054375 0.0825
0 0.2996875 0.3545833333333333 0.046875 0.0625
0 0.390625 0.4875 0.05 0.06666666666666667
0 0.160625 0.9358333333333333 0.05375 0.06666666666666667
0 0.3540625 0.7341666666666666 0.045625 0.065
0 0.541875 0.38625 0.05125 0.060833333333333336