0 0.700625 0.7966666666666666 0.0675 0.09166666666666666
0 0.7096875 0.41375 0.064375 0.08916666666666667
0 0.2825 0.08583333333333333 0.07375 0.09833333333333333
0 0.4946875 0.19583333333333333 0.065625 0.08833333333333333
0 0.37375 0.5529166666666666 0.05875 0.08416666666666667
0 0.3325 0.44875 0.0675 0.09416666666666666
0 0.403125 0.9466666666666667 0.06875 0.09666666666666666
0 0.70375 0.9225 0.0625 0.08
0 0.3184375 0.60875 0.076875 0.09416666666666666
0 0.740625 0.56875 0.06125 0.0875
0 0.6640625 0.25125 0.063125 0.08583333333333333
0 0.441875 0.5620833333333334 0.07375 0.0925
0 0.821875 0.10958333333333334 0.06125 0.08083333333333333
0 0.6159375 0.38458333333333333 0.066875 0.0875
0 0.6234375 0.93375 0.074375 0.0975
0 0.5159375 0.5375 0.059375 0.09833333333333333
0 0.2990625 0.2966666666666667 0.065625 0.09
0 0.18375 0.8791666666666667 0.06625 0.08333333333333333
0 0.4840625 0.7008333333333333 0.073125 0.09333333333333334
0 0.2590625 0.6845833333333333 0.060625 0.0825
0 0.2375 0.8158333333333333 0.05625 0.085
0 0.181875 0.7691666666666667 0.05 0.10166666666666667
0 0.6053125 0.3045833333333333 0.065625 0.0825
0 0.3959375 0.41291666666666665 0.058125 0.0825
0 0.3215625 0.18375 0.058125 0.07416666666666667
0 0.7071875 0.6391666666666667 0.058125 0.09833333333333333
0 0.834375 0.6254166666666666 0.06125 0.09916666666666667
0 0.16875 0.43833333333333335 0.05125 0.07
0 0.3728125 0.6754166666666667 0.056875 0.07916666666666666
0 0.5884375 0.6104166666666667 0.066875 0.0875
0 0.625 0.46875 0.0675 0.07583333333333334
0 0.6178125 0.6741666666666667 0.056875 0.07833333333333334
0 0.44875 0.38708333333333333 0.0575 0.08083333333333333
0 0.178125 0.5145833333333333 0.05625 0.07916666666666666
0 0.5696875 0.24375 0.056875 0.08416666666666667
0 0.35125 0.30041666666666667 0.05625 0.0775
0 0.77 0.6358333333333334 0.06375 0.07166666666666667
0 0.2403125 0.4320833333333333 0.054375 0.0875
0 0.2146875 0.7491666666666666 0.051875 0.08166666666666667
0 0.52 0.94875 0.08125 0.09916666666666667
0 0.43875 0.3233333333333333 0.05 0.07
0 0.294375 0.7529166666666667 0.04625 0.0725
0 0.575 0.5816666666666667 0.06375 0.08333333333333333
0 0.3978125 0.2916666666666667 0.051875 0.08833333333333333
0 0.6621875 0.6633333333333333 0.043125 0.085
0 0.5009375 0.8941666666666667 0.058125 0.06666666666666667
0 0.22875 0.47708333333333336 0.06125 0.0925
0 0.55 0.8620833333333333 0.06 0.07916666666666666
0 0.240625 0.5179166666666667 0.0525 0.07583333333333334
0 0.3221875 0.5316666666666666 0.050625 0.06333333333333334
0 0.1596875 0.6879166666666666 0.066875 0.0525