0 0.6778125 0.63125 0.101875 0.13583333333333333
0 0.371875 0.35333333333333333 0.09375 0.125
0 0.844375 0.305 0.09875 0.13166666666666665
0 0.0528125 0.7291666666666666 0.095625 0.12833333333333333
0 0.7671875 0.3233333333333333 0.093125 0.125
0 0.274375 0.8175 0.1025 0.13666666666666666
0 0.2528125 0.42875 0.091875 0.1225
0 0.4371875 0.8904166666666666 0.079375 0.10583333333333333
0 0.756875 0.145 0.08625 0.115
0 0.1121875 0.5533333333333333 0.096875 0.12833333333333333
0 0.32125 0.47 0.11 0.14666666666666667
0 0.8303125 0.41625 0.109375 0.14583333333333334
0 0.6165625 0.27125 0.095625 0.1275
0 0.535 0.42625 0.09375 0.12416666666666666
0 0.618125 0.8379166666666666 0.10875 0.14583333333333334
0 0.696875 0.8129166666666666 0.0925 0.1225
0 0.673125 0.27458333333333335 0.095 0.1275
0 0.4465625 0.07541666666666667 0.095625 0.1275
0 0.27 0.17916666666666667 0.08875 0.11833333333333333
0 0.225 0.9 0.09625 0.12833333333333333
0 0.3346875 0.5541666666666667 0.088125 0.11666666666666667
0 0.3309375 0.8554166666666667 0.091875 0.1225
0 0.5553125 0.28125 0.088125 0.1175
0 0.505625 0.145 0.095 0.12666666666666668
0 0.8153125 0.5229166666666667 0.094375 0.12583333333333332
0 0.445625 0.36583333333333334 0.09375 0.125
0 0.9353125 0.55125 0.098125 0.13083333333333333
0 0.7575 0.5545833333333333 0.09875 0.1325
0 0.3703125 0.21458333333333332 0.103125 0.1375
0 0.6703125 0.5291666666666667 0.101875 0.135
0 0.9096875 0.35208333333333336 0.098125 0.13083333333333333
0 0.2365625 0.5216666666666666 0.079375 0.10666666666666667
0 0.479375 0.27458333333333335 0.08875 0.1175
0 0.7584375 0.6508333333333334 0.100625 0.13333333333333333
0 0.5765625 0.70875 0.098125 0.13083333333333333
0 0.2225 0.28541666666666665 0.1 0.13416666666666666
0 0.308125 0.3645833333333333 0.0925 0.1225
0 0.561875 0.8070833333333334 0.09625 0.12916666666666668
0 0.171875 0.3591666666666667 0.08375 0.11166666666666666
0 0.6090625 0.6016666666666667 0.091875 0.12333333333333334
0 0.601875 0.5175 0.0825 0.11
0 0.8325 0.6541666666666667 0.095 0.12666666666666668
0 0.198125 0.7945833333333333 0.09375 0.12583333333333332
0 0.126875 0.7383333333333333 0.0975 0.13
0 0.923125 0.46291666666666664 0.0975 0.13083333333333333
0 0.17875 0.6145833333333334 0.1 0.1325
0 0.8803125 0.23291666666666666 0.096875 0.12916666666666668
0 0.7365625 0.47541666666666665 0.076875 0.1025
0 0.56125 0.4841666666666667 0.08 0.10666666666666667
0 0.493125 0.7504166666666666 0.08875 0.1175
0 0.6759375 0.7204166666666667 0.100625 0.13416666666666666
0 0.48375 0.8166666666666667 0.0975 0.13
0 0.2690625 0.6745833333333333 0.095625 0.1275
0 0.4721875 0.1725 0.095625 0.12833333333333333
0 0.53625 0.18958333333333333 0.09875 0.13083333333333333
0 0.691875 0.37166666666666665 0.09875 0.13166666666666665
0 0.6540625 0.44625 0.084375 0.1125
0 0.1403125 0.8329166666666666 0.091875 0.1225
0 0.770625 0.74625 0.085 0.11416666666666667
0 0.5771875 0.9129166666666667 0.106875 0.1425
0 0.5778125 0.3825 0.089375 0.11833333333333333
0 0.410625 0.46416666666666667 0.1125 0.15
0 0.0634375 0.6245833333333334 0.085625 0.11416666666666667
0 0.2503125 0.3304166666666667 0.100625 0.13416666666666666
0 0.3109375 0.2629166666666667 0.100625 0.13416666666666666
0 0.6903125 0.19625 0.069375 0.0925
0 0.3621875 0.07208333333333333 0.095625 0.1275
0 0.5396875 0.9091666666666667 0.103125 0.13833333333333334
0 0.33625 0.6366666666666667 0.09625 0.12833333333333333
0 0.29125 0.32208333333333333 0.08875 0.11916666666666667
0 0.436875 0.2629166666666667 0.09875 0.1325
0 0.275625 0.6175 0.095 0.12666666666666668
0 0.2665625 0.57125 0.095625 0.1275
0 0.8803125 0.5758333333333333 0.095625 0.12666666666666668
0 0.8671875 0.11333333333333333 0.094375 0.12666666666666668
0 0.791875 0.6529166666666667 0.0925 0.12416666666666666
0 0.621875 0.3883333333333333 0.09125 0.12166666666666667
0 0.5859375 0.10875 0.084375 0.1125
0 0.4621875 0.6866666666666666 0.094375 0.12666666666666668
0 0.4821875 0.525 0.099375 0.13166666666666665
0 0.209375 0.49041666666666667 0.0975 0.12916666666666668
0 0.148125 0.44333333333333336 0.10375 0.13833333333333334
0 0.069375 0.54625 0.085 0.1125
0 0.42375 0.6183333333333333 0.1025 0.13666666666666666
0 0.4596875 0.4554166666666667 0.100625 0.13416666666666666
0 0.235625 0.7141666666666666 0.09875 0.13166666666666665
0 0.338125 0.18166666666666667 0.10375 0.13833333333333334
0 0.6959375 0.07375 0.090625 0.12083333333333333
1 0.6428125 0.14708333333333334 0.110625 0.1475
1 0.449375 0.5933333333333334 0.1125 0.15
0 0.375625 0.10583333333333333 0.09 0.12
0 0.17625 0.3983333333333333 0.09 0.12
0 0.1140625 0.4508333333333333 0.085625 0.115
0 0.094375 0.6479166666666667 0.09375 0.12416666666666666
0 0.149375 0.7808333333333334 0.0925 0.12333333333333334
0 0.1334375 0.8729166666666667 0.093125 0.12416666666666666
0 0.23875 0.7758333333333334 0.08875 0.11833333333333333
0 0.2003125 0.8904166666666666 0.076875 0.1025
0 0.4753125 0.3670833333333333 0.079375 0.10583333333333333
0 0.1853125 0.5833333333333334 0.088125 0.11833333333333333
0 0.3609375 0.6345833333333334 0.081875 0.10916666666666666
0 0.3909375 0.67125 0.088125 0.1175
0 0.47875 0.7175 0.0875 0.11666666666666667
0 0.545625 0.6766666666666666 0.085 0.11333333333333333
0 0.875625 0.1975 0.08375 0.11166666666666666
0 0.94625 0.33416666666666667 0.0925 0.12333333333333334
0 0.75875 0.4579166666666667 0.11 0.14583333333333334
0 0.668125 0.4866666666666667 0.085 0.11333333333333333
0 0.5028125 0.2758333333333333 0.079375 0.10666666666666667
0 0.8075 0.73 0.0725 0.09666666666666666
0 0.4115625 0.90625 0.071875 0.09583333333333334