0 0.4271875 0.32083333333333336 0.074375 0.1
0 0.366875 0.21333333333333335 0.06625 0.09833333333333333
0 0.3303125 0.33375 0.079375 0.0875
0 0.5578125 0.1075 0.070625 0.11166666666666666
0 0.5490625 0.45416666666666666 0.070625 0.095
0 0.6296875 0.38416666666666666 0.080625 0.105
0 0.72 0.52375 0.0625 0.11083333333333334
0 0.7721875 0.48041666666666666 0.065625 0.09083333333333334
0 0.735625 0.4195833333333333 0.065 0.09083333333333334
0 0.768125 0.1625 0.07875 0.10666666666666667
0 0.6925 0.2629166666666667 0.07375 0.09583333333333334
1 0.3234375 0.495 0.083125 0.155
1 0.2453125 0.25708333333333333 0.111875 0.15416666666666667
0 0.209375 0.46 0.07875 0.105
0 0.1978125 0.56375 0.074375 0.09916666666666667
0 0.2509375 0.7329166666666667 0.073125 0.0975
0 0.2359375 0.8529166666666667 0.065625 0.09583333333333334
0 0.3334375 0.8116666666666666 0.078125 0.12
0 0.40875 0.8908333333333334 0.0725 0.10166666666666667
0 0.364375 0.665 0.0625 0.105
0 0.2815625 0.6229166666666667 0.075625 0.1025
0 0.6859375 0.15875 0.088125 0.10083333333333333
0 0.6625 0.7066666666666667 0.07625 0.10333333333333333
0 0.619375 0.64875 0.08 0.11916666666666667
0 0.48875 0.6870833333333334 0.06625 0.09916666666666667
0 0.44 0.6383333333333333 0.08125 0.105
0 0.4434375 0.5841666666666666 0.071875 0.10333333333333333
0 0.536875 0.8670833333333333 0.07625 0.09083333333333334
0 0.5740625 0.7925 0.076875 0.10166666666666667
0 0.634375 0.8554166666666667 0.08125 0.09083333333333334
0 0.715 0.8529166666666667 0.06375 0.09416666666666666
0 0.7240625 0.6595833333333333 0.070625 0.0975
0 0.8009375 0.6329166666666667 0.073125 0.11583333333333333
0 0.4390625 0.065 0.060625 0.09666666666666666
0 0.834375 0.11708333333333333 0.0575 0.0775
0 0.780625 0.8604166666666667 0.06125 0.0975