0 0.905625 0.11625 0.06125 0.08916666666666667
0 0.7875 0.6383333333333333 0.065 0.07833333333333334
0 0.2225 0.7858333333333334 0.07625 0.07833333333333334
0 0.3165625 0.14708333333333334 0.076875 0.0875
0 0.7465625 0.25916666666666666 0.083125 0.09666666666666666
0 0.8390625 0.21625 0.066875 0.0875
0 0.2925 0.33375 0.065 0.08083333333333333
0 0.16875 0.41041666666666665 0.0775 0.1025
0 0.723125 0.5829166666666666 0.0725 0.09416666666666666
0 0.09 0.5566666666666666 0.07125 0.09666666666666666
0 0.8353125 0.5266666666666666 0.070625 0.09333333333333334
0 0.5515625 0.7729166666666667 0.068125 0.0925
0 0.13375 0.12166666666666667 0.0725 0.095
0 0.6703125 0.7091666666666666 0.075625 0.10166666666666667
0 0.638125 0.32875 0.06375 0.07916666666666666
0 0.470625 0.685 0.06875 0.09333333333333334
0 0.3421875 0.6608333333333334 0.063125 0.07666666666666666
0 0.2028125 0.9120833333333334 0.071875 0.10916666666666666
0 0.9490625 0.185 0.074375 0.09666666666666666
0 0.3371875 0.23291666666666666 0.060625 0.0775
0 0.0546875 0.28208333333333335 0.066875 0.09083333333333334
0 0.40375 0.09625 0.08 0.1075
0 0.27375 0.8975 0.07 0.08166666666666667
0 0.8971875 0.5845833333333333 0.073125 0.1025
0 0.1146875 0.4525 0.058125 0.07333333333333333
0 0.9490625 0.47291666666666665 0.064375 0.09416666666666666
0 0.5509375 0.3725 0.066875 0.09666666666666666
0 0.5603125 0.05458333333333333 0.076875 0.07916666666666666
0 0.44875 0.24625 0.0575 0.08083333333333333
0 0.7571875 0.5066666666666667 0.073125 0.09833333333333333
0 0.7365625 0.79375 0.049375 0.0975
0 0.27875 0.7 0.065 0.07
0 0.6271875 0.7675 0.066875 0.08333333333333333
0 0.593125 0.28375 0.0625 0.0875
0 0.589375 0.8433333333333334 0.07875 0.10666666666666667
0 0.5296875 0.5670833333333334 0.063125 0.07916666666666666
0 0.1884375 0.6470833333333333 0.068125 0.08083333333333333
0 0.8834375 0.2725 0.070625 0.085
0 0.165625 0.2125 0.0625 0.07833333333333334
0 0.4975 0.2791666666666667 0.055 0.08
0 0.893125 0.7233333333333334 0.065 0.07833333333333334
1 0.11625 0.27458333333333335 0.07 0.10583333333333333
0 0.4821875 0.8283333333333334 0.073125 0.09333333333333334
0 0.73875 0.05458333333333333 0.06625 0.09583333333333334
0 0.7165625 0.16291666666666665 0.065625 0.08083333333333333
0 0.9525 0.45666666666666667 0.065 0.09166666666666666
0 0.15 0.74625 0.06875 0.0825
0 0.1034375 0.7945833333333333 0.065625 0.08416666666666667
0 0.608125 0.18458333333333332 0.065 0.08083333333333333
0 0.3540625 0.46125 0.051875 0.0675
0 0.9146875 0.8070833333333334 0.065625 0.0875
0 0.4890625 0.36625 0.068125 0.08416666666666667
0 0.816875 0.12666666666666668 0.07 0.06833333333333333
0 0.0525 0.4625 0.06125 0.085
0 0.7709375 0.9491666666666667 0.070625 0.085
0 0.8215625 0.4370833333333333 0.069375 0.10083333333333333
0 0.5446875 0.9008333333333334 0.050625 0.07
0 0.97 0.6183333333333333 0.05625 0.07333333333333333
0 0.5615625 0.7425 0.071875 0.09166666666666666
0 0.5328125 0.45666666666666667 0.065625 0.075
0 0.274375 0.4075 0.0625 0.06833333333333333
0 0.2315625 0.4579166666666667 0.060625 0.08583333333333333
0 0.8709375 0.35625 0.058125 0.08083333333333333
0 0.2240625 0.19 0.064375 0.08
0 0.10875 0.16708333333333333 0.06125 0.08083333333333333
0 0.5440625 0.16375 0.061875 0.07416666666666667
0 0.199375 0.5620833333333334 0.05625 0.07416666666666667
0 0.080625 0.6491666666666667 0.0525 0.07
0 0.119375 0.93875 0.05125 0.07583333333333334
0 0.785 0.7941666666666667 0.0475 0.06833333333333333
1 0.569375 0.49625 0.06875 0.10083333333333333
0 0.6946875 0.0725 0.050625 0.07
0 0.5090625 0.9579166666666666 0.054375 0.0725
0 0.1403125 0.8804166666666666 0.061875 0.06916666666666667
0 0.971875 0.7866666666666666 0.055 0.08833333333333333
0 0.4571875 0.9345833333333333 0.059375 0.06416666666666666
0 0.3246875 0.7283333333333334 0.078125 0.07333333333333333
0 0.32 0.7841666666666667 0.0575 0.08333333333333333
0 0.0609375 0.7154166666666667 0.046875 0.0875
0 0.5225 0.11041666666666666 0.0575 0.06583333333333333
0 0.2996875 0.46458333333333335 0.056875 0.0675
0 0.0284375 0.54875 0.051875 0.06916666666666667
0 0.0753125 0.35333333333333333 0.058125 0.06833333333333333
0 0.7878125 0.34875 0.046875 0.06583333333333333
0 0.3071875 0.8304166666666667 0.058125 0.0625
0 0.09 0.7008333333333333 0.0625 0.06833333333333333
0 0.8365625 0.3616666666666667 0.048125 0.06666666666666667
0 0.524375 0.64875 0.06 0.0925