0 0.4784375 0.43625 0.091875 0.1225
0 0.086875 0.20791666666666667 0.08125 0.1075
0 0.6475 0.5020833333333333 0.09625 0.12916666666666668
0 0.658125 0.3545833333333333 0.1 0.13416666666666666
0 0.8103125 0.48375 0.084375 0.1125
0 0.8684375 0.5966666666666667 0.101875 0.13666666666666666
0 0.4140625 0.5083333333333333 0.096875 0.12833333333333333
0 0.57625 0.48083333333333333 0.0825 0.11
1 0.30875 0.30625 0.1025 0.13583333333333333
0 0.3940625 0.6883333333333334 0.080625 0.10666666666666667
0 0.2371875 0.5670833333333334 0.086875 0.11583333333333333
0 0.445 0.7366666666666667 0.095 0.12666666666666668
0 0.5728125 0.24166666666666667 0.086875 0.115
0 0.36375 0.4116666666666667 0.0975 0.13
0 0.656875 0.78875 0.10375 0.13916666666666666
0 0.764375 0.245 0.09375 0.125
0 0.4975 0.6004166666666667 0.09125 0.12083333333333333
0 0.1840625 0.42125 0.089375 0.11916666666666667
0 0.9078125 0.73875 0.091875 0.1225
0 0.383125 0.17708333333333334 0.10375 0.13916666666666666
0 0.8571875 0.7525 0.100625 0.135
0 0.5109375 0.8145833333333333 0.083125 0.11083333333333334
0 0.435625 0.8579166666666667 0.085 0.11416666666666667
0 0.4053125 0.79875 0.094375 0.12583333333333332
0 0.3065625 0.06833333333333333 0.100625 0.135
0 0.4265625 0.34625 0.091875 0.1225
0 0.8784375 0.44583333333333336 0.100625 0.13333333333333333
0 0.301875 0.39166666666666666 0.08875 0.11833333333333333
0 0.7415625 0.3333333333333333 0.108125 0.145
0 0.4553125 0.24958333333333332 0.085625 0.11416666666666667
0 0.56 0.755 0.095 0.12666666666666668
0 0.70625 0.2975 0.09625 0.12833333333333333
0 0.119375 0.6283333333333333 0.08375 0.11166666666666666
0 0.3378125 0.6916666666666667 0.098125 0.13166666666666665
0 0.4625 0.6783333333333333 0.09125 0.12166666666666667
0 0.3684375 0.34875 0.094375 0.12583333333333332
0 0.226875 0.645 0.08125 0.10833333333333334
0 0.195 0.5358333333333334 0.09875 0.13166666666666665
0 0.36125 0.25666666666666665 0.09625 0.12833333333333333
0 0.38375 0.0975 0.0875 0.11666666666666667
0 0.6303125 0.12583333333333332 0.099375 0.13333333333333333
0 0.5559375 0.59875 0.093125 0.12416666666666666
0 0.5971875 0.705 0.093125 0.12333333333333334
0 0.2846875 0.6420833333333333 0.105625 0.14083333333333334
0 0.1921875 0.7366666666666667 0.085625 0.115
0 0.8665625 0.40208333333333335 0.095625 0.1275
0 0.4915625 0.7395833333333334 0.098125 0.13083333333333333