0 0.425 0.38208333333333333 0.0875 0.11583333333333333
0 0.0925 0.5825 0.08625 0.115
0 0.4078125 0.8308333333333333 0.093125 0.12333333333333334
0 0.60125 0.6529166666666667 0.085 0.1125
0 0.16375 0.8883333333333333 0.0875 0.11666666666666667
0 0.290625 0.7775 0.09 0.12
0 0.84375 0.59 0.0825 0.11
0 0.55375 0.5404166666666667 0.0925 0.1225
0 0.379375 0.5170833333333333 0.09375 0.12583333333333332
0 0.584375 0.225 0.105 0.14
0 0.4490625 0.7695833333333333 0.086875 0.11583333333333333
0 0.3278125 0.9020833333333333 0.089375 0.11916666666666667
0 0.05125 0.6425 0.08875 0.11833333333333333
0 0.813125 0.4325 0.095 0.12666666666666668
0 0.265 0.6525 0.09125 0.12166666666666667
0 0.946875 0.4008333333333333 0.09625 0.12833333333333333
0 0.7584375 0.2775 0.105625 0.14166666666666666
0 0.2846875 0.14833333333333334 0.090625 0.12166666666666667
0 0.3234375 0.5020833333333333 0.088125 0.1175
0 0.7421875 0.6233333333333333 0.100625 0.13333333333333333
0 0.4578125 0.4454166666666667 0.081875 0.10916666666666666
0 0.616875 0.4658333333333333 0.10125 0.135
0 0.2178125 0.34708333333333335 0.090625 0.12083333333333333
0 0.5540625 0.89875 0.090625 0.12083333333333333
0 0.6871875 0.435 0.105625 0.14166666666666666
0 0.6971875 0.5645833333333333 0.104375 0.13916666666666666
0 0.40375 0.19166666666666668 0.08875 0.11833333333333333
0 0.864375 0.1925 0.10125 0.135
0 0.6196875 0.78375 0.094375 0.12583333333333332
0 0.516875 0.6533333333333333 0.09625 0.12833333333333333
0 0.7559375 0.7079166666666666 0.105625 0.14083333333333334
0 0.4378125 0.5320833333333334 0.080625 0.1075
0 0.6003125 0.84625 0.090625 0.12083333333333333
0 0.4321875 0.6420833333333333 0.094375 0.12583333333333332
0 0.649375 0.90625 0.0875 0.11583333333333333
0 0.37875 0.6195833333333334 0.0925 0.1225
0 0.46625 0.1225 0.08625 0.115
0 0.206875 0.26 0.10125 0.135
0 0.7096875 0.19625 0.089375 0.11916666666666667
0 0.550625 0.855 0.10125 0.135
0 0.5575 0.4429166666666667 0.09125 0.1225
0 0.9396875 0.5616666666666666 0.088125 0.11833333333333333
0 0.4721875 0.87625 0.093125 0.12416666666666666
0 0.46 0.6108333333333333 0.1 0.13333333333333333
0 0.4475 0.19375 0.09625 0.1275