0 0.80625 0.10958333333333334 0.1025 0.1375
0 0.52875 0.8020833333333334 0.1 0.1325
0 0.4759375 0.18625 0.105625 0.14083333333333334
0 0.8628125 0.16625 0.101875 0.13583333333333333
0 0.53375 0.5058333333333334 0.10875 0.145
0 0.5009375 0.34291666666666665 0.111875 0.14916666666666667
0 0.2803125 0.33416666666666667 0.098125 0.13
0 0.0584375 0.5579166666666666 0.101875 0.13583333333333333
0 0.89125 0.3908333333333333 0.105 0.14
0 0.2684375 0.55 0.121875 0.16333333333333333
0 0.1290625 0.8308333333333333 0.110625 0.14666666666666667
0 0.5946875 0.25 0.103125 0.13833333333333334
0 0.5740625 0.9154166666666667 0.105625 0.14083333333333334
0 0.748125 0.1975 0.095 0.12666666666666668
0 0.7346875 0.71375 0.100625 0.13416666666666666
0 0.5496875 0.7129166666666666 0.110625 0.1475
0 0.1346875 0.5766666666666667 0.111875 0.14833333333333334
0 0.6121875 0.33166666666666667 0.108125 0.14333333333333334
0 0.6271875 0.0725 0.105625 0.14166666666666666
0 0.681875 0.1225 0.1075 0.14333333333333334
0 0.429375 0.51625 0.09875 0.1325
0 0.916875 0.25083333333333335 0.11125 0.14833333333333334
0 0.673125 0.8020833333333334 0.12 0.16083333333333333
0 0.4478125 0.6804166666666667 0.113125 0.15083333333333335
0 0.1734375 0.6829166666666666 0.098125 0.13083333333333333
0 0.22 0.4475 0.10875 0.145
0 0.373125 0.14333333333333334 0.10125 0.135
0 0.4828125 0.07875 0.095625 0.1275
0 0.2678125 0.2529166666666667 0.103125 0.1375
0 0.3871875 0.5566666666666666 0.105625 0.14
0 0.4815625 0.8820833333333333 0.118125 0.1575
0 0.4765625 0.24166666666666667 0.115625 0.155
0 0.223125 0.8183333333333334 0.1075 0.14333333333333334
0 0.7775 0.48791666666666667 0.115 0.1525
0 0.895 0.29 0.11875 0.15833333333333333
0 0.199375 0.5558333333333333 0.10625 0.14166666666666666
0 0.389375 0.7283333333333334 0.10125 0.135
0 0.41125 0.22833333333333333 0.10875 0.145
0 0.59875 0.9141666666666667 0.10625 0.14166666666666666
0 0.4684375 0.44666666666666666 0.105625 0.14
0 0.3434375 0.8429166666666666 0.098125 0.13083333333333333
0 0.28875 0.8091666666666667 0.09125 0.12166666666666667
0 0.2159375 0.3620833333333333 0.109375 0.14583333333333334
0 0.25125 0.82375 0.09625 0.12916666666666668
1 0.4134375 0.29333333333333333 0.119375 0.15833333333333333
0 0.4575 0.48333333333333334 0.10375 0.13833333333333334
0 0.325 0.7991666666666667 0.10625 0.14166666666666666