0 0.0728125 0.18291666666666667 0.070625 0.1025
0 0.1853125 0.2025 0.079375 0.09166666666666666
0 0.2771875 0.29083333333333333 0.078125 0.09833333333333333
0 0.1184375 0.26375 0.070625 0.09416666666666666
0 0.0453125 0.2708333333333333 0.075625 0.10333333333333333
0 0.08125 0.3570833333333333 0.07125 0.09916666666666667
0 0.0359375 0.45208333333333334 0.071875 0.09916666666666667
0 0.0325 0.5545833333333333 0.065 0.0925
0 0.0971875 0.5579166666666666 0.076875 0.09583333333333334
0 0.24875 0.41583333333333333 0.075 0.10166666666666667
0 0.205625 0.4979166666666667 0.0725 0.10083333333333333
0 0.174375 0.5895833333333333 0.0675 0.09583333333333334
0 0.1034375 0.645 0.081875 0.08166666666666667
0 0.1759375 0.7133333333333334 0.070625 0.09333333333333334
0 0.034375 0.7975 0.06625 0.09166666666666666
0 0.1003125 0.7020833333333333 0.080625 0.0925
0 0.1034375 0.7420833333333333 0.081875 0.09583333333333334
0 0.1328125 0.7820833333333334 0.078125 0.1025
0 0.1365625 0.88625 0.078125 0.1025
0 0.0734375 0.9495833333333333 0.079375 0.0975
0 0.2446875 0.9158333333333334 0.080625 0.10166666666666667
0 0.2809375 0.8975 0.078125 0.1
0 0.3353125 0.91375 0.064375 0.10583333333333333
0 0.3403125 0.9566666666666667 0.071875 0.08333333333333333
0 0.3815625 0.21708333333333332 0.073125 0.1075
0 0.2859375 0.5879166666666666 0.074375 0.10583333333333333
0 0.3546875 0.52625 0.079375 0.10416666666666667
0 0.3834375 0.6066666666666667 0.066875 0.09833333333333333
0 0.4309375 0.63125 0.073125 0.10916666666666666
0 0.42375 0.69375 0.07375 0.11583333333333333
0 0.3921875 0.7754166666666666 0.049375 0.09916666666666667
0 0.4546875 0.8475 0.075625 0.08666666666666667
0 0.41875 0.8504166666666667 0.07125 0.10083333333333333
0 0.50125 0.77875 0.0625 0.08916666666666667
0 0.5325 0.92125 0.0675 0.09916666666666667
0 0.640625 0.79625 0.06 0.09916666666666667
0 0.746875 0.92875 0.07125 0.11083333333333334
0 0.9428125 0.8366666666666667 0.068125 0.08
0 0.8859375 0.94 0.069375 0.09833333333333333
0 0.8165625 0.8341666666666666 0.073125 0.10666666666666667
0 0.8565625 0.7908333333333334 0.080625 0.07833333333333334
0 0.5196875 0.6729166666666667 0.070625 0.10583333333333333
0 0.62875 0.7016666666666667 0.07 0.08333333333333333
0 0.6934375 0.7245833333333334 0.069375 0.10583333333333333
0 0.729375 0.6579166666666667 0.0675 0.0975
0 0.7965625 0.6104166666666667 0.078125 0.0925
0 0.4525 0.05375 0.07375 0.09083333333333334
0 0.5425 0.07375 0.06375 0.09916666666666667
0 0.649375 0.07708333333333334 0.06375 0.09916666666666667
0 0.6203125 0.13625 0.076875 0.09916666666666667
0 0.639375 0.18208333333333335 0.07 0.0975
0 0.504375 0.19708333333333333 0.05875 0.09916666666666667
0 0.5328125 0.24916666666666668 0.075625 0.09833333333333333
0 0.516875 0.31333333333333335 0.075 0.10666666666666667
0 0.4453125 0.35833333333333334 0.075625 0.11666666666666667
0 0.484375 0.40958333333333335 0.075 0.0975
0 0.545625 0.4270833333333333 0.075 0.0975
0 0.529375 0.5329166666666667 0.0825 0.10416666666666667
0 0.59625 0.50375 0.0725 0.10083333333333333
0 0.5884375 0.61875 0.075625 0.09583333333333334
0 0.6296875 0.605 0.069375 0.085
0 0.6215625 0.32125 0.084375 0.0975
0 0.683125 0.34541666666666665 0.06625 0.0975
0 0.6678125 0.50875 0.075625 0.0975
0 0.70375 0.5370833333333334 0.0825 0.10583333333333333
0 0.7634375 0.4575 0.076875 0.11
0 0.803125 0.48333333333333334 0.065 0.07833333333333334
0 0.6915625 0.24625 0.075625 0.10416666666666667
0 0.7096875 0.059166666666666666 0.075625 0.09
0 0.7234375 0.11708333333333333 0.071875 0.09916666666666667
0 0.7509375 0.14666666666666667 0.076875 0.09166666666666666
0 0.733125 0.20916666666666667 0.08375 0.095
0 0.7596875 0.28708333333333336 0.074375 0.09583333333333334
0 0.8034375 0.28291666666666665 0.088125 0.10083333333333333
0 0.9028125 0.13125 0.076875 0.09583333333333334
0 0.8815625 0.16333333333333333 0.070625 0.09
0 0.8359375 0.18333333333333332 0.075625 0.12
0 0.95 0.20125 0.06875 0.1075
0 0.8665625 0.22666666666666666 0.103125 0.07833333333333334
0 0.8359375 0.38625 0.078125 0.09916666666666667
0 0.8828125 0.47208333333333335 0.085625 0.1075
0 0.9478125 0.53625 0.073125 0.10416666666666667
0 0.9115625 0.5658333333333333 0.070625 0.09333333333333334
0 0.9003125 0.60875 0.076875 0.09583333333333334
1 0.448125 0.19708333333333333 0.09875 0.11916666666666667
1 0.9253125 0.26458333333333334 0.091875 0.1025