0 0.7090625 0.2866666666666667 0.079375 0.09333333333333334
0 0.3765625 0.7854166666666667 0.079375 0.10416666666666667
0 0.4934375 0.6341666666666667 0.068125 0.105
0 0.1675 0.2325 0.07 0.10166666666666667
0 0.878125 0.33708333333333335 0.075 0.0925
0 0.96375 0.14541666666666667 0.06125 0.09416666666666666
0 0.28875 0.17083333333333334 0.07375 0.1
0 0.7834375 0.16666666666666666 0.091875 0.13166666666666665
0 0.5459375 0.3154166666666667 0.076875 0.10416666666666667
0 0.6840625 0.8970833333333333 0.081875 0.10416666666666667
0 0.481875 0.8029166666666666 0.07625 0.10583333333333333
0 0.235 0.24 0.07125 0.09
0 0.194375 0.6029166666666667 0.0775 0.09916666666666667
0 0.5684375 0.8808333333333334 0.069375 0.1
0 0.0409375 0.86 0.073125 0.095
0 0.3409375 0.31833333333333336 0.089375 0.10833333333333334
0 0.6321875 0.8333333333333334 0.075625 0.11
0 0.1953125 0.13833333333333334 0.075625 0.09833333333333333
0 0.30125 0.6733333333333333 0.08625 0.10666666666666667
0 0.4240625 0.33458333333333334 0.069375 0.0975
0 0.626875 0.6391666666666667 0.0875 0.11
0 0.0515625 0.7779166666666667 0.066875 0.0875
0 0.2425 0.08541666666666667 0.075 0.09416666666666666
0 0.86 0.7291666666666666 0.07625 0.10666666666666667
0 0.49875 0.9233333333333333 0.085 0.11166666666666666
0 0.0728125 0.30083333333333334 0.080625 0.105
0 0.3759375 0.7020833333333333 0.070625 0.0925
0 0.234375 0.9033333333333333 0.07125 0.105
0 0.6246875 0.15083333333333335 0.070625 0.10166666666666667
0 0.854375 0.5425 0.08125 0.11833333333333333
0 0.7765625 0.4554166666666667 0.074375 0.1175
0 0.5928125 0.7429166666666667 0.074375 0.12416666666666666
0 0.9553125 0.42625 0.076875 0.09916666666666667
0 0.3478125 0.41625 0.083125 0.1025
0 0.249375 0.86 0.07625 0.105
0 0.6784375 0.07916666666666666 0.083125 0.095
0 0.6121875 0.5475 0.086875 0.10833333333333334
0 0.5425 0.07166666666666667 0.0775 0.10166666666666667
0 0.823125 0.815 0.09 0.1
0 0.118125 0.64625 0.08375 0.1025
0 0.0715625 0.9375 0.068125 0.09666666666666666
0 0.9465625 0.33916666666666667 0.068125 0.09666666666666666
0 0.1025 0.29583333333333334 0.07 0.095
0 0.9025 0.2525 0.07125 0.10166666666666667
0 0.181875 0.6691666666666667 0.07625 0.1
0 0.2559375 0.5266666666666666 0.078125 0.105
0 0.434375 0.865 0.08875 0.105
0 0.1315625 0.885 0.070625 0.125
0 0.360625 0.4529166666666667 0.07375 0.0975
0 0.8459375 0.7020833333333333 0.078125 0.10083333333333333
0 0.5871875 0.23 0.076875 0.10666666666666667
0 0.1309375 0.8179166666666666 0.078125 0.1075