0 0.341875 0.4841666666666667 0.07 0.085
0 0.28875 0.18791666666666668 0.07625 0.10583333333333333
0 0.290625 0.08041666666666666 0.0675 0.1075
0 0.18 0.24833333333333332 0.075 0.09333333333333334
0 0.4909375 0.30125 0.071875 0.08416666666666667
0 0.3675 0.37875 0.07625 0.1025
0 0.5121875 0.59875 0.061875 0.0925
0 0.5803125 0.7204166666666667 0.075625 0.10083333333333333
0 0.33125 0.875 0.0625 0.09333333333333334
0 0.4825 0.20291666666666666 0.075 0.11083333333333334
0 0.8084375 0.5820833333333333 0.061875 0.10916666666666666
0 0.4578125 0.6125 0.056875 0.085
0 0.1734375 0.15541666666666668 0.075625 0.09916666666666667
0 0.6759375 0.7575 0.060625 0.11166666666666666
0 0.4215625 0.51375 0.069375 0.10416666666666667
0 0.2128125 0.4008333333333333 0.074375 0.10666666666666667
0 0.599375 0.5466666666666666 0.07875 0.1
0 0.6171875 0.5920833333333333 0.068125 0.09416666666666666
0 0.3703125 0.09 0.065625 0.10833333333333334
0 0.1721875 0.9316666666666666 0.070625 0.09666666666666666
0 0.681875 0.5541666666666667 0.07125 0.09833333333333333
0 0.2909375 0.6120833333333333 0.075625 0.08416666666666667
0 0.1915625 0.5825 0.079375 0.09
0 0.69 0.09291666666666666 0.0825 0.1025
0 0.32375 0.7216666666666667 0.055 0.10333333333333333
0 0.2609375 0.7241666666666666 0.068125 0.085
0 0.1996875 0.53375 0.095625 0.08416666666666667
0 0.556875 0.2475 0.06875 0.10666666666666667
0 0.2284375 0.48 0.098125 0.07833333333333334
0 0.7109375 0.90625 0.055625 0.14416666666666667
0 0.65125 0.5858333333333333 0.06875 0.095