0 0.5034375 0.19125 0.071875 0.10583333333333333
0 0.4671875 0.94 0.061875 0.10166666666666667
0 0.4940625 0.5820833333333333 0.074375 0.11083333333333334
0 0.4403125 0.7775 0.073125 0.10666666666666667
0 0.33 0.4116666666666667 0.08125 0.105
0 0.5484375 0.9045833333333333 0.066875 0.10416666666666667
0 0.66125 0.7329166666666667 0.0725 0.09916666666666667
0 0.5465625 0.5245833333333333 0.068125 0.0975
0 0.704375 0.8995833333333333 0.06875 0.1025
0 0.728125 0.07958333333333334 0.0725 0.09583333333333334
0 0.7775 0.15166666666666667 0.075 0.105
0 0.3053125 0.7854166666666667 0.075625 0.0975
0 0.4171875 0.52125 0.070625 0.1025
0 0.2196875 0.4008333333333333 0.074375 0.09166666666666666
0 0.6184375 0.24666666666666667 0.078125 0.11666666666666667
0 0.556875 0.64125 0.07 0.1025
0 0.2475 0.5570833333333334 0.08125 0.11083333333333334
0 0.775 0.89375 0.06875 0.10083333333333333
0 0.33875 0.18916666666666668 0.0775 0.11166666666666666
0 0.455 0.6754166666666667 0.06625 0.0925
0 0.4440625 0.25958333333333333 0.070625 0.11916666666666667
0 0.7471875 0.3804166666666667 0.083125 0.0975
0 0.778125 0.7395833333333334 0.07 0.12083333333333333
0 0.3065625 0.6579166666666667 0.065625 0.11583333333333333
0 0.334375 0.6925 0.06875 0.1
0 0.2203125 0.7970833333333334 0.081875 0.0975
0 0.5915625 0.78 0.064375 0.09833333333333333
0 0.759375 0.24541666666666667 0.08625 0.10916666666666666
0 0.72625 0.46416666666666667 0.06 0.105
1 0.3025 0.0775 0.07625 0.13833333333333334
1 0.415 0.88125 0.0925 0.13916666666666666
0 0.5596875 0.36625 0.079375 0.09916666666666667
0 0.4009375 0.6254166666666666 0.073125 0.08916666666666667
0 0.6628125 0.44375 0.069375 0.13416666666666666
0 0.195625 0.495 0.07625 0.09833333333333333
0 0.293125 0.5058333333333334 0.0725 0.10833333333333334
0 0.8009375 0.5479166666666667 0.073125 0.10583333333333333
0 0.6125 0.49083333333333334 0.07875 0.09833333333333333
0 0.628125 0.58875 0.07 0.09083333333333334
0 0.7421875 0.5620833333333334 0.069375 0.12916666666666668
0 0.2065625 0.915 0.091875 0.09666666666666666
0 0.6834375 0.29333333333333333 0.070625 0.09833333333333333
0 0.4046875 0.0925 0.073125 0.15833333333333333