0 0.7271875 0.24083333333333334 0.063125 0.08666666666666667
0 0.24 0.8679166666666667 0.0775 0.10916666666666666
0 0.76875 0.71625 0.08375 0.10583333333333333
0 0.6515625 0.9204166666666667 0.083125 0.09916666666666667
0 0.5878125 0.5125 0.068125 0.07166666666666667
0 0.4646875 0.36375 0.075625 0.10416666666666667
0 0.4440625 0.5275 0.079375 0.11333333333333333
0 0.4884375 0.45125 0.076875 0.09583333333333334
0 0.665 0.27958333333333335 0.0875 0.10583333333333333
0 0.748125 0.8179166666666666 0.07875 0.10416666666666667
0 0.7059375 0.5116666666666667 0.066875 0.09333333333333334
0 0.828125 0.8954166666666666 0.07625 0.1075
0 0.588125 0.22875 0.0825 0.09583333333333334
0 0.39125 0.6716666666666666 0.06375 0.09833333333333333
0 0.6984375 0.38458333333333333 0.073125 0.09583333333333334
0 0.9159375 0.33708333333333335 0.069375 0.0875
0 0.2315625 0.22833333333333333 0.068125 0.08833333333333333
0 0.54125 0.3441666666666667 0.075 0.095
0 0.768125 0.16666666666666666 0.05875 0.08166666666666667
0 0.6946875 0.15416666666666667 0.053125 0.07833333333333334
0 0.26125 0.6558333333333334 0.0725 0.10166666666666667
0 0.0553125 0.45958333333333334 0.078125 0.09916666666666667
0 0.2875 0.16291666666666665 0.07 0.09583333333333334
0 0.918125 0.19541666666666666 0.06625 0.0925
0 0.926875 0.5304166666666666 0.0775 0.1075
0 0.5309375 0.9216666666666666 0.073125 0.09333333333333334
0 0.5146875 0.61625 0.074375 0.09583333333333334
0 0.14375 0.5625 0.07875 0.10333333333333333
0 0.616875 0.82375 0.07 0.10583333333333333
0 0.679375 0.78 0.08 0.1
0 0.735 0.09041666666666667 0.07125 0.09083333333333334
1 0.11 0.76875 0.095 0.0775
0 0.4540625 0.6279166666666667 0.070625 0.0975
0 0.740625 0.64 0.05875 0.07166666666666667
0 0.5834375 0.38083333333333336 0.060625 0.09166666666666666
0 0.8371875 0.74 0.066875 0.11
0 0.833125 0.2175 0.075 0.09333333333333334
0 0.3625 0.15958333333333333 0.07375 0.0975
0 0.60875 0.8979166666666667 0.0725 0.08916666666666667
0 0.5465625 0.7145833333333333 0.061875 0.07916666666666666
0 0.68375 0.6529166666666667 0.06375 0.08583333333333333
0 0.6625 0.44708333333333333 0.07375 0.09416666666666666
1 0.5984375 0.10791666666666666 0.089375 0.09916666666666667
1 0.1871875 0.705 0.100625 0.09666666666666666
1 0.0953125 0.19958333333333333 0.129375 0.0725
1 0.8821875 0.36875 0.063125 0.0875
1 0.924375 0.4325 0.09875 0.10333333333333333
0 0.843125 0.18625 0.0775 0.09583333333333334
0 0.8440625 0.11958333333333333 0.066875 0.0875
0 0.7859375 0.05416666666666667 0.060625 0.075
0 0.78625 0.8154166666666667 0.07375 0.08916666666666667
0 0.30625 0.9320833333333334 0.07125 0.0875
0 0.615 0.7175 0.0625 0.08166666666666667
0 0.785 0.5820833333333333 0.08125 0.09583333333333334
0 0.781875 0.5158333333333334 0.07875 0.07833333333333334
0 0.94125 0.5766666666666667 0.07125 0.085
0 0.861875 0.5633333333333334 0.0725 0.06666666666666667
0 0.0803125 0.6058333333333333 0.068125 0.09833333333333333
0 0.0509375 0.6925 0.070625 0.09333333333333334
0 0.41 0.08625 0.08125 0.0925
0 0.3953125 0.04708333333333333 0.070625 0.0825
0 0.6671875 0.6745833333333333 0.065625 0.0925
0 0.639375 0.13541666666666666 0.05625 0.09083333333333334
0 0.6234375 0.4170833333333333 0.075625 0.08416666666666667
0 0.5221875 0.20958333333333334 0.075625 0.09916666666666667
0 0.5090625 0.15958333333333333 0.068125 0.07916666666666666
0 0.7815625 0.9583333333333334 0.064375 0.08
0 0.4365625 0.26125 0.060625 0.09583333333333334
0 0.3815625 0.25416666666666665 0.063125 0.09666666666666666