0 0.84875 0.61375 0.06875 0.08583333333333333
0 0.4540625 0.8558333333333333 0.066875 0.09166666666666666
0 0.4646875 0.5179166666666667 0.061875 0.08416666666666667
0 0.7459375 0.36833333333333335 0.069375 0.09166666666666666
0 0.5653125 0.915 0.074375 0.09833333333333333
0 0.4725 0.145 0.06375 0.08166666666666667
0 0.548125 0.4370833333333333 0.07875 0.10416666666666667
0 0.1871875 0.35083333333333333 0.069375 0.08666666666666667
0 0.1484375 0.059166666666666666 0.069375 0.09166666666666666
0 0.81375 0.3175 0.075 0.09333333333333334
0 0.705 0.6895833333333333 0.0725 0.08416666666666667
0 0.9065625 0.8083333333333333 0.051875 0.075
0 0.843125 0.9629166666666666 0.0525 0.07083333333333333
0 0.3584375 0.11666666666666667 0.070625 0.085
0 0.065 0.6983333333333334 0.07125 0.08
1 0.49375 0.7604166666666666 0.0675 0.0925
0 0.230625 0.695 0.06625 0.08833333333333333
0 0.3159375 0.8054166666666667 0.065625 0.08083333333333333
0 0.2646875 0.5375 0.059375 0.085
1 0.2578125 0.095 0.080625 0.1
0 0.4484375 0.33125 0.065625 0.0925
0 0.5234375 0.23833333333333334 0.073125 0.08
0 0.624375 0.25916666666666666 0.06875 0.09333333333333334
0 0.125625 0.20375 0.07 0.0925
0 0.421875 0.2125 0.06375 0.105
0 0.819375 0.8066666666666666 0.0575 0.08
0 0.356875 0.22583333333333333 0.05375 0.07
0 0.7690625 0.7258333333333333 0.053125 0.07666666666666666
0 0.2303125 0.4266666666666667 0.068125 0.08333333333333333
0 0.1825 0.47708333333333336 0.06 0.08416666666666667
0 0.2896875 0.4379166666666667 0.069375 0.0875
0 0.88125 0.8858333333333334 0.07875 0.08166666666666667
0 0.566875 0.6958333333333333 0.07125 0.09666666666666666
0 0.33375 0.9320833333333334 0.07 0.08416666666666667
0 0.6540625 0.8916666666666667 0.061875 0.08333333333333333
0 0.6871875 0.5591666666666667 0.063125 0.075
0 0.5315625 0.6495833333333333 0.073125 0.10083333333333333
0 0.695 0.6141666666666666 0.0725 0.08833333333333333
0 0.0340625 0.7770833333333333 0.068125 0.0875
0 0.349375 0.48333333333333334 0.065 0.09166666666666666
0 0.429375 0.6970833333333334 0.06875 0.0875
0 0.3025 0.5691666666666667 0.07125 0.09166666666666666
0 0.3490625 0.70125 0.061875 0.07916666666666666
0 0.86 0.525 0.06875 0.08333333333333333
0 0.931875 0.9416666666666667 0.05875 0.085
0 0.054375 0.8629166666666667 0.07 0.08583333333333333
0 0.544375 0.105 0.055 0.07333333333333333
0 0.09375 0.9075 0.0675 0.08833333333333333
0 0.085 0.3466666666666667 0.0625 0.08166666666666667
0 0.755 0.2604166666666667 0.06125 0.08916666666666667
1 0.4884375 0.3045833333333333 0.071875 0.09083333333333334
0 0.076875 0.565 0.0575 0.07
0 0.24625 0.31833333333333336 0.06 0.07333333333333333
0 0.7934375 0.51 0.066875 0.07666666666666666
0 0.8990625 0.3491666666666667 0.073125 0.08333333333333333
0 0.4428125 0.6058333333333333 0.084375 0.09833333333333333
0 0.1790625 0.16583333333333333 0.068125 0.07666666666666666
0 0.43375 0.7283333333333334 0.0675 0.08166666666666667
0 0.348125 0.3020833333333333 0.0725 0.0925
0 0.3559375 0.61625 0.060625 0.08916666666666667
0 0.843125 0.4295833333333333 0.06875 0.10583333333333333
0 0.058125 0.6258333333333334 0.0575 0.065
0 0.6746875 0.49291666666666667 0.056875 0.07083333333333333
0 0.8690625 0.16541666666666666 0.056875 0.059166666666666666
0 0.5246875 0.52125 0.063125 0.060833333333333336
0 0.3965625 0.42125 0.061875 0.08416666666666667
0 0.3928125 0.9258333333333333 0.049375 0.06666666666666667
0 0.095 0.2725 0.0575 0.07833333333333334
0 0.46125 0.635 0.06625 0.08666666666666667
1 0.65375 0.14583333333333334 0.07875 0.095
0 0.7634375 0.08875 0.058125 0.0725
0 0.5071875 0.37166666666666665 0.059375 0.06833333333333333
0 0.896875 0.6529166666666667 0.06125 0.07416666666666667
0 0.57125 0.62375 0.0675 0.08916666666666667
0 0.2615625 0.36666666666666664 0.059375 0.07166666666666667
0 0.595625 0.04625 0.0725 0.09083333333333334
0 0.4028125 0.24708333333333332 0.070625 0.08583333333333333
0 0.6071875 0.07875 0.068125 0.08083333333333333
0 0.2946875 0.7070833333333333 0.051875 0.0775
0 0.89875 0.07291666666666667 0.06 0.06583333333333333
0 0.1421875 0.95875 0.064375 0.07916666666666666
0 0.14125 0.5258333333333334 0.05375 0.065
0 0.5475 0.17541666666666667 0.06125 0.07083333333333333
0 0.3759375 0.7783333333333333 0.061875 0.06833333333333333
0 0.2778125 0.14833333333333334 0.054375 0.06166666666666667
0 0.031875 0.3541666666666667 0.05625 0.06666666666666667
0 0.2028125 0.21708333333333332 0.054375 0.07916666666666666
0 0.041875 0.2891666666666667 0.05125 0.06833333333333333
0 0.056875 0.21166666666666667 0.04875 0.08
0 0.6209375 0.10666666666666667 0.063125 0.085
0 0.6721875 0.052083333333333336 0.048125 0.08083333333333333
0 0.7878125 0.19375 0.046875 0.06583333333333333
0 0.8959375 0.5695833333333333 0.048125 0.06583333333333333
0 0.9765625 0.18458333333333332 0.043125 0.0675
0 0.6946875 0.21666666666666667 0.068125 0.07
0 0.508125 0.8366666666666667 0.05375 0.06833333333333333
0 0.51125 0.97 0.04375 0.058333333333333334
0 0.68 0.8875 0.05 0.08333333333333333
0 0.3859375 0.53375 0.053125 0.06583333333333333
0 0.645625 0.26625 0.0725 0.07916666666666666
0 0.84 0.74125 0.0525 0.0625
0 0.881875 0.12083333333333333 0.0575 0.065
0 0.37 0.8658333333333333 0.0525 0.07
0 0.3834375 0.3204166666666667 0.054375 0.0775