0 0.7871875 0.11458333333333333 0.108125 0.14416666666666667
0 0.87875 0.13833333333333334 0.1175 0.15666666666666668
0 0.7196875 0.4554166666666667 0.115625 0.15416666666666667
0 0.52625 0.3641666666666667 0.12125 0.16166666666666665
0 0.4928125 0.6441666666666667 0.120625 0.16
0 0.3240625 0.49875 0.119375 0.15916666666666668
0 0.360625 0.22 0.11125 0.14833333333333334
0 0.748125 0.21333333333333335 0.1125 0.15
0 0.8609375 0.42291666666666666 0.120625 0.16083333333333333
0 0.169375 0.44583333333333336 0.11875 0.15833333333333333
0 0.4384375 0.36833333333333335 0.115625 0.155
0 0.5875 0.2658333333333333 0.11125 0.14833333333333334
0 0.6596875 0.6279166666666667 0.120625 0.16083333333333333
0 0.7921875 0.63625 0.115625 0.15416666666666667
0 0.54875 0.8029166666666666 0.10125 0.13416666666666666
0 0.128125 0.6054166666666667 0.1075 0.14416666666666667
0 0.60375 0.13208333333333333 0.12 0.16083333333333333
0 0.459375 0.925 0.10875 0.145
0 0.44125 0.49291666666666667 0.12125 0.1625
0 0.1409375 0.5304166666666666 0.111875 0.14916666666666667
0 0.2396875 0.7845833333333333 0.119375 0.15916666666666668
0 0.2475 0.48375 0.1275 0.16916666666666666
0 0.30875 0.27458333333333335 0.12375 0.16583333333333333
0 0.284375 0.6908333333333333 0.11125 0.14833333333333334
0 0.239375 0.2325 0.105 0.14
0 0.325 0.9041666666666667 0.12 0.16
0 0.9084375 0.34291666666666665 0.113125 0.15083333333333335
0 0.6540625 0.9179166666666667 0.110625 0.1475
0 0.0640625 0.7745833333333333 0.106875 0.1425
0 0.49125 0.88 0.10625 0.14166666666666666
0 0.1646875 0.72625 0.129375 0.1725
0 0.173125 0.7733333333333333 0.105 0.14