0 0.3303125 0.81375 0.104375 0.13916666666666666
0 0.811875 0.14958333333333335 0.0925 0.12416666666666666
0 0.92375 0.38333333333333336 0.1075 0.14333333333333334
0 0.690625 0.11333333333333333 0.1 0.13333333333333333
0 0.8221875 0.53625 0.091875 0.1225
0 0.360625 0.7058333333333333 0.11 0.14666666666666667
0 0.170625 0.41583333333333333 0.10375 0.13833333333333334
0 0.69375 0.82875 0.1 0.13416666666666666
0 0.515625 0.4245833333333333 0.09 0.11916666666666667
0 0.67125 0.56125 0.08875 0.11916666666666667
0 0.33 0.2808333333333333 0.09125 0.12166666666666667
0 0.5296875 0.8325 0.085625 0.11333333333333333
0 0.64 0.19 0.10375 0.13833333333333334
0 0.78875 0.27458333333333335 0.085 0.1125
0 0.546875 0.6429166666666667 0.10625 0.14083333333333334
0 0.4103125 0.57125 0.098125 0.13083333333333333
0 0.6275 0.8191666666666667 0.09 0.12
0 0.85375 0.2375 0.09 0.12
0 0.3215625 0.4554166666666667 0.111875 0.14916666666666667
0 0.373125 0.30333333333333334 0.0725 0.09666666666666666
0 0.71875 0.6225 0.0975 0.13
0 0.3253125 0.52125 0.118125 0.1575
0 0.7740625 0.2225 0.088125 0.11666666666666667
0 0.9134375 0.27125 0.088125 0.1175
0 0.9425 0.54125 0.0975 0.13083333333333333
0 0.0553125 0.44458333333333333 0.093125 0.12416666666666666
0 0.7134375 0.40625 0.076875 0.1025
0 0.4840625 0.6520833333333333 0.091875 0.1225
0 0.7528125 0.32 0.064375 0.08666666666666667
0 0.9096875 0.18 0.109375 0.145
0 0.280625 0.14458333333333334 0.095 0.12583333333333332
0 0.6434375 0.3375 0.093125 0.125
1 0.49375 0.5233333333333333 0.12875 0.17166666666666666
0 0.4146875 0.6075 0.083125 0.11