0 0.0553125 0.7716666666666666 0.074375 0.09666666666666666
0 0.7578125 0.49666666666666665 0.063125 0.085
0 0.0671875 0.51125 0.059375 0.0825
0 0.4940625 0.8529166666666667 0.065625 0.09083333333333334
0 0.5109375 0.08375 0.075625 0.0975
0 0.5090625 0.7479166666666667 0.075625 0.0975
0 0.4871875 0.39708333333333334 0.065625 0.0775
0 0.26875 0.7570833333333333 0.07375 0.10083333333333333
0 0.5421875 0.9129166666666667 0.071875 0.09916666666666667
0 0.3259375 0.7041666666666667 0.068125 0.08666666666666667
0 0.47375 0.2520833333333333 0.0675 0.08583333333333333
0 0.3725 0.6658333333333334 0.08 0.07333333333333333
0 0.3721875 0.17708333333333334 0.065625 0.08916666666666667
0 0.874375 0.8425 0.07625 0.09666666666666666
0 0.3284375 0.0725 0.061875 0.07
0 0.3884375 0.08875 0.061875 0.09083333333333334
0 0.228125 0.1625 0.08875 0.095
0 0.671875 0.7475 0.06875 0.08333333333333333
0 0.375 0.3779166666666667 0.0625 0.07583333333333334
0 0.31375 0.48375 0.07375 0.08916666666666667
0 0.7159375 0.4454166666666667 0.058125 0.06583333333333333
0 0.7296875 0.5816666666666667 0.080625 0.09333333333333334
0 0.1865625 0.47583333333333333 0.071875 0.095
0 0.5571875 0.8120833333333334 0.076875 0.1025
0 0.2653125 0.2275 0.073125 0.08
0 0.188125 0.66375 0.06875 0.09083333333333334
0 0.315 0.17416666666666666 0.065 0.085
0 0.583125 0.39125 0.06625 0.09416666666666666
0 0.2340625 0.83625 0.071875 0.0875
0 0.320625 0.28041666666666665 0.075 0.0975
0 0.7303125 0.8133333333333334 0.068125 0.08166666666666667
0 0.485 0.6608333333333334 0.0625 0.08
0 0.4325 0.5270833333333333 0.0525 0.07083333333333333
0 0.44375 0.06958333333333333 0.07125 0.09916666666666667
0 0.2484375 0.5029166666666667 0.069375 0.10083333333333333
0 0.8525 0.46958333333333335 0.075 0.1025
0 0.309375 0.075 0.07125 0.09833333333333333
0 0.2465625 0.08708333333333333 0.069375 0.07916666666666666
0 0.5528125 0.25125 0.068125 0.08416666666666667
0 0.3653125 0.60125 0.058125 0.0625
0 0.1159375 0.5625 0.064375 0.085
0 0.715625 0.37916666666666665 0.0625 0.07666666666666666
0 0.4903125 0.4841666666666667 0.048125 0.085
0 0.528125 0.19666666666666666 0.0625 0.08666666666666667
0 0.915625 0.5458333333333333 0.075 0.09
0 0.5421875 0.6608333333333334 0.065625 0.09833333333333333
0 0.263125 0.305 0.0475 0.085
0 0.1346875 0.6320833333333333 0.044375 0.07916666666666666
0 0.6053125 0.7979166666666667 0.070625 0.09416666666666666
0 0.6071875 0.28041666666666665 0.054375 0.08083333333333333
0 0.1446875 0.16208333333333333 0.074375 0.0925
0 0.678125 0.6666666666666666 0.06625 0.09
0 0.5453125 0.4325 0.068125 0.08333333333333333
0 0.695 0.3125 0.08375 0.08
0 0.2190625 0.2758333333333333 0.055625 0.07666666666666666
0 0.1028125 0.6958333333333333 0.059375 0.08
0 0.3165625 0.9283333333333333 0.088125 0.11
0 0.3728125 0.515 0.071875 0.08166666666666667
0 0.16375 0.5516666666666666 0.075 0.09
0 0.593125 0.65375 0.06 0.07583333333333334
0 0.656875 0.23416666666666666 0.0575 0.07666666666666666
0 0.6 0.3745833333333333 0.06375 0.0875
0 0.7896875 0.5904166666666667 0.055625 0.07583333333333334
0 0.31875 0.3475 0.0575 0.075
0 0.785 0.7866666666666666 0.07625 0.09666666666666666
1 0.4178125 0.4575 0.085625 0.105
0 0.41375 0.24416666666666667 0.06 0.095
0 0.39 0.9429166666666666 0.06625 0.09916666666666667
0 0.395 0.27 0.0775 0.09833333333333333
0 0.2221875 0.3775 0.044375 0.09
0 0.069375 0.19916666666666666 0.05875 0.085
0 0.4996875 0.31416666666666665 0.066875 0.08833333333333333
0 0.78875 0.7045833333333333 0.0725 0.0925
0 0.26875 0.41333333333333333 0.065 0.09333333333333334
0 0.2453125 0.9083333333333333 0.068125 0.085
0 0.12125 0.23416666666666666 0.0775 0.10166666666666667
0 0.534375 0.5166666666666667 0.05375 0.06833333333333333
0 0.56875 0.54625 0.0525 0.06416666666666666
0 0.6321875 0.5891666666666666 0.065625 0.06833333333333333
0 0.7053125 0.6845833333333333 0.060625 0.0925
1 0.0715625 0.6666666666666666 0.090625 0.11666666666666667
1 0.9321875 0.4995833333333333 0.109375 0.16416666666666666