0 0.4028125 0.13333333333333333 0.060625 0.085
0 0.8040625 0.25083333333333335 0.063125 0.085
0 0.4521875 0.8158333333333333 0.061875 0.085
0 0.3659375 0.48 0.061875 0.09666666666666666
0 0.3209375 0.15708333333333332 0.065625 0.08583333333333333
0 0.128125 0.8029166666666666 0.0625 0.09583333333333334
0 0.2990625 0.72 0.058125 0.08166666666666667
0 0.3375 0.5591666666666667 0.0575 0.08166666666666667
0 0.4675 0.1975 0.06625 0.09166666666666666
0 0.1515625 0.09625 0.051875 0.0725
0 0.4290625 0.27958333333333335 0.061875 0.0725
0 0.6728125 0.9304166666666667 0.065625 0.0875
0 0.85125 0.6729166666666667 0.06 0.08916666666666667
0 0.733125 0.2075 0.06625 0.085
0 0.1334375 0.4708333333333333 0.056875 0.08166666666666667
0 0.5684375 0.45875 0.061875 0.09083333333333334
0 0.3053125 0.23333333333333334 0.070625 0.085
0 0.21625 0.22666666666666666 0.065 0.085
0 0.5590625 0.9070833333333334 0.064375 0.09416666666666666
0 0.6559375 0.6258333333333334 0.058125 0.085
0 0.190625 0.7683333333333333 0.06 0.08666666666666667
0 0.4325 0.5683333333333334 0.0625 0.08666666666666667
0 0.4865625 0.0975 0.060625 0.085
0 0.7321875 0.2966666666666667 0.058125 0.08
0 0.0925 0.14583333333333334 0.06125 0.08833333333333333
0 0.694375 0.55875 0.06125 0.0825
0 0.9015625 0.3104166666666667 0.053125 0.07083333333333333
0 0.37875 0.8258333333333333 0.06125 0.085
0 0.3165625 0.41791666666666666 0.063125 0.0875
0 0.5646875 0.545 0.068125 0.08
0 0.1590625 0.1875 0.055625 0.07833333333333334
0 0.6684375 0.28291666666666665 0.059375 0.0825
0 0.3740625 0.21458333333333332 0.063125 0.0725
0 0.0871875 0.73 0.065625 0.09333333333333334
0 0.7021875 0.11041666666666666 0.060625 0.08583333333333333
0 0.5159375 0.805 0.063125 0.08
0 0.2784375 0.5070833333333333 0.069375 0.08583333333333333
0 0.9221875 0.5883333333333334 0.065625 0.09
0 0.6303125 0.105 0.063125 0.07333333333333333
0 0.4403125 0.495 0.058125 0.085
0 0.868125 0.5508333333333333 0.0675 0.09666666666666666
0 0.5290625 0.6954166666666667 0.068125 0.09416666666666666
0 0.284375 0.8579166666666667 0.06 0.0775
0 0.245 0.43041666666666667 0.06375 0.09583333333333334
0 0.2246875 0.13708333333333333 0.065625 0.0775
0 0.7396875 0.85375 0.060625 0.07583333333333334
0 0.3628125 0.32625 0.066875 0.0775
0 0.13875 0.28 0.05375 0.085
0 0.7953125 0.60625 0.063125 0.08916666666666667
0 0.20875 0.46166666666666667 0.06125 0.08166666666666667
0 0.5075 0.57375 0.065 0.08916666666666667
0 0.2303125 0.3145833333333333 0.060625 0.08083333333333333
0 0.86125 0.08958333333333333 0.055 0.07416666666666667
0 0.335 0.7866666666666666 0.07125 0.08333333333333333
0 0.9403125 0.07916666666666666 0.060625 0.08166666666666667
0 0.8228125 0.43875 0.065625 0.0775
0 0.1703125 0.36291666666666667 0.064375 0.07583333333333334
0 0.7559375 0.56875 0.063125 0.0875
0 0.4090625 0.7425 0.064375 0.08166666666666667
0 0.81125 0.5245833333333333 0.0575 0.0825
0 0.3496875 0.08708333333333333 0.048125 0.0625
0 0.720625 0.3779166666666667 0.06 0.07583333333333334
0 0.1725 0.5754166666666667 0.06625 0.0825
0 0.4471875 0.665 0.056875 0.07833333333333334
0 0.314375 0.32625 0.06875 0.08416666666666667
0 0.060625 0.3 0.06625 0.08166666666666667
0 0.7434375 0.94375 0.059375 0.08416666666666667
0 0.4971875 0.3129166666666667 0.065625 0.07416666666666667
0 0.6871875 0.46625 0.060625 0.0775
0 0.4928125 0.8825 0.061875 0.07
0 0.7859375 0.05 0.053125 0.07333333333333333
0 0.1571875 0.67125 0.064375 0.07583333333333334
0 0.8203125 0.9258333333333333 0.060625 0.07333333333333333
0 0.726875 0.46541666666666665 0.0675 0.08416666666666667
0 0.6109375 0.7125 0.064375 0.07833333333333334
0 0.935 0.1925 0.06 0.085
0 0.9153125 0.8433333333333334 0.059375 0.08
0 0.0796875 0.8954166666666666 0.060625 0.08916666666666667
0 0.9175 0.14375 0.07125 0.09083333333333334
0 0.8025 0.8375 0.06 0.07666666666666666
0 0.9228125 0.7008333333333333 0.068125 0.085
0 0.6246875 0.5075 0.056875 0.09166666666666666
0 0.368125 0.9145833333333333 0.06625 0.0625
0 0.079375 0.5908333333333333 0.05375 0.09666666666666666
0 0.560625 0.12291666666666666 0.05875 0.08416666666666667
0 0.603125 0.32458333333333333 0.06625 0.08416666666666667
0 0.040625 0.14583333333333334 0.05 0.1
0 0.8190625 0.355 0.073125 0.085
0 0.9465625 0.4041666666666667 0.054375 0.08333333333333333
0 0.2303125 0.7279166666666667 0.073125 0.09083333333333334
0 0.791875 0.15833333333333333 0.0775 0.09166666666666666
0 0.5778125 0.21958333333333332 0.074375 0.09083333333333334
0 0.561875 0.6270833333333333 0.0625 0.08583333333333333
0 0.964375 0.7445833333333334 0.06875 0.0975
0 0.7196875 0.6825 0.059375 0.08833333333333333
0 0.244375 0.925 0.06375 0.07666666666666666
0 0.5340625 0.23708333333333334 0.064375 0.08416666666666667
0 0.5878125 0.64625 0.066875 0.06416666666666666
0 0.6865625 0.8329166666666666 0.058125 0.08416666666666667
0 0.5084375 0.495 0.054375 0.095
0 0.8509375 0.78125 0.063125 0.07083333333333333
0 0.873125 0.38916666666666666 0.065 0.10166666666666667
0 0.5690625 0.35625 0.065625 0.07916666666666666
0 0.3275 0.6508333333333334 0.0525 0.08
0 0.7065625 0.7408333333333333 0.051875 0.06666666666666667
0 0.0628125 0.9395833333333333 0.064375 0.06916666666666667
0 0.2025 0.9520833333333333 0.06 0.08583333333333333
0 0.771875 0.7379166666666667 0.05375 0.0825
0 0.08625 0.33125 0.07 0.08916666666666667
1 0.4828125 0.40791666666666665 0.083125 0.14083333333333334
0 0.84 0.905 0.05875 0.075
0 0.9428125 0.8383333333333334 0.055625 0.075
0 0.46875 0.89125 0.0525 0.07083333333333333
0 0.344375 0.9195833333333333 0.05625 0.0725
0 0.515625 0.7154166666666667 0.06125 0.07583333333333334
0 0.95 0.3591666666666667 0.05875 0.095
0 0.8525 0.36125 0.06875 0.060833333333333336
0 0.9721875 0.5475 0.054375 0.07666666666666666
0 0.90375 0.2791666666666667 0.05375 0.07666666666666666
0 0.9678125 0.20458333333333334 0.063125 0.0875
0 0.8521875 0.11375 0.054375 0.07583333333333334
0 0.76875 0.14 0.05875 0.06833333333333333
0 0.8025 0.04791666666666667 0.05625 0.07083333333333333
0 0.5428125 0.375 0.045625 0.08166666666666667
0 0.614375 0.5475 0.065 0.06833333333333333
0 0.260625 0.5229166666666667 0.0625 0.06916666666666667
0 0.359375 0.6508333333333334 0.06875 0.065
0 0.38875 0.7308333333333333 0.06375 0.07666666666666666
0 0.04375 0.9541666666666667 0.06 0.07
0 0.22875 0.9658333333333333 0.06375 0.06666666666666667
0 0.079375 0.63875 0.055 0.0725
0 0.188125 0.7458333333333333 0.0575 0.07333333333333333
0 0.1784375 0.66125 0.066875 0.07416666666666667
0 0.1621875 0.5408333333333334 0.059375 0.07833333333333334
0 0.119375 0.45708333333333334 0.05375 0.07083333333333333
0 0.113125 0.2683333333333333 0.05875 0.08166666666666667
0 0.215625 0.10791666666666666 0.06 0.08416666666666667
0 0.3309375 0.06958333333333333 0.061875 0.07583333333333334
0 0.540625 0.15708333333333332 0.05875 0.08416666666666667
0 0.505 0.28958333333333336 0.05875 0.08583333333333333
0 0.18125 0.4141666666666667 0.06125 0.08
0 0.156875 0.38625 0.06 0.0875
0 0.750625 0.7345833333333334 0.0575 0.1025
0 0.81875 0.8079166666666666 0.05625 0.0775
0 0.4434375 0.035 0.055625 0.06833333333333333