0 0.55125 0.73 0.065 0.085
0 0.20875 0.4083333333333333 0.06 0.08666666666666667
0 0.1596875 0.09666666666666666 0.065625 0.08
0 0.875625 0.3070833333333333 0.0625 0.0825
0 0.67625 0.6320833333333333 0.0625 0.07583333333333334
0 0.779375 0.5220833333333333 0.05875 0.08416666666666667
0 0.639375 0.27708333333333335 0.06 0.0875
0 0.286875 0.1975 0.0825 0.08166666666666667
0 0.3503125 0.7858333333333334 0.071875 0.09
0 0.7090625 0.5375 0.071875 0.095
0 0.7640625 0.20958333333333334 0.060625 0.08416666666666667
0 0.789375 0.8225 0.06375 0.10333333333333333
0 0.7384375 0.805 0.059375 0.08333333333333333
0 0.6465625 0.8058333333333333 0.065625 0.08166666666666667
0 0.55875 0.5575 0.05625 0.08166666666666667
0 0.405 0.19666666666666666 0.07125 0.09
0 0.3484375 0.46541666666666665 0.068125 0.0825
0 0.404375 0.9033333333333333 0.06 0.08166666666666667
0 0.465625 0.04875 0.0625 0.08416666666666667
0 0.101875 0.7816666666666666 0.06375 0.08
0 0.03375 0.83875 0.05875 0.08083333333333333
0 0.234375 0.6145833333333334 0.07 0.0825
0 0.81625 0.18583333333333332 0.065 0.09333333333333334
0 0.129375 0.5416666666666666 0.0525 0.09833333333333333
0 0.945 0.3408333333333333 0.0575 0.08166666666666667
0 0.41 0.13958333333333334 0.06375 0.08916666666666667
0 0.454375 0.6495833333333333 0.06125 0.08583333333333333
0 0.219375 0.725 0.05625 0.08166666666666667
0 0.1503125 0.3466666666666667 0.070625 0.095
0 0.503125 0.63375 0.06 0.0775
0 0.534375 0.3070833333333333 0.06 0.07583333333333334
0 0.0740625 0.7129166666666666 0.065625 0.09583333333333334
0 0.845 0.6975 0.06125 0.07166666666666667
0 0.1678125 0.6979166666666666 0.060625 0.07583333333333334
0 0.2478125 0.08291666666666667 0.068125 0.08916666666666667
0 0.4653125 0.7320833333333333 0.068125 0.0825
0 0.778125 0.10625 0.075 0.09416666666666666
0 0.9334375 0.2554166666666667 0.063125 0.07583333333333334
0 0.4028125 0.5095833333333334 0.065625 0.0775
0 0.5990625 0.63375 0.063125 0.08083333333333333
0 0.3825 0.4220833333333333 0.0625 0.06583333333333333
0 0.403125 0.6995833333333333 0.06375 0.10916666666666666
0 0.425 0.2775 0.07 0.09
0 0.52 0.20416666666666666 0.0575 0.08166666666666667
1 0.5159375 0.43 0.080625 0.105
0 0.5778125 0.03875 0.049375 0.07583333333333334
0 0.1303125 0.6466666666666666 0.058125 0.10333333333333333
0 0.6265625 0.9020833333333333 0.064375 0.07583333333333334
0 0.475625 0.26916666666666667 0.06 0.09833333333333333
0 0.555625 0.3804166666666667 0.06125 0.07916666666666666
0 0.236875 0.7870833333333334 0.0675 0.08416666666666667
0 0.9596875 0.46291666666666664 0.054375 0.07916666666666666
0 0.8503125 0.46 0.055625 0.07333333333333333
0 0.0915625 0.58125 0.064375 0.06916666666666667
1 0.8946875 0.20666666666666667 0.080625 0.09833333333333333
0 0.2821875 0.94375 0.054375 0.07583333333333334
0 0.4146875 0.5841666666666666 0.053125 0.07833333333333334
0 0.5796875 0.92375 0.053125 0.06916666666666667
0 0.3428125 0.8920833333333333 0.059375 0.0725
0 0.2821875 0.8616666666666667 0.068125 0.08666666666666667
0 0.4734375 0.21708333333333332 0.060625 0.08416666666666667
0 0.35625 0.5966666666666667 0.0675 0.07333333333333333
0 0.03375 0.3904166666666667 0.0475 0.06916666666666667
0 0.2059375 0.8420833333333333 0.055625 0.06583333333333333
0 0.0853125 0.4195833333333333 0.063125 0.0775
0 0.7 0.12833333333333333 0.0725 0.08
0 0.9278125 0.6183333333333333 0.073125 0.08166666666666667
0 0.3578125 0.04125 0.064375 0.0825
0 0.521875 0.95125 0.05875 0.0875
0 0.8603125 0.5379166666666667 0.053125 0.06416666666666666
0 0.7959375 0.9529166666666666 0.054375 0.0875
0 0.3434375 0.34958333333333336 0.046875 0.07916666666666666
0 0.6809375 0.07958333333333334 0.079375 0.06583333333333333
0 0.89375 0.57625 0.05625 0.0625
1 0.0615625 0.5258333333333334 0.096875 0.11666666666666667
1 0.63375 0.5754166666666667 0.10375 0.11416666666666667
0 0.245625 0.8783333333333333 0.05375 0.09
0 0.0925 0.6758333333333333 0.05125 0.07833333333333334
0 0.0265625 0.21541666666666667 0.051875 0.0775