0 0.5565625 0.54 0.083125 0.11166666666666666
0 0.7453125 0.47625 0.090625 0.12083333333333333
0 0.39125 0.3154166666666667 0.09625 0.1275
0 0.918125 0.43666666666666665 0.08625 0.115
0 0.1578125 0.78375 0.099375 0.1325
0 0.6871875 0.1275 0.081875 0.11
0 0.3 0.5083333333333333 0.095 0.12666666666666668
0 0.4078125 0.4725 0.094375 0.125
0 0.604375 0.9166666666666666 0.09375 0.125
0 0.51125 0.9116666666666666 0.10125 0.135
0 0.4596875 0.2654166666666667 0.088125 0.1175
0 0.83375 0.43 0.10375 0.13833333333333334
0 0.110625 0.725 0.1025 0.13666666666666666
0 0.8021875 0.13833333333333334 0.085625 0.11333333333333333
0 0.674375 0.42833333333333334 0.095 0.12666666666666668
0 0.5121875 0.5758333333333333 0.084375 0.11166666666666666
0 0.555 0.8616666666666667 0.095 0.12666666666666668
0 0.4346875 0.9183333333333333 0.098125 0.13
0 0.3009375 0.8320833333333333 0.079375 0.10583333333333333
0 0.751875 0.385 0.09125 0.12166666666666667
0 0.21 0.7291666666666666 0.09875 0.13166666666666665
0 0.34375 0.7966666666666666 0.10125 0.135
0 0.5053125 0.5016666666666667 0.095625 0.12833333333333333
0 0.1084375 0.48375 0.091875 0.1225
0 0.586875 0.4725 0.0925 0.12333333333333334
0 0.8703125 0.5641666666666667 0.103125 0.13833333333333334
0 0.2115625 0.9004166666666666 0.083125 0.11083333333333334
0 0.241875 0.6966666666666667 0.085 0.11333333333333333
0 0.2725 0.4141666666666667 0.07875 0.105
0 0.6353125 0.08875 0.089375 0.11916666666666667
0 0.901875 0.20916666666666667 0.0925 0.12333333333333334
0 0.930625 0.29541666666666666 0.08 0.10583333333333333
0 0.8365625 0.3 0.080625 0.10666666666666667
0 0.8903125 0.48375 0.089375 0.11916666666666667
1 0.8190625 0.22541666666666665 0.115625 0.15416666666666667
0 0.3590625 0.6120833333333333 0.103125 0.1375
0 0.7171875 0.18625 0.081875 0.10916666666666666
0 0.6234375 0.8245833333333333 0.104375 0.13916666666666666
0 0.3334375 0.6004166666666667 0.094375 0.12583333333333332
0 0.58875 0.07416666666666667 0.0825 0.11
0 0.528125 0.46291666666666664 0.0925 0.1225
0 0.8684375 0.6595833333333333 0.086875 0.11583333333333333
0 0.90125 0.28791666666666665 0.0825 0.11083333333333334