0 0.589375 0.44583333333333336 0.1025 0.13666666666666666
0 0.16 0.17666666666666667 0.0925 0.12333333333333334
0 0.7190625 0.8275 0.094375 0.12666666666666668
0 0.5865625 0.83125 0.083125 0.11083333333333334
0 0.371875 0.39416666666666667 0.09 0.12
0 0.6884375 0.6791666666666667 0.088125 0.11666666666666667
0 0.606875 0.755 0.0925 0.12333333333333334
0 0.674375 0.16416666666666666 0.11 0.14666666666666667
0 0.79375 0.575 0.1125 0.15
0 0.133125 0.2966666666666667 0.0975 0.13
0 0.679375 0.5875 0.08875 0.11833333333333333
0 0.1515625 0.5008333333333334 0.099375 0.13333333333333333
0 0.940625 0.535 0.09625 0.12833333333333333
0 0.7721875 0.7108333333333333 0.096875 0.13
0 0.2565625 0.6941666666666667 0.083125 0.11
0 0.44625 0.7758333333333334 0.0925 0.12333333333333334
0 0.503125 0.6883333333333334 0.09 0.12
0 0.7371875 0.63375 0.091875 0.1225
0 0.251875 0.35625 0.0925 0.1225
0 0.2059375 0.7095833333333333 0.108125 0.14416666666666667
0 0.6165625 0.6175 0.093125 0.12333333333333334
0 0.93125 0.6216666666666667 0.08875 0.11833333333333333
0 0.3465625 0.76625 0.086875 0.11583333333333333
1 0.3875 0.23708333333333334 0.11 0.1475
0 0.3228125 0.705 0.085625 0.11333333333333333
0 0.1871875 0.3975 0.100625 0.13333333333333333
0 0.300625 0.8783333333333333 0.08125 0.10833333333333334
0 0.3534375 0.9279166666666666 0.094375 0.12583333333333332
0 0.51 0.88875 0.095 0.12583333333333332
0 0.321875 0.4245833333333333 0.08625 0.11416666666666667
0 0.335 0.26916666666666667 0.09375 0.125
0 0.4678125 0.8508333333333333 0.091875 0.12333333333333334
0 0.2665625 0.7641666666666667 0.080625 0.10833333333333334
0 0.2953125 0.3620833333333333 0.083125 0.11083333333333334
0 0.855 0.49 0.09 0.12
0 0.948125 0.7475 0.09375 0.125
0 0.4990625 0.78125 0.086875 0.11583333333333333
0 0.8878125 0.48291666666666666 0.103125 0.1375
0 0.17625 0.41833333333333333 0.10375 0.13833333333333334