0 0.5746875 0.73375 0.098125 0.13083333333333333
0 0.6534375 0.8425 0.091875 0.12166666666666667
0 0.655625 0.20583333333333334 0.0925 0.12333333333333334
0 0.640625 0.6308333333333334 0.1 0.13333333333333333
0 0.2378125 0.48291666666666666 0.094375 0.12583333333333332
0 0.3515625 0.7745833333333333 0.098125 0.13083333333333333
0 0.415625 0.19458333333333333 0.09625 0.12916666666666668
0 0.38 0.7070833333333333 0.08375 0.1125
0 0.66 0.3254166666666667 0.1 0.1325
0 0.2325 0.4216666666666667 0.095 0.12666666666666668
0 0.2909375 0.32916666666666666 0.109375 0.145
0 0.424375 0.4925 0.10375 0.13833333333333334
0 0.288125 0.22416666666666665 0.0925 0.12333333333333334
0 0.6959375 0.5441666666666667 0.109375 0.145
0 0.4925 0.6529166666666667 0.09625 0.12916666666666668
0 0.1975 0.33958333333333335 0.0975 0.12916666666666668
0 0.443125 0.8279166666666666 0.09375 0.12583333333333332
0 0.3475 0.165 0.09875 0.13166666666666665
0 0.2675 0.6958333333333333 0.0975 0.13
0 0.60625 0.14583333333333334 0.105 0.14
0 0.16 0.515 0.10625 0.14166666666666666
0 0.565 0.4741666666666667 0.1025 0.13666666666666666
0 0.8896875 0.3875 0.099375 0.13333333333333333
0 0.76375 0.31583333333333335 0.1 0.13333333333333333
0 0.6771875 0.13291666666666666 0.098125 0.13083333333333333
0 0.8940625 0.48583333333333334 0.096875 0.12833333333333333
0 0.604375 0.9 0.09875 0.13166666666666665
0 0.285625 0.61375 0.0925 0.1225
0 0.5265625 0.50625 0.089375 0.11916666666666667
0 0.55375 0.39166666666666666 0.09375 0.125
0 0.226875 0.89875 0.10875 0.14416666666666667
0 0.6878125 0.75125 0.104375 0.13916666666666666
0 0.2946875 0.8516666666666667 0.105625 0.14
0 0.334375 0.4825 0.10625 0.14166666666666666
0 0.4778125 0.58 0.100625 0.13333333333333333
0 0.0559375 0.7145833333333333 0.093125 0.12416666666666666
0 0.1415625 0.3929166666666667 0.098125 0.13083333333333333
0 0.339375 0.385 0.08 0.10666666666666667
0 0.8403125 0.35 0.095625 0.12666666666666668
0 0.7865625 0.63875 0.110625 0.1475
0 0.1584375 0.5870833333333333 0.089375 0.11916666666666667
0 0.7871875 0.5504166666666667 0.103125 0.1375
0 0.13125 0.67 0.0825 0.11
0 0.94 0.26375 0.0925 0.1225
0 0.334375 0.5929166666666666 0.1025 0.13583333333333333
0 0.728125 0.18916666666666668 0.08625 0.115
0 0.543125 0.8166666666666667 0.10125 0.135
0 0.889375 0.5879166666666666 0.0975 0.13083333333333333
0 0.2496875 0.825 0.110625 0.14666666666666667
0 0.206875 0.5633333333333334 0.095 0.12666666666666668
0 0.5071875 0.7979166666666667 0.106875 0.1425
0 0.9121875 0.3175 0.093125 0.12333333333333334
0 0.09125 0.8020833333333334 0.09625 0.12916666666666668
0 0.706875 0.2816666666666667 0.10625 0.14166666666666666
0 0.4609375 0.33625 0.108125 0.14416666666666667
0 0.44875 0.7725 0.11125 0.14833333333333334
0 0.4090625 0.765 0.094375 0.12666666666666668
0 0.7440625 0.45666666666666667 0.109375 0.14666666666666667
0 0.419375 0.31083333333333335 0.0975 0.13
0 0.5225 0.37916666666666665 0.1 0.13333333333333333
0 0.74 0.38458333333333333 0.10375 0.13916666666666666
0 0.796875 0.19333333333333333 0.1075 0.14333333333333334
0 0.545625 0.5870833333333333 0.09 0.11916666666666667
0 0.374375 0.2841666666666667 0.10625 0.14166666666666666
0 0.7790625 0.08583333333333333 0.114375 0.15333333333333332
0 0.7146875 0.09041666666666667 0.094375 0.12583333333333332
0 0.5425 0.09916666666666667 0.1025 0.13666666666666666
0 0.0971875 0.6279166666666667 0.096875 0.12916666666666668
0 0.75 0.0825 0.095 0.12666666666666668
0 0.756875 0.16916666666666666 0.095 0.12666666666666668