0 0.5703125 0.6854166666666667 0.105625 0.14083333333333334
0 0.48 0.23583333333333334 0.08625 0.115
0 0.2128125 0.5429166666666667 0.091875 0.1225
0 0.7459375 0.58125 0.090625 0.12083333333333333
0 0.355625 0.7108333333333333 0.105 0.14
0 0.4425 0.64875 0.105 0.14083333333333334
0 0.1253125 0.72875 0.091875 0.1225
0 0.8290625 0.14416666666666667 0.088125 0.11666666666666667
0 0.239375 0.465 0.08875 0.11833333333333333
0 0.1615625 0.85375 0.094375 0.12583333333333332
0 0.621875 0.3975 0.08625 0.115
0 0.4284375 0.3075 0.095625 0.12666666666666668
0 0.406875 0.5529166666666666 0.105 0.13916666666666666
0 0.5790625 0.19333333333333333 0.093125 0.12333333333333334
0 0.948125 0.2708333333333333 0.0875 0.11666666666666667
0 0.264375 0.6429166666666667 0.08875 0.1175
0 0.546875 0.89875 0.085 0.1125
0 0.2840625 0.35125 0.093125 0.12416666666666666
0 0.315 0.16208333333333333 0.09375 0.12416666666666666
0 0.2446875 0.7141666666666666 0.086875 0.115
0 0.4871875 0.7733333333333333 0.089375 0.12
0 0.595625 0.5333333333333333 0.10625 0.14166666666666666
0 0.905 0.34625 0.09875 0.13083333333333333
0 0.500625 0.3333333333333333 0.09625 0.12833333333333333
0 0.659375 0.10458333333333333 0.0975 0.13083333333333333
0 0.5571875 0.06125 0.088125 0.1175
0 0.8271875 0.25916666666666666 0.099375 0.13166666666666665
1 0.4740625 0.15541666666666668 0.110625 0.1475
0 0.34625 0.8325 0.08 0.10666666666666667
0 0.4225 0.7458333333333333 0.09625 0.12833333333333333
0 0.7140625 0.7445833333333334 0.095625 0.1275
0 0.7934375 0.39208333333333334 0.083125 0.11083333333333334
0 0.3009375 0.4354166666666667 0.099375 0.1325
0 0.7553125 0.75375 0.090625 0.12083333333333333
1 0.4059375 0.17541666666666667 0.119375 0.15916666666666668
0 0.4975 0.8816666666666667 0.09125 0.12166666666666667
0 0.79625 0.21916666666666668 0.0925 0.12333333333333334
0 0.4303125 0.50375 0.095625 0.1275
0 0.77625 0.30083333333333334 0.08875 0.11833333333333333
0 0.57875 0.41791666666666666 0.0875 0.11583333333333333
0 0.86625 0.4083333333333333 0.095 0.12666666666666668
0 0.939375 0.47333333333333333 0.08375 0.11166666666666666
0 0.4734375 0.3804166666666667 0.076875 0.1025
0 0.35875 0.7725 0.08875 0.11833333333333333
0 0.7809375 0.09333333333333334 0.099375 0.13166666666666665
0 0.3646875 0.4166666666666667 0.090625 0.12166666666666667
0 0.1903125 0.755 0.083125 0.11166666666666666
0 0.473125 0.4533333333333333 0.09 0.12