0 0.7375 0.3329166666666667 0.10375 0.1375
0 0.1071875 0.2891666666666667 0.080625 0.10833333333333334
0 0.5115625 0.24666666666666667 0.089375 0.12
0 0.5921875 0.09166666666666666 0.103125 0.13666666666666666
0 0.4428125 0.7054166666666667 0.099375 0.1325
0 0.2678125 0.47041666666666665 0.090625 0.12083333333333333
0 0.4840625 0.9329166666666666 0.090625 0.12083333333333333
0 0.395 0.26458333333333334 0.085 0.1125
0 0.7834375 0.50875 0.098125 0.13083333333333333
0 0.7 0.41833333333333333 0.10125 0.135
0 0.2009375 0.25375 0.079375 0.10583333333333333
0 0.3425 0.5916666666666667 0.0825 0.11
0 0.609375 0.8725 0.1 0.13333333333333333
0 0.665 0.31166666666666665 0.08125 0.10833333333333334
0 0.0928125 0.56375 0.095625 0.1275
0 0.23375 0.5345833333333333 0.08625 0.11583333333333333
0 0.1746875 0.5645833333333333 0.086875 0.11583333333333333
0 0.3046875 0.28625 0.076875 0.1025
0 0.58875 0.7225 0.10125 0.135
0 0.511875 0.63 0.0925 0.12333333333333334
0 0.9175 0.5333333333333333 0.08875 0.11833333333333333
0 0.9075 0.8020833333333334 0.1025 0.13583333333333333
0 0.315 0.8483333333333334 0.0825 0.11
0 0.815 0.5875 0.095 0.12666666666666668
0 0.6296875 0.6629166666666667 0.099375 0.1325
0 0.908125 0.6558333333333334 0.08375 0.11166666666666666
0 0.8015625 0.33541666666666664 0.080625 0.1075
0 0.31875 0.08083333333333333 0.0825 0.11
0 0.4390625 0.6033333333333334 0.079375 0.105
0 0.2671875 0.13875 0.074375 0.09916666666666667
0 0.1871875 0.48083333333333333 0.086875 0.115
0 0.8115625 0.44666666666666666 0.074375 0.09833333333333333
0 0.4134375 0.5004166666666666 0.084375 0.1125
0 0.409375 0.9233333333333333 0.085 0.11333333333333333
0 0.836875 0.6679166666666667 0.085 0.11416666666666667
0 0.3621875 0.27375 0.095625 0.1275
0 0.17625 0.165 0.08125 0.10833333333333334
0 0.4509375 0.5795833333333333 0.091875 0.1225
0 0.3475 0.21 0.07875 0.105
0 0.6478125 0.7429166666666667 0.071875 0.09583333333333334
0 0.87375 0.48083333333333333 0.07 0.09333333333333334
0 0.6740625 0.5945833333333334 0.074375 0.09916666666666667
0 0.96125 0.7745833333333333 0.0675 0.09083333333333334
0 0.6184375 0.22041666666666668 0.073125 0.0975
0 0.10625 0.20333333333333334 0.08625 0.115
0 0.19125 0.7404166666666666 0.08375 0.11083333333333334
0 0.8509375 0.35625 0.085625 0.11416666666666667
0 0.9103125 0.5954166666666667 0.094375 0.12583333333333332
0 0.3684375 0.38666666666666666 0.086875 0.115
0 0.3696875 0.7154166666666667 0.090625 0.12083333333333333
0 0.6278125 0.6066666666666667 0.086875 0.11666666666666667
0 0.614375 0.34 0.08 0.10666666666666667
0 0.8978125 0.4479166666666667 0.079375 0.10583333333333333
0 0.630625 0.5083333333333333 0.09375 0.125
0 0.178125 0.65625 0.0825 0.11083333333333334
0 0.7590625 0.76875 0.091875 0.1225
0 0.683125 0.5154166666666666 0.07875 0.10583333333333333
0 0.3309375 0.7395833333333334 0.075625 0.10083333333333333
0 0.3525 0.7966666666666666 0.075 0.1
0 0.3040625 0.40875 0.076875 0.1025
0 0.2696875 0.6045833333333334 0.086875 0.11583333333333333
1 0.74875 0.6241666666666666 0.12375 0.165
0 0.2153125 0.7429166666666667 0.081875 0.10916666666666666
0 0.26375 0.23208333333333334 0.0775 0.10416666666666667
0 0.63875 0.43166666666666664 0.08125 0.10833333333333334
0 0.695625 0.6825 0.07 0.09333333333333334
0 0.510625 0.16333333333333333 0.08 0.10666666666666667
0 0.5659375 0.5479166666666667 0.070625 0.09416666666666666
0 0.6503125 0.8154166666666667 0.089375 0.11916666666666667
0 0.5196875 0.8470833333333333 0.088125 0.1175
0 0.4609375 0.34375 0.066875 0.08916666666666667
0 0.5684375 0.24708333333333332 0.075625 0.10083333333333333
0 0.541875 0.11833333333333333 0.075 0.1
0 0.2596875 0.07416666666666667 0.070625 0.09333333333333334
0 0.51125 0.5483333333333333 0.08125 0.10833333333333334
0 0.2134375 0.6633333333333333 0.081875 0.10833333333333334
0 0.56375 0.79 0.06625 0.08833333333333333
0 0.5696875 0.61 0.070625 0.095
0 0.7265625 0.47041666666666665 0.066875 0.08916666666666667
0 0.4090625 0.5391666666666667 0.068125 0.09166666666666666