0 0.391875 0.29041666666666666 0.09875 0.1325
0 0.46125 0.6741666666666667 0.0875 0.11666666666666667
0 0.0896875 0.6608333333333334 0.084375 0.11333333333333333
0 0.801875 0.14208333333333334 0.0875 0.1175
0 0.273125 0.3858333333333333 0.0875 0.11666666666666667
0 0.4684375 0.81125 0.088125 0.1175
0 0.6209375 0.21708333333333332 0.089375 0.11916666666666667
0 0.1709375 0.70875 0.095625 0.1275
1 0.895625 0.5541666666666667 0.115 0.15333333333333332
0 0.4025 0.6691666666666667 0.08125 0.10833333333333334
0 0.586875 0.8279166666666666 0.08375 0.1125
0 0.2746875 0.47458333333333336 0.095625 0.1275
0 0.74875 0.24833333333333332 0.09125 0.12166666666666667
0 0.3559375 0.87125 0.085625 0.11416666666666667
0 0.2178125 0.43875 0.088125 0.1175
0 0.6040625 0.6220833333333333 0.088125 0.1175
0 0.5553125 0.10541666666666667 0.096875 0.12916666666666668
0 0.68 0.48083333333333333 0.08875 0.11833333333333333
0 0.725625 0.31916666666666665 0.085 0.11333333333333333
0 0.1475 0.47833333333333333 0.09125 0.12166666666666667
0 0.6109375 0.34833333333333333 0.079375 0.10666666666666667
0 0.866875 0.14875 0.10875 0.14583333333333334
0 0.738125 0.71 0.0925 0.12333333333333334
0 0.16375 0.9033333333333333 0.1025 0.13666666666666666
1 0.085625 0.5045833333333334 0.1225 0.16416666666666666
0 0.1490625 0.42 0.086875 0.11666666666666667
0 0.9028125 0.2658333333333333 0.081875 0.11
0 0.41625 0.8454166666666667 0.08625 0.11416666666666667
0 0.864375 0.3229166666666667 0.08875 0.11916666666666667
0 0.42625 0.06958333333333333 0.0875 0.1175
0 0.354375 0.74625 0.08875 0.11916666666666667
0 0.8359375 0.5991666666666666 0.098125 0.13166666666666665
0 0.5715625 0.7520833333333333 0.088125 0.1175
0 0.299375 0.8133333333333334 0.0875 0.11666666666666667
0 0.628125 0.7158333333333333 0.14125 0.18833333333333332
0 0.8396875 0.24291666666666667 0.099375 0.1325
0 0.406875 0.7575 0.08 0.10666666666666667
0 0.2178125 0.5120833333333333 0.085625 0.11416666666666667
0 0.5628125 0.3120833333333333 0.085625 0.11416666666666667
0 0.933125 0.4454166666666667 0.08125 0.10916666666666666
0 0.485625 0.20833333333333334 0.08375 0.11166666666666666
0 0.376875 0.0975 0.0825 0.11
0 0.806875 0.69125 0.08875 0.1175
1 0.526875 0.1475 0.10125 0.135
0 0.5790625 0.25458333333333333 0.090625 0.12083333333333333