0 0.735625 0.11583333333333333 0.08625 0.115
0 0.3378125 0.5029166666666667 0.083125 0.11083333333333334
0 0.3396875 0.7329166666666667 0.085625 0.11416666666666667
0 0.2409375 0.3229166666666667 0.081875 0.10916666666666666
0 0.4515625 0.5066666666666667 0.086875 0.115
0 0.4971875 0.1175 0.093125 0.125
0 0.7725 0.48625 0.08875 0.1175
0 0.3209375 0.40625 0.089375 0.11916666666666667
0 0.864375 0.5145833333333333 0.0825 0.10916666666666666
0 0.7053125 0.63625 0.091875 0.1225
0 0.2203125 0.8816666666666667 0.080625 0.10666666666666667
0 0.9159375 0.39458333333333334 0.091875 0.1225
0 0.3375 0.23833333333333334 0.08625 0.115
0 0.1365625 0.7225 0.084375 0.11333333333333333
0 0.139375 0.85625 0.085 0.1125
0 0.539375 0.27458333333333335 0.09 0.12083333333333333
0 0.185625 0.75625 0.0825 0.10916666666666666
0 0.4009375 0.6820833333333334 0.090625 0.12083333333333333
0 0.3378125 0.5745833333333333 0.085625 0.11416666666666667
0 0.6471875 0.7129166666666666 0.081875 0.10916666666666666
0 0.7325 0.2808333333333333 0.0875 0.11666666666666667
0 0.5328125 0.90875 0.086875 0.11583333333333333
0 0.91125 0.5883333333333334 0.10125 0.135
0 0.23125 0.3925 0.0875 0.11666666666666667
0 0.325625 0.6516666666666666 0.09 0.12
0 0.235 0.53 0.08375 0.11166666666666666
0 0.594375 0.9183333333333333 0.07375 0.09833333333333333
0 0.68375 0.38416666666666666 0.08 0.10666666666666667
0 0.70375 0.7883333333333333 0.09 0.12
0 0.64875 0.8454166666666667 0.10125 0.13416666666666666
0 0.7415625 0.57375 0.084375 0.1125
0 0.2671875 0.6345833333333334 0.095625 0.1275
0 0.854375 0.29083333333333333 0.085 0.11333333333333333
0 0.630625 0.17541666666666667 0.08875 0.11916666666666667
0 0.205625 0.4575 0.08625 0.115
0 0.6996875 0.19375 0.083125 0.11083333333333334
0 0.31 0.1725 0.09375 0.125
0 0.4453125 0.43583333333333335 0.084375 0.11333333333333333
0 0.0546875 0.6020833333333333 0.094375 0.12583333333333332
0 0.6609375 0.5304166666666666 0.110625 0.1475
0 0.6009375 0.7995833333333333 0.096875 0.12916666666666668
0 0.065 0.43416666666666665 0.08 0.10666666666666667
0 0.710625 0.45125 0.08625 0.11583333333333333
0 0.7390625 0.8020833333333334 0.095625 0.1275
0 0.615625 0.26125 0.1075 0.14416666666666667
0 0.1615625 0.475 0.080625 0.10666666666666667
0 0.1221875 0.56625 0.088125 0.1175
0 0.5640625 0.7504166666666666 0.084375 0.1125
0 0.63625 0.4075 0.07875 0.105
0 0.1903125 0.58625 0.085625 0.11416666666666667
1 0.6446875 0.27 0.096875 0.13
0 0.1275 0.6333333333333333 0.08625 0.115
0 0.8396875 0.23375 0.111875 0.14916666666666667
0 0.640625 0.45166666666666666 0.10125 0.135
0 0.37 0.11583333333333333 0.06875 0.09166666666666666
0 0.3146875 0.09958333333333333 0.078125 0.10416666666666667
0 0.8271875 0.21041666666666667 0.093125 0.12416666666666666