0 0.338125 0.5641666666666667 0.095 0.12666666666666668
0 0.5653125 0.9029166666666667 0.094375 0.12583333333333332
0 0.2178125 0.6341666666666667 0.090625 0.12
0 0.735625 0.23625 0.09125 0.12083333333333333
0 0.229375 0.42083333333333334 0.08625 0.115
0 0.5678125 0.7654166666666666 0.100625 0.13416666666666666
0 0.5934375 0.30416666666666664 0.103125 0.13833333333333334
0 0.7390625 0.36791666666666667 0.083125 0.11083333333333334
0 0.52375 0.3625 0.08875 0.11833333333333333
0 0.6709375 0.4891666666666667 0.103125 0.13833333333333334
0 0.3515625 0.14 0.085625 0.11333333333333333
0 0.3403125 0.41583333333333333 0.103125 0.13666666666666666
0 0.350625 0.2658333333333333 0.0875 0.11666666666666667
0 0.434375 0.32166666666666666 0.09375 0.125
1 0.506875 0.5333333333333333 0.1 0.13333333333333333
0 0.5375 0.13166666666666665 0.09375 0.125
0 0.3659375 0.9145833333333333 0.090625 0.12083333333333333
0 0.218125 0.1525 0.08375 0.11166666666666666
0 0.4578125 0.2175 0.093125 0.125
0 0.4796875 0.7108333333333333 0.100625 0.13333333333333333
0 0.7671875 0.81625 0.090625 0.12083333333333333
0 0.701875 0.9316666666666666 0.08625 0.115
0 0.5778125 0.1975 0.085625 0.115
0 0.7971875 0.6658333333333334 0.090625 0.12166666666666667
0 0.7896875 0.29375 0.090625 0.12083333333333333
0 0.6140625 0.12333333333333334 0.091875 0.12166666666666667
0 0.2021875 0.23833333333333334 0.089375 0.12
0 0.3121875 0.4795833333333333 0.078125 0.10416666666666667
0 0.1403125 0.15875 0.106875 0.1425
0 0.7265625 0.75125 0.093125 0.12416666666666666
0 0.2571875 0.29291666666666666 0.086875 0.11583333333333333
0 0.065625 0.37166666666666665 0.09 0.12
0 0.2778125 0.6570833333333334 0.093125 0.12416666666666666
0 0.3134375 0.0825 0.085625 0.115
0 0.2821875 0.7275 0.096875 0.12833333333333333
0 0.1696875 0.54875 0.084375 0.1125
0 0.4725 0.4775 0.0925 0.12333333333333334
0 0.6528125 0.6879166666666666 0.080625 0.1075
0 0.685 0.10958333333333334 0.10125 0.13583333333333333
0 0.15125 0.6204166666666666 0.09 0.11916666666666667
0 0.4753125 0.8045833333333333 0.074375 0.09916666666666667
0 0.653125 0.8858333333333334 0.08625 0.115
0 0.7859375 0.3754166666666667 0.085625 0.11416666666666667
0 0.6565625 0.7991666666666667 0.089375 0.12
0 0.3934375 0.19333333333333333 0.081875 0.11
0 0.2740625 0.83625 0.101875 0.13583333333333333
0 0.864375 0.3283333333333333 0.0775 0.10333333333333333
0 0.2721875 0.5858333333333333 0.095625 0.12666666666666668
0 0.866875 0.5916666666666667 0.0825 0.11
0 0.9215625 0.76875 0.094375 0.12583333333333332
0 0.17875 0.37666666666666665 0.0725 0.09666666666666666
0 0.815625 0.7666666666666667 0.0925 0.12333333333333334
0 0.243125 0.085 0.08625 0.115
0 0.4225 0.5925 0.09 0.12
0 0.8715625 0.7845833333333333 0.084375 0.1125
1 0.0728125 0.46458333333333335 0.090625 0.12083333333333333
1 0.8084375 0.5779166666666666 0.108125 0.14416666666666667
0 0.4890625 0.18083333333333335 0.100625 0.13333333333333333
0 0.9490625 0.6841666666666667 0.085625 0.115
0 0.1584375 0.07708333333333334 0.089375 0.11916666666666667
0 0.4190625 0.7183333333333334 0.099375 0.13166666666666665
0 0.6184375 0.8420833333333333 0.081875 0.10916666666666666
0 0.28875 0.5233333333333333 0.0925 0.12333333333333334