0 0.9096875 0.6429166666666667 0.061875 0.0875
0 0.503125 0.31666666666666665 0.06375 0.08
0 0.730625 0.6620833333333334 0.0575 0.08583333333333333
0 0.140625 0.6733333333333333 0.0575 0.085
0 0.9365625 0.8254166666666667 0.066875 0.08416666666666667
0 0.19625 0.61875 0.06375 0.09916666666666667
0 0.140625 0.5745833333333333 0.06125 0.08083333333333333
0 0.6621875 0.5604166666666667 0.068125 0.08916666666666667
0 0.5309375 0.5675 0.063125 0.075
0 0.7028125 0.0675 0.058125 0.08333333333333333
0 0.566875 0.37 0.06375 0.095
0 0.5109375 0.22583333333333333 0.064375 0.09666666666666666
0 0.059375 0.34875 0.06 0.0925
0 0.6446875 0.24458333333333335 0.066875 0.06583333333333333
0 0.4034375 0.7808333333333334 0.075625 0.07333333333333333
0 0.9053125 0.28583333333333333 0.063125 0.08833333333333333
0 0.703125 0.7533333333333333 0.0625 0.08666666666666667
0 0.2871875 0.35041666666666665 0.060625 0.08583333333333333
0 0.8803125 0.8225 0.063125 0.08666666666666667
0 0.619375 0.06208333333333333 0.06375 0.08083333333333333
0 0.8109375 0.67375 0.070625 0.0925
0 0.7821875 0.5804166666666667 0.070625 0.08916666666666667
0 0.89 0.47708333333333336 0.05625 0.0825
0 0.885 0.23916666666666667 0.05375 0.07166666666666667
0 0.21125 0.7325 0.05375 0.08
0 0.22 0.1475 0.0625 0.09166666666666666
0 0.1609375 0.8283333333333334 0.061875 0.06666666666666667
0 0.070625 0.54875 0.07125 0.0775
0 0.4478125 0.12416666666666666 0.064375 0.09
0 0.7071875 0.8483333333333334 0.050625 0.08
0 0.2965625 0.8375 0.051875 0.08
0 0.1775 0.38166666666666665 0.06375 0.1
0 0.48 0.8733333333333333 0.06125 0.08333333333333333
0 0.101875 0.24208333333333334 0.06375 0.09083333333333334
0 0.3571875 0.34541666666666665 0.064375 0.08916666666666667
0 0.4009375 0.20208333333333334 0.068125 0.06416666666666666
0 0.9396875 0.1775 0.060625 0.08166666666666667
0 0.8190625 0.48083333333333333 0.064375 0.08
0 0.5675 0.27166666666666667 0.06 0.07166666666666667
0 0.9621875 0.45958333333333334 0.054375 0.09083333333333334
0 0.335 0.7691666666666667 0.0625 0.07333333333333333
0 0.19625 0.2866666666666667 0.06375 0.08833333333333333
0 0.856875 0.9479166666666666 0.065 0.07583333333333334
0 0.615 0.81 0.06625 0.09
0 0.588125 0.51375 0.07 0.08416666666666667
0 0.668125 0.42875 0.05375 0.07416666666666667
0 0.911875 0.7354166666666667 0.0625 0.07916666666666666
0 0.5534375 0.5041666666666667 0.059375 0.07666666666666666
0 0.7215625 0.495 0.055625 0.085
0 0.2140625 0.07375 0.058125 0.09916666666666667
0 0.8146875 0.8545833333333334 0.055625 0.059166666666666666
0 0.33375 0.22208333333333333 0.065 0.07583333333333334
0 0.8475 0.3358333333333333 0.05875 0.07833333333333334
0 0.1275 0.7620833333333333 0.06125 0.0675
0 0.9671875 0.3408333333333333 0.063125 0.06833333333333333
0 0.908125 0.4225 0.0575 0.08
0 0.2675 0.7920833333333334 0.07625 0.0925
0 0.8759375 0.7654166666666666 0.076875 0.09083333333333334
0 0.4471875 0.3720833333333333 0.059375 0.07583333333333334
0 0.111875 0.84875 0.07125 0.08416666666666667
0 0.3471875 0.145 0.065625 0.07833333333333334
0 0.793125 0.1325 0.065 0.1
0 0.3428125 0.30333333333333334 0.066875 0.07
0 0.6753125 0.6741666666666667 0.051875 0.075
0 0.8646875 0.11625 0.059375 0.07416666666666667
0 0.769375 0.7958333333333333 0.05375 0.08833333333333333
0 0.57625 0.4241666666666667 0.06 0.08
0 0.705625 0.20291666666666666 0.05 0.07583333333333334
0 0.963125 0.3925 0.06125 0.08
0 0.0815625 0.95125 0.064375 0.09416666666666666
0 0.738125 0.10583333333333333 0.045 0.09166666666666666
0 0.369375 0.8883333333333333 0.065 0.08
0 0.4575 0.6704166666666667 0.05 0.06916666666666667
0 0.970625 0.7520833333333333 0.055 0.08916666666666667
0 0.2559375 0.6758333333333333 0.053125 0.06666666666666667
0 0.8859375 0.5658333333333333 0.053125 0.07833333333333334
0 0.4678125 0.57625 0.056875 0.06916666666666667
0 0.4153125 0.8370833333333333 0.050625 0.0575
0 0.3790625 0.66875 0.054375 0.08583333333333333
0 0.3459375 0.5858333333333333 0.059375 0.08
0 0.948125 0.07625 0.05875 0.08916666666666667
0 0.3303125 0.04791666666666667 0.051875 0.08583333333333333
0 0.9690625 0.5929166666666666 0.060625 0.08916666666666667
0 0.309375 0.29875 0.06875 0.08916666666666667
1 0.4321875 0.5108333333333334 0.066875 0.125
0 0.0515625 0.7183333333333334 0.053125 0.09
0 0.7715625 0.2708333333333333 0.075625 0.09333333333333334
0 0.09125 0.19833333333333333 0.05 0.07833333333333334
0 0.59 0.15833333333333333 0.0625 0.06666666666666667
0 0.7853125 0.3908333333333333 0.058125 0.08666666666666667
0 0.39625 0.46458333333333335 0.05 0.07416666666666667
0 0.704375 0.9479166666666666 0.05 0.07583333333333334
0 0.1325 0.43916666666666665 0.06 0.07333333333333333
0 0.543125 0.9595833333333333 0.05375 0.0775
0 0.8065625 0.9545833333333333 0.054375 0.0775
0 0.7753125 0.9345833333333333 0.054375 0.0725
0 0.761875 0.9058333333333334 0.05 0.08333333333333333
0 0.7378125 0.8775 0.054375 0.06833333333333333
0 0.6828125 0.8404166666666667 0.058125 0.08583333333333333
0 0.5875 0.7079166666666666 0.05 0.0725
0 0.6515625 0.7033333333333334 0.041875 0.08166666666666667
0 0.9484375 0.70875 0.055625 0.0775
0 0.8303125 0.65125 0.064375 0.08916666666666667
0 0.8515625 0.6383333333333333 0.055625 0.055
0 0.3584375 0.6133333333333333 0.053125 0.09
0 0.4171875 0.34958333333333336 0.051875 0.0875
0 0.7928125 0.485 0.053125 0.07166666666666667
0 0.7459375 0.4945833333333333 0.058125 0.07583333333333334
0 0.8928125 0.39208333333333334 0.061875 0.07416666666666667
0 0.8196875 0.30125 0.054375 0.0775
0 0.8790625 0.20333333333333334 0.054375 0.08
0 0.780625 0.09791666666666667 0.0625 0.08416666666666667
0 0.7934375 0.060833333333333336 0.043125 0.09
0 0.7684375 0.37166666666666665 0.055625 0.07
0 0.72 0.16208333333333333 0.05875 0.0925
0 0.759375 0.3958333333333333 0.0625 0.06666666666666667
0 0.26 0.46791666666666665 0.05875 0.07583333333333334
0 0.475625 0.5325 0.04875 0.09166666666666666
0 0.5209375 0.7945833333333333 0.048125 0.08916666666666667
0 0.510625 0.7575 0.05125 0.08
0 0.4928125 0.7391666666666666 0.064375 0.075
0 0.473125 0.6420833333333333 0.0575 0.07083333333333333
0 0.0840625 0.83625 0.055625 0.07416666666666667
0 0.05125 0.765 0.05875 0.07666666666666666
0 0.03 0.7325 0.05875 0.08
0 0.060625 0.6554166666666666 0.05125 0.07416666666666667
0 0.1540625 0.6895833333333333 0.055625 0.0775
0 0.0828125 0.4295833333333333 0.046875 0.07916666666666666
0 0.0728125 0.32875 0.065625 0.09583333333333334
0 0.0375 0.5183333333333333 0.06125 0.09
0 0.0234375 0.4791666666666667 0.043125 0.08666666666666667
0 0.0928125 0.17041666666666666 0.054375 0.0725
0 0.1009375 0.1475 0.050625 0.08
0 0.13125 0.04 0.06 0.07833333333333334
0 0.368125 0.23458333333333334 0.07 0.10083333333333333
0 0.268125 0.3620833333333333 0.0625 0.0925
0 0.3759375 0.12208333333333334 0.060625 0.07083333333333333
0 0.169375 0.44208333333333333 0.06625 0.0925
0 0.1609375 0.4845833333333333 0.056875 0.07583333333333334
0 0.170625 0.5575 0.0625 0.08333333333333333
0 0.344375 0.10666666666666667 0.06 0.07833333333333334
0 0.6003125 0.07625 0.065625 0.07416666666666667
0 0.685 0.06958333333333333 0.05125 0.08416666666666667
0 0.680625 0.25916666666666666 0.0625 0.07
0 0.6 0.44625 0.06 0.07416666666666667
0 0.379375 0.70125 0.0825 0.0475
0 0.300625 0.5429166666666667 0.07125 0.0775
0 0.3284375 0.58 0.066875 0.07166666666666667
0 0.273125 0.5666666666666667 0.07875 0.065
0 0.245 0.6104166666666667 0.06 0.07583333333333334
0 0.3009375 0.7391666666666666 0.051875 0.075
0 0.28875 0.6945833333333333 0.07 0.08416666666666667
0 0.07125 0.68875 0.05 0.0875
0 0.37375 0.91375 0.05375 0.0875
0 0.3146875 0.84625 0.055625 0.07416666666666667
0 0.4709375 0.8370833333333333 0.056875 0.0875
0 0.5890625 0.7945833333333333 0.054375 0.07416666666666667
0 0.5909375 0.75625 0.054375 0.08583333333333333
0 0.5921875 0.24791666666666667 0.064375 0.0825
0 0.6184375 0.16291666666666665 0.061875 0.07916666666666666
0 0.6346875 0.18041666666666667 0.060625 0.08416666666666667
0 0.9559375 0.9570833333333333 0.055625 0.07583333333333334
0 0.2384375 0.4841666666666667 0.064375 0.09
0 0.259375 0.5020833333333333 0.055 0.06416666666666666
0 0.109375 0.42791666666666667 0.05375 0.08416666666666667
0 0.77875 0.75625 0.06375 0.07083333333333333
0 0.784375 0.7858333333333334 0.06375 0.08