0 0.795625 0.08541666666666667 0.1175 0.15583333333333332
0 0.800625 0.5466666666666666 0.1025 0.13666666666666666
0 0.0940625 0.8120833333333334 0.118125 0.1575
0 0.791875 0.28 0.11 0.14666666666666667
0 0.3728125 0.12333333333333334 0.110625 0.14833333333333334
0 0.3025 0.8254166666666667 0.115 0.15416666666666667
0 0.45875 0.52125 0.11 0.1475
0 0.4121875 0.6875 0.116875 0.15666666666666668
0 0.6625 0.49291666666666667 0.11 0.14583333333333334
0 0.54125 0.10833333333333334 0.11375 0.15166666666666667
0 0.2075 0.9054166666666666 0.105 0.13916666666666666
0 0.580625 0.6041666666666666 0.1075 0.14333333333333334
0 0.65 0.6266666666666667 0.11375 0.15166666666666667
0 0.809375 0.64875 0.10625 0.14083333333333334
0 0.5771875 0.8875 0.103125 0.13833333333333334
0 0.2134375 0.40375 0.103125 0.1375
0 0.20375 0.7404166666666666 0.1225 0.1625
0 0.24625 0.6475 0.11375 0.15166666666666667
0 0.624375 0.2775 0.1125 0.15
0 0.74375 0.4033333333333333 0.1125 0.15
0 0.5678125 0.7341666666666666 0.096875 0.13
0 0.0928125 0.4708333333333333 0.114375 0.15333333333333332
0 0.4625 0.9133333333333333 0.11125 0.14833333333333334
0 0.4878125 0.29125 0.103125 0.1375
0 0.6671875 0.8266666666666667 0.103125 0.13833333333333334
0 0.4359375 0.19458333333333333 0.111875 0.14916666666666667
0 0.665 0.7570833333333333 0.09875 0.13083333333333333
0 0.368125 0.24416666666666667 0.105 0.14
0 0.4159375 0.29291666666666666 0.105625 0.14083333333333334
0 0.471875 0.3675 0.11125 0.14833333333333334
0 0.4521875 0.38875 0.109375 0.14583333333333334