0 0.281875 0.5691666666666667 0.1 0.13333333333333333
0 0.5728125 0.56625 0.099375 0.1325
0 0.4790625 0.3358333333333333 0.096875 0.12833333333333333
0 0.576875 0.4675 0.0875 0.11666666666666667
0 0.58 0.14916666666666667 0.09125 0.12166666666666667
0 0.599375 0.37916666666666665 0.1 0.13333333333333333
0 0.1753125 0.30375 0.089375 0.11916666666666667
0 0.39875 0.8379166666666666 0.1025 0.13583333333333333
0 0.870625 0.6525 0.09625 0.12833333333333333
0 0.5003125 0.575 0.099375 0.13166666666666665
0 0.740625 0.7308333333333333 0.08875 0.11833333333333333
0 0.4509375 0.7716666666666666 0.099375 0.13333333333333333
0 0.8190625 0.5666666666666667 0.098125 0.13
0 0.43625 0.40708333333333335 0.0975 0.12916666666666668
0 0.565 0.24208333333333334 0.09625 0.12916666666666668
0 0.386875 0.7108333333333333 0.0925 0.12333333333333334
0 0.4584375 0.49875 0.088125 0.1175
0 0.3565625 0.5179166666666667 0.105625 0.14083333333333334
0 0.515 0.8583333333333333 0.09375 0.125
0 0.4953125 0.6466666666666666 0.089375 0.12
0 0.10875 0.2841666666666667 0.10375 0.13833333333333334
0 0.596875 0.6641666666666667 0.09375 0.125
0 0.3471875 0.07125 0.091875 0.1225
0 0.50125 0.24166666666666667 0.08875 0.11833333333333333
0 0.7565625 0.8516666666666667 0.101875 0.135
0 0.69125 0.6466666666666666 0.09375 0.125
0 0.1975 0.08458333333333333 0.09125 0.1225
0 0.849375 0.4404166666666667 0.08875 0.11916666666666667
0 0.313125 0.6533333333333333 0.09375 0.125
0 0.868125 0.79 0.09375 0.125
0 0.4334375 0.16708333333333333 0.099375 0.1325
0 0.6525 0.7325 0.09625 0.12833333333333333
0 0.1653125 0.4270833333333333 0.093125 0.12416666666666666
0 0.0934375 0.18083333333333335 0.110625 0.14833333333333334
0 0.7353125 0.32458333333333333 0.103125 0.1375
0 0.1546875 0.16958333333333334 0.085625 0.11416666666666667
0 0.1525 0.5283333333333333 0.1025 0.13666666666666666
0 0.3921875 0.60875 0.098125 0.13083333333333333
0 0.8034375 0.7129166666666666 0.099375 0.1325
0 0.1365625 0.605 0.101875 0.13666666666666666
0 0.433125 0.22208333333333333 0.09875 0.1325
0 0.2234375 0.5025 0.088125 0.11666666666666667
0 0.2221875 0.635 0.101875 0.13666666666666666
0 0.62 0.27625 0.09125 0.1225
0 0.41625 0.30916666666666665 0.08875 0.11833333333333333
0 0.29375 0.40791666666666665 0.0925 0.12416666666666666
0 0.935 0.5229166666666667 0.10875 0.14583333333333334
0 0.3196875 0.87375 0.081875 0.10916666666666666
0 0.8071875 0.9279166666666666 0.098125 0.13083333333333333
0 0.528125 0.4075 0.0875 0.11666666666666667
0 0.260625 0.33458333333333334 0.09875 0.13083333333333333
0 0.7415625 0.515 0.090625 0.12166666666666667
0 0.1128125 0.37583333333333335 0.103125 0.13833333333333334
0 0.7125 0.9275 0.09 0.12
0 0.6709375 0.8729166666666667 0.100625 0.13416666666666666
0 0.8684375 0.8620833333333333 0.085625 0.11416666666666667
0 0.6659375 0.49875 0.088125 0.1175
0 0.758125 0.22583333333333333 0.0975 0.13
0 0.8353125 0.5154166666666666 0.093125 0.12416666666666666
0 0.3346875 0.7745833333333333 0.084375 0.1125
0 0.4153125 0.6495833333333333 0.090625 0.12083333333333333
0 0.35125 0.32166666666666666 0.10125 0.135
0 0.2296875 0.34708333333333335 0.089375 0.11916666666666667
0 0.8171875 0.31875 0.096875 0.12916666666666668
0 0.295 0.13833333333333334 0.0825 0.11
0 0.365625 0.3975 0.0875 0.11666666666666667
0 0.6615625 0.19583333333333333 0.086875 0.115
0 0.68625 0.24 0.1 0.13333333333333333
0 0.6940625 0.805 0.089375 0.11833333333333333
0 0.0659375 0.5729166666666666 0.084375 0.1125
0 0.6790625 0.11958333333333333 0.105625 0.14083333333333334
0 0.66625 0.44125 0.09375 0.12416666666666666
0 0.723125 0.37625 0.0875 0.11583333333333333
1 0.19 0.24541666666666667 0.0925 0.1225
1 0.4734375 0.9441666666666667 0.078125 0.10333333333333333
0 0.085 0.3779166666666667 0.0975 0.12916666666666668
0 0.158125 0.13083333333333333 0.08875 0.11833333333333333
0 0.220625 0.6758333333333333 0.09375 0.125
0 0.25625 0.4866666666666667 0.08625 0.115
0 0.1459375 0.6720833333333334 0.091875 0.1225
0 0.308125 0.76 0.09125 0.12166666666666667
0 0.394375 0.91625 0.0875 0.11583333333333333
0 0.735 0.4691666666666667 0.08 0.10666666666666667
0 0.8003125 0.7625 0.086875 0.115
0 0.571875 0.9341666666666667 0.0925 0.12333333333333334
0 0.509375 0.43875 0.0875 0.1175
0 0.668125 0.5375 0.08625 0.115
0 0.34625 0.27666666666666667 0.0825 0.11
0 0.3109375 0.1675 0.091875 0.12166666666666667
0 0.2896875 0.18791666666666668 0.083125 0.11083333333333334
0 0.8946875 0.85875 0.080625 0.1075
0 0.8615625 0.75625 0.076875 0.1025
0 0.681875 0.7633333333333333 0.10125 0.135
0 0.32125 0.42375 0.095 0.12583333333333332
0 0.6184375 0.31416666666666665 0.086875 0.115
0 0.35625 0.08833333333333333 0.08875 0.11833333333333333
0 0.834375 0.30875 0.0825 0.11083333333333334
0 0.435 0.9375 0.0825 0.11
0 0.71375 0.4166666666666667 0.0925 0.12333333333333334