0 0.4546875 0.6558333333333334 0.063125 0.10333333333333333
0 0.3328125 0.36083333333333334 0.073125 0.09666666666666666
0 0.273125 0.7879166666666667 0.075 0.10083333333333333
0 0.77375 0.2970833333333333 0.07875 0.11083333333333334
0 0.32875 0.20291666666666666 0.065 0.11083333333333334
0 0.6921875 0.75 0.074375 0.09833333333333333
0 0.693125 0.36541666666666667 0.075 0.11416666666666667
0 0.3453125 0.8108333333333333 0.078125 0.09666666666666666
0 0.465 0.915 0.0725 0.105
0 0.200625 0.32916666666666666 0.07875 0.11
0 0.1884375 0.8504166666666667 0.063125 0.0925
0 0.214375 0.14875 0.09125 0.10083333333333333
0 0.4075 0.94875 0.06625 0.08916666666666667
0 0.53375 0.21291666666666667 0.0725 0.0925
0 0.631875 0.20833333333333334 0.07125 0.10166666666666667
0 0.253125 0.3720833333333333 0.07375 0.10583333333333333
0 0.625 0.9416666666666667 0.07125 0.10833333333333334
0 0.58375 0.6545833333333333 0.07375 0.09416666666666666
0 0.2234375 0.24083333333333334 0.079375 0.09166666666666666
0 0.27375 0.6529166666666667 0.07 0.09583333333333334
0 0.6871875 0.895 0.075625 0.11166666666666666
0 0.2384375 0.7320833333333333 0.081875 0.10416666666666667
0 0.740625 0.5791666666666667 0.0725 0.09166666666666666
0 0.765 0.15833333333333333 0.075 0.10333333333333333
0 0.731875 0.06041666666666667 0.06625 0.08916666666666667
0 0.2303125 0.5079166666666667 0.081875 0.10583333333333333
0 0.3046875 0.8816666666666667 0.070625 0.09
0 0.20625 0.6295833333333334 0.0675 0.1125
0 0.3140625 0.7266666666666667 0.086875 0.09666666666666666
0 0.8121875 0.51875 0.078125 0.09916666666666667
0 0.769375 0.6216666666666667 0.0675 0.095
0 0.6446875 0.27791666666666665 0.071875 0.1175
0 0.4740625 0.33208333333333334 0.085625 0.10583333333333333
0 0.5128125 0.40541666666666665 0.075625 0.08916666666666667
0 0.1640625 0.7541666666666667 0.069375 0.10833333333333334
0 0.1878125 0.4579166666666667 0.070625 0.08583333333333333
0 0.433125 0.7941666666666667 0.0725 0.10166666666666667
0 0.368125 0.5920833333333333 0.06625 0.09416666666666666
0 0.74625 0.8404166666666667 0.08125 0.10083333333333333
0 0.5040625 0.8195833333333333 0.068125 0.09583333333333334
0 0.5703125 0.3075 0.075625 0.115
0 0.3421875 0.08208333333333333 0.084375 0.07916666666666666
0 0.4178125 0.26125 0.064375 0.0975
0 0.5040625 0.07083333333333333 0.078125 0.11
0 0.359375 0.6441666666666667 0.08 0.10333333333333333
0 0.8 0.74875 0.0775 0.10583333333333333
0 0.474375 0.055 0.0725 0.095
0 0.235 0.9225 0.08625 0.085
0 0.766875 0.6541666666666667 0.0725 0.08666666666666667
0 0.816875 0.71 0.07125 0.08333333333333333
0 0.320625 0.5770833333333333 0.0475 0.10083333333333333
0 0.57875 0.6866666666666666 0.07125 0.09
0 0.54125 0.7604166666666666 0.06625 0.07583333333333334