0 0.6328125 0.56375 0.096875 0.12916666666666668
0 0.433125 0.3925 0.08375 0.11166666666666666
0 0.38875 0.08416666666666667 0.09625 0.12833333333333333
0 0.6059375 0.11125 0.111875 0.14916666666666667
0 0.076875 0.7758333333333334 0.1 0.13333333333333333
0 0.7309375 0.2970833333333333 0.098125 0.13083333333333333
0 0.08375 0.5333333333333333 0.09625 0.12833333333333333
0 0.1840625 0.5654166666666667 0.083125 0.11083333333333334
0 0.6553125 0.67375 0.100625 0.13416666666666666
0 0.2921875 0.6370833333333333 0.108125 0.14416666666666667
0 0.79375 0.7266666666666667 0.10875 0.145
0 0.46875 0.6904166666666667 0.09125 0.1225
0 0.3203125 0.25 0.095625 0.12666666666666668
0 0.2171875 0.8841666666666667 0.100625 0.135
0 0.823125 0.6195833333333334 0.0925 0.1225
1 0.315625 0.37166666666666665 0.115 0.15333333333333332
0 0.4865625 0.7779166666666667 0.084375 0.1125
0 0.6234375 0.20708333333333334 0.093125 0.12416666666666666
0 0.525 0.26 0.08625 0.115
0 0.10125 0.45125 0.09875 0.13083333333333333
0 0.381875 0.21583333333333332 0.0825 0.11
0 0.6478125 0.28541666666666665 0.098125 0.13083333333333333
0 0.5084375 0.3745833333333333 0.091875 0.1225
0 0.8540625 0.33666666666666667 0.083125 0.11166666666666666
0 0.2375 0.5908333333333333 0.09125 0.12166666666666667
0 0.2375 0.22125 0.09625 0.1275
0 0.5709375 0.3416666666666667 0.096875 0.12833333333333333
0 0.265 0.295 0.08125 0.10833333333333334
0 0.7275 0.8358333333333333 0.0825 0.11
0 0.8734375 0.40291666666666665 0.093125 0.12416666666666666
0 0.763125 0.38208333333333333 0.0975 0.12916666666666668
0 0.9115625 0.5275 0.091875 0.12166666666666667
0 0.85375 0.55625 0.10625 0.14083333333333334
0 0.1575 0.3225 0.1 0.13333333333333333
0 0.6759375 0.85375 0.095625 0.1275
0 0.4109375 0.6275 0.103125 0.13833333333333334
0 0.5034375 0.3204166666666667 0.083125 0.11083333333333334
0 0.384375 0.6470833333333333 0.0825 0.10916666666666666
0 0.7965625 0.39 0.083125 0.11