0 0.589375 0.8129166666666666 0.06625 0.08416666666666667
0 0.66375 0.8966666666666666 0.07375 0.09833333333333333
0 0.8871875 0.37166666666666665 0.066875 0.09
0 0.739375 0.6616666666666666 0.06625 0.08333333333333333
0 0.4353125 0.35833333333333334 0.076875 0.09666666666666666
0 0.6275 0.44083333333333335 0.05625 0.08166666666666667
0 0.85375 0.09291666666666666 0.06875 0.08416666666666667
0 0.3990625 0.9366666666666666 0.060625 0.08666666666666667
0 0.4803125 0.5629166666666666 0.061875 0.07916666666666666
0 0.454375 0.6783333333333333 0.06875 0.09333333333333334
0 0.5725 0.35833333333333334 0.06875 0.09666666666666666
0 0.8821875 0.23041666666666666 0.081875 0.09083333333333334
0 0.54125 0.6320833333333333 0.05875 0.08583333333333333
0 0.893125 0.54625 0.07875 0.08916666666666667
0 0.7390625 0.3720833333333333 0.053125 0.07916666666666666
0 0.7421875 0.4875 0.070625 0.1
0 0.565 0.91875 0.06875 0.08083333333333333
0 0.59375 0.16166666666666665 0.05375 0.075
0 0.3378125 0.3829166666666667 0.058125 0.09583333333333334
0 0.6065625 0.2833333333333333 0.060625 0.08
0 0.65125 0.19708333333333333 0.06 0.07416666666666667
0 0.5303125 0.08291666666666667 0.059375 0.0725
0 0.4925 0.87 0.05125 0.09333333333333334
0 0.5221875 0.5 0.076875 0.085
0 0.09125 0.05125 0.065 0.08916666666666667
0 0.0884375 0.22541666666666665 0.058125 0.07583333333333334
0 0.5134375 0.2875 0.059375 0.075
0 0.84375 0.6141666666666666 0.0625 0.06833333333333333
0 0.1346875 0.6204166666666666 0.073125 0.1075
0 0.725 0.29125 0.07 0.0825
0 0.238125 0.19291666666666665 0.0625 0.07916666666666666
0 0.9596875 0.09708333333333333 0.061875 0.07916666666666666
0 0.2671875 0.06666666666666667 0.066875 0.09
0 0.2078125 0.05125 0.053125 0.07083333333333333
0 0.6871875 0.3283333333333333 0.069375 0.08833333333333333
0 0.301875 0.20083333333333334 0.05625 0.07833333333333334
0 0.82 0.6833333333333333 0.0525 0.08
0 0.2796875 0.2725 0.083125 0.09333333333333334
0 0.875 0.9220833333333334 0.0725 0.08916666666666667
0 0.284375 0.34875 0.07625 0.09083333333333334
0 0.9365625 0.6670833333333334 0.060625 0.07416666666666667
0 0.4846875 0.7866666666666666 0.070625 0.10166666666666667
1 0.1228125 0.16291666666666665 0.079375 0.08583333333333333
0 0.448125 0.051666666666666666 0.06 0.07
0 0.495 0.43375 0.06625 0.08416666666666667
0 0.4228125 0.5720833333333334 0.063125 0.0825
0 0.815625 0.795 0.055 0.07833333333333334
0 0.6509375 0.6895833333333333 0.061875 0.06916666666666667
0 0.0859375 0.7379166666666667 0.063125 0.0725
0 0.1134375 0.8475 0.048125 0.07166666666666667
0 0.854375 0.8408333333333333 0.05625 0.06666666666666667
0 0.1040625 0.9245833333333333 0.059375 0.0775
0 0.1428125 0.3129166666666667 0.064375 0.06416666666666666
0 0.9246875 0.26958333333333334 0.058125 0.07416666666666667
0 0.385 0.8470833333333333 0.05125 0.07416666666666667
0 0.95375 0.5158333333333334 0.0525 0.065
0 0.9025 0.77375 0.06 0.09583333333333334
0 0.5321875 0.2075 0.051875 0.06666666666666667
0 0.3778125 0.07083333333333333 0.056875 0.075
0 0.4184375 0.1075 0.061875 0.07666666666666666
0 0.761875 0.45 0.07375 0.095
0 0.9340625 0.34833333333333333 0.079375 0.06833333333333333
0 0.75 0.8354166666666667 0.07375 0.1025
0 0.964375 0.9570833333333333 0.0575 0.07416666666666667
0 0.634375 0.7575 0.0525 0.07166666666666667
0 0.385 0.4241666666666667 0.055 0.085
0 0.72625 0.07833333333333334 0.055 0.07333333333333333
0 0.20875 0.4166666666666667 0.07 0.09666666666666666
0 0.508125 0.40041666666666664 0.065 0.08916666666666667
0 0.1371875 0.7829166666666667 0.051875 0.0675
0 0.591875 0.61875 0.05 0.09416666666666666
0 0.9215625 0.6045833333333334 0.056875 0.060833333333333336
0 0.9503125 0.16791666666666666 0.059375 0.07083333333333333
0 0.69625 0.7958333333333333 0.06375 0.075
0 0.6675 0.6241666666666666 0.06125 0.06166666666666667
0 0.0596875 0.9229166666666667 0.061875 0.07416666666666667
0 0.136875 0.09958333333333333 0.06625 0.0575
0 0.7734375 0.06625 0.054375 0.07583333333333334
0 0.7734375 0.8720833333333333 0.051875 0.07416666666666667
0 0.0440625 0.4554166666666667 0.055625 0.0625
0 0.8009375 0.9620833333333333 0.058125 0.059166666666666666
0 0.4375 0.8670833333333333 0.04625 0.08083333333333333
0 0.195 0.3525 0.06 0.075
1 0.93 0.8158333333333333 0.085 0.095
0 0.8540625 0.7408333333333333 0.045625 0.06833333333333333
0 0.2246875 0.4483333333333333 0.081875 0.12333333333333334
0 0.376875 0.7966666666666666 0.075 0.1
0 0.43 0.78875 0.055 0.10916666666666666