0 0.4178125 0.5129166666666667 0.080625 0.1075
0 0.3859375 0.8745833333333334 0.088125 0.1175
0 0.530625 0.31416666666666665 0.09625 0.12833333333333333
0 0.3121875 0.6941666666666667 0.106875 0.14333333333333334
0 0.27625 0.22208333333333333 0.09125 0.12083333333333333
0 0.0921875 0.35208333333333336 0.101875 0.13583333333333333
0 0.590625 0.7541666666666667 0.1025 0.13666666666666666
0 0.413125 0.7575 0.08625 0.115
0 0.8340625 0.6279166666666667 0.091875 0.1225
0 0.205 0.3075 0.09125 0.12166666666666667
0 0.5975 0.9004166666666666 0.09375 0.12416666666666666
0 0.3246875 0.40041666666666664 0.101875 0.13583333333333333
0 0.200625 0.5983333333333334 0.10375 0.13833333333333334
0 0.4778125 0.14291666666666666 0.095625 0.1275
0 0.7728125 0.3433333333333333 0.096875 0.12833333333333333
0 0.61375 0.5245833333333333 0.09 0.12083333333333333
0 0.5978125 0.67625 0.085625 0.11416666666666667
0 0.78875 0.2554166666666667 0.0975 0.13083333333333333
0 0.47375 0.5858333333333333 0.09125 0.12166666666666667
0 0.24125 0.22916666666666666 0.1 0.13333333333333333
0 0.186875 0.38083333333333336 0.09125 0.12166666666666667
0 0.6840625 0.8541666666666666 0.094375 0.125
0 0.83375 0.84125 0.105 0.13916666666666666
0 0.5278125 0.5195833333333333 0.091875 0.1225
0 0.5721875 0.455 0.081875 0.11
0 0.6859375 0.54875 0.086875 0.11583333333333333
0 0.8475 0.35083333333333333 0.09 0.12
0 0.1184375 0.4741666666666667 0.096875 0.12833333333333333
0 0.7225 0.675 0.095 0.12666666666666668
0 0.7878125 0.5158333333333334 0.110625 0.14833333333333334
0 0.2578125 0.39125 0.105625 0.14083333333333334
0 0.5715625 0.21291666666666667 0.088125 0.1175
0 0.1321875 0.27208333333333334 0.094375 0.12583333333333332
0 0.4021875 0.6770833333333334 0.093125 0.12416666666666666
0 0.7775 0.5804166666666667 0.0875 0.1175
0 0.7925 0.6966666666666667 0.0975 0.13
0 0.775 0.8354166666666667 0.09625 0.1275
0 0.855 0.7441666666666666 0.10625 0.14166666666666666
0 0.33 0.4891666666666667 0.1025 0.13666666666666666
0 0.1728125 0.07541666666666667 0.088125 0.1175
0 0.66 0.635 0.09375 0.125
0 0.3221875 0.8354166666666667 0.090625 0.12083333333333333
0 0.556875 0.8104166666666667 0.0825 0.10916666666666666
0 0.94625 0.4875 0.0875 0.11666666666666667
0 0.4296875 0.13125 0.103125 0.1375
0 0.2171875 0.13958333333333334 0.108125 0.14416666666666667
0 0.0921875 0.5679166666666666 0.091875 0.1225
0 0.375 0.4691666666666667 0.09 0.12
0 0.5915625 0.10041666666666667 0.083125 0.11083333333333334
0 0.9465625 0.7666666666666667 0.101875 0.135
0 0.6840625 0.10458333333333333 0.091875 0.1225
0 0.6928125 0.70125 0.090625 0.12083333333333333
0 0.04875 0.22333333333333333 0.0925 0.12333333333333334
0 0.0465625 0.40791666666666665 0.080625 0.1075
0 0.1253125 0.5870833333333333 0.099375 0.1325
0 0.155 0.6616666666666666 0.085 0.11333333333333333
0 0.6375 0.14416666666666667 0.08375 0.11166666666666666
0 0.5975 0.15041666666666667 0.09125 0.12083333333333333
0 0.098125 0.16 0.09625 0.12833333333333333
0 0.1528125 0.10666666666666667 0.084375 0.11166666666666666