0 0.7815625 0.7333333333333333 0.056875 0.08333333333333333
0 0.259375 0.255 0.06 0.08
0 0.834375 0.855 0.05625 0.08333333333333333
0 0.7265625 0.8845833333333334 0.060625 0.0825
0 0.6584375 0.7358333333333333 0.058125 0.08
0 0.56 0.8095833333333333 0.0625 0.0925
0 0.351875 0.8916666666666667 0.0675 0.10333333333333333
0 0.200625 0.43583333333333335 0.055 0.08166666666666667
0 0.7115625 0.555 0.061875 0.1
0 0.6053125 0.36083333333333334 0.061875 0.08166666666666667
0 0.658125 0.4775 0.0575 0.1
0 0.7496875 0.6775 0.066875 0.07833333333333334
0 0.4709375 0.22666666666666666 0.059375 0.08
0 0.345 0.5058333333333334 0.06625 0.085
0 0.2415625 0.59625 0.058125 0.09416666666666666
0 0.8384375 0.6020833333333333 0.066875 0.08416666666666667
0 0.41125 0.45208333333333334 0.06375 0.0875
0 0.665625 0.9070833333333334 0.05875 0.08083333333333333
0 0.1740625 0.1275 0.063125 0.07833333333333334
0 0.718125 0.35541666666666666 0.0625 0.07416666666666667
0 0.5078125 0.6083333333333333 0.058125 0.095
0 0.6009375 0.9029166666666667 0.059375 0.08583333333333333
0 0.6525 0.6254166666666666 0.055 0.0825
0 0.4790625 0.7516666666666667 0.055625 0.09833333333333333
0 0.415 0.7841666666666667 0.05875 0.09833333333333333
0 0.3884375 0.5554166666666667 0.064375 0.0925
0 0.50125 0.8891666666666667 0.05 0.09166666666666666
0 0.7746875 0.3179166666666667 0.070625 0.1075
0 0.56125 0.4891666666666667 0.05375 0.07166666666666667
0 0.220625 0.17583333333333334 0.0525 0.08333333333333333
0 0.205 0.5329166666666667 0.065 0.08083333333333333
0 0.3253125 0.2945833333333333 0.055625 0.0775
0 0.7225 0.04 0.08125 0.075
0 0.2325 0.86875 0.0575 0.09916666666666667
0 0.520625 0.38916666666666666 0.0525 0.105
0 0.5903125 0.6583333333333333 0.068125 0.09
0 0.45625 0.6475 0.0575 0.08
0 0.42375 0.3333333333333333 0.0525 0.07666666666666666
0 0.7471875 0.10666666666666667 0.074375 0.07333333333333333
0 0.4403125 0.3670833333333333 0.060625 0.06916666666666667
0 0.5659375 0.6216666666666667 0.068125 0.095
0 0.7484375 0.40625 0.066875 0.09416666666666666
0 0.7134375 0.46958333333333335 0.069375 0.0725
0 0.2853125 0.06583333333333333 0.049375 0.07
0 0.6115625 0.725 0.058125 0.08666666666666667