0 0.380625 0.5141666666666667 0.1 0.13333333333333333
0 0.5534375 0.8791666666666667 0.095625 0.12666666666666668
0 0.6428125 0.4508333333333333 0.098125 0.13
0 0.2228125 0.6029166666666667 0.089375 0.11916666666666667
0 0.7246875 0.3020833333333333 0.104375 0.13916666666666666
0 0.2509375 0.71125 0.096875 0.12916666666666668
0 0.28875 0.4125 0.095 0.12666666666666668
0 0.62375 0.2675 0.08875 0.11833333333333333
0 0.3021875 0.52875 0.088125 0.1175
0 0.0965625 0.34791666666666665 0.089375 0.11916666666666667
0 0.82 0.7475 0.08125 0.10833333333333334
0 0.599375 0.59875 0.09375 0.12416666666666666
0 0.5803125 0.42041666666666666 0.090625 0.12083333333333333
0 0.8796875 0.7133333333333334 0.086875 0.11666666666666667
0 0.3771875 0.28958333333333336 0.086875 0.11583333333333333
0 0.7171875 0.9329166666666666 0.084375 0.1125
0 0.489375 0.9125 0.0675 0.09
0 0.9415625 0.46708333333333335 0.090625 0.12083333333333333
0 0.1871875 0.67125 0.091875 0.1225
0 0.5340625 0.17666666666666667 0.088125 0.11666666666666667
0 0.06375 0.21958333333333332 0.09875 0.13083333333333333
0 0.241875 0.33541666666666664 0.09875 0.1325
0 0.1859375 0.36791666666666667 0.095625 0.1275
0 0.0465625 0.42125 0.071875 0.09583333333333334
0 0.6359375 0.7954166666666667 0.089375 0.11916666666666667
0 0.43625 0.9133333333333333 0.075 0.1
0 0.64375 0.06125 0.0775 0.10416666666666667
0 0.3453125 0.7691666666666667 0.068125 0.09166666666666666
0 0.669375 0.33666666666666667 0.0975 0.13
0 0.3984375 0.20125 0.078125 0.10416666666666667
0 0.415 0.07 0.085 0.11333333333333333
0 0.593125 0.08083333333333333 0.07375 0.09833333333333333
0 0.5796875 0.7829166666666667 0.086875 0.11583333333333333
0 0.6584375 0.7279166666666667 0.078125 0.10416666666666667
0 0.704375 0.16583333333333333 0.0825 0.11
0 0.91125 0.40125 0.07625 0.10083333333333333
0 0.69375 0.8295833333333333 0.1 0.13416666666666666
0 0.8603125 0.5470833333333334 0.070625 0.09416666666666666
0 0.7153125 0.20041666666666666 0.088125 0.1175
0 0.5284375 0.45458333333333334 0.079375 0.10583333333333333
0 0.5403125 0.7520833333333333 0.078125 0.10416666666666667
0 0.681875 0.23875 0.07625 0.10083333333333333
0 0.554375 0.7083333333333334 0.07875 0.105
0 0.66375 0.8133333333333334 0.09375 0.125
0 0.774375 0.7791666666666667 0.075 0.1