0 0.289375 0.27666666666666667 0.095 0.12666666666666668
0 0.6359375 0.9116666666666666 0.093125 0.12333333333333334
0 0.1990625 0.80875 0.094375 0.12583333333333332
0 0.6778125 0.34708333333333335 0.093125 0.12416666666666666
0 0.045625 0.62625 0.0825 0.10916666666666666
0 0.596875 0.1625 0.0925 0.12333333333333334
0 0.4046875 0.46291666666666664 0.091875 0.1225
0 0.28375 0.6283333333333333 0.08125 0.10833333333333334
0 0.3959375 0.6933333333333334 0.101875 0.13666666666666666
0 0.7559375 0.39791666666666664 0.100625 0.13416666666666666
0 0.784375 0.11833333333333333 0.09125 0.12166666666666667
1 0.145 0.4325 0.11 0.14666666666666667
0 0.8009375 0.5254166666666666 0.089375 0.11916666666666667
0 0.3915625 0.18875 0.101875 0.13583333333333333
0 0.5453125 0.8904166666666666 0.090625 0.12083333333333333
0 0.5740625 0.32125 0.104375 0.13916666666666666
0 0.605625 0.7475 0.1 0.13333333333333333
0 0.3903125 0.3125 0.090625 0.12166666666666667
0 0.233125 0.5933333333333334 0.08875 0.11833333333333333
0 0.909375 0.5733333333333334 0.0925 0.12333333333333334
0 0.156875 0.5541666666666667 0.10125 0.135
0 0.25625 0.6895833333333333 0.08625 0.11583333333333333
0 0.765625 0.7641666666666667 0.1025 0.13666666666666666
0 0.229375 0.4841666666666667 0.1 0.13333333333333333
0 0.20125 0.73 0.09375 0.125
1 0.284375 0.41375 0.10625 0.14083333333333334
0 0.83375 0.2225 0.09 0.12
0 0.4203125 0.7770833333333333 0.083125 0.11083333333333334
0 0.52625 0.6675 0.085 0.11333333333333333
0 0.2353125 0.34291666666666665 0.100625 0.13416666666666666
1 0.9203125 0.29291666666666666 0.111875 0.14916666666666667
0 0.329375 0.15791666666666668 0.0825 0.10916666666666666
1 0.725625 0.6066666666666667 0.11125 0.14833333333333334
0 0.46375 0.2275 0.08 0.10666666666666667
0 0.7965625 0.6329166666666667 0.090625 0.12083333333333333
0 0.720625 0.4825 0.07625 0.10166666666666667
0 0.46375 0.5366666666666666 0.1025 0.13666666666666666
0 0.12125 0.6366666666666667 0.1 0.13333333333333333
0 0.8540625 0.15458333333333332 0.089375 0.11916666666666667
0 0.339375 0.7325 0.0825 0.11
0 0.86625 0.39166666666666666 0.0875 0.11666666666666667
0 0.4696875 0.7129166666666666 0.105625 0.14083333333333334
0 0.83 0.37666666666666665 0.10125 0.135
0 0.815625 0.45458333333333334 0.09375 0.12583333333333332
0 0.10125 0.50125 0.08375 0.11083333333333334
0 0.07625 0.5566666666666666 0.075 0.1
0 0.5165625 0.36541666666666667 0.099375 0.1325
0 0.76 0.69 0.08625 0.115
0 0.5659375 0.6420833333333333 0.091875 0.1225
0 0.15875 0.68 0.07125 0.095
0 0.8125 0.5891666666666666 0.09 0.12
0 0.521875 0.5920833333333333 0.08 0.10583333333333333
0 0.168125 0.8841666666666667 0.06875 0.09166666666666666
0 0.8503125 0.6854166666666667 0.084375 0.1125
0 0.544375 0.7341666666666666 0.0825 0.11
0 0.476875 0.5708333333333333 0.0775 0.10333333333333333
0 0.9528125 0.4220833333333333 0.080625 0.1075
0 0.929375 0.19375 0.0925 0.12416666666666666
0 0.9009375 0.45708333333333334 0.074375 0.09916666666666667
0 0.909375 0.37083333333333335 0.0725 0.09666666666666666