0 0.558125 0.8604166666666667 0.07 0.09416666666666666
0 0.7859375 0.6425 0.069375 0.09666666666666666
0 0.945 0.6783333333333333 0.06375 0.085
0 0.4128125 0.34458333333333335 0.061875 0.08083333333333333
0 0.7271875 0.4175 0.074375 0.1
0 0.9225 0.58375 0.0625 0.0825
0 0.185 0.8554166666666667 0.06375 0.08583333333333333
0 0.5403125 0.38708333333333333 0.058125 0.0775
0 0.3496875 0.7029166666666666 0.069375 0.09916666666666667
0 0.606875 0.19875 0.0625 0.08083333333333333
0 0.324375 0.9195833333333333 0.0675 0.09583333333333334
0 0.08 0.7025 0.07 0.10166666666666667
0 0.8984375 0.9345833333333333 0.068125 0.0925
0 0.1640625 0.43625 0.071875 0.0775
0 0.9290625 0.10083333333333333 0.073125 0.09833333333333333
0 0.685625 0.22958333333333333 0.07125 0.08583333333333333
0 0.2996875 0.8058333333333333 0.075625 0.105
0 0.3065625 0.2775 0.065625 0.09
0 0.2675 0.5145833333333333 0.0625 0.08916666666666667
0 0.7953125 0.8529166666666667 0.059375 0.07916666666666666
0 0.7428125 0.1675 0.060625 0.08166666666666667
0 0.7309375 0.53625 0.066875 0.09583333333333334
0 0.825625 0.7379166666666667 0.06 0.08416666666666667
0 0.475625 0.06 0.075 0.09666666666666666
0 0.56 0.07125 0.06625 0.10416666666666667
0 0.585625 0.3145833333333333 0.0725 0.09416666666666666
0 0.4646875 0.60375 0.058125 0.0875
0 0.9040625 0.32416666666666666 0.079375 0.105
0 0.2271875 0.7533333333333333 0.065625 0.08333333333333333
0 0.0678125 0.49166666666666664 0.076875 0.095
0 0.6540625 0.5445833333333333 0.065625 0.0825
0 0.9590625 0.8704166666666666 0.064375 0.1125
0 0.3253125 0.45916666666666667 0.060625 0.09166666666666666
0 0.07 0.3625 0.06625 0.09666666666666666
0 0.1140625 0.83125 0.068125 0.0825
0 0.42375 0.6720833333333334 0.06625 0.08083333333333333
0 0.1721875 0.5295833333333333 0.066875 0.0875
0 0.404375 0.54875 0.06 0.08416666666666667
0 0.64875 0.13708333333333333 0.08125 0.08583333333333333
0 0.6396875 0.43833333333333335 0.071875 0.09666666666666666
0 0.041875 0.23375 0.06625 0.08916666666666667
0 0.4646875 0.7395833333333334 0.064375 0.0675
0 0.2584375 0.36583333333333334 0.069375 0.1
0 0.1465625 0.35125 0.071875 0.08583333333333333
0 0.671875 0.060833333333333336 0.05875 0.07833333333333334
0 0.09625 0.20416666666666666 0.05 0.07333333333333333
0 0.6309375 0.8720833333333333 0.055625 0.07583333333333334
0 0.3484375 0.25958333333333333 0.073125 0.09583333333333334
0 0.8403125 0.4529166666666667 0.069375 0.10083333333333333
0 0.1721875 0.18958333333333333 0.069375 0.10583333333333333
0 0.4459375 0.8570833333333333 0.059375 0.08916666666666667
0 0.395 0.9533333333333334 0.06625 0.09166666666666666
0 0.3225 0.5754166666666667 0.04875 0.0925
0 0.2575 0.84375 0.06125 0.0775
0 0.168125 0.24833333333333332 0.07375 0.10166666666666667
0 0.666875 0.7529166666666667 0.07875 0.10916666666666666
0 0.4759375 0.17166666666666666 0.083125 0.095
0 0.5940625 0.6341666666666667 0.041875 0.08833333333333333
0 0.95 0.795 0.07125 0.1
0 0.10625 0.9329166666666666 0.06 0.0875
0 0.28375 0.06708333333333333 0.06 0.08083333333333333
0 0.4721875 0.8866666666666667 0.065625 0.08833333333333333
0 0.3815625 0.4866666666666667 0.064375 0.075
0 0.6434375 0.6470833333333333 0.069375 0.10416666666666667
0 0.6009375 0.74625 0.054375 0.08416666666666667
0 0.1665625 0.06791666666666667 0.071875 0.0975
0 0.2415625 0.12291666666666666 0.068125 0.0725
0 0.930625 0.43583333333333335 0.04875 0.07666666666666666
0 0.0865625 0.10083333333333333 0.070625 0.10666666666666667
0 0.0353125 0.8954166666666666 0.065625 0.08583333333333333
0 0.531875 0.5783333333333334 0.06875 0.095
0 0.389375 0.04583333333333333 0.0675 0.09166666666666666
0 0.93625 0.24708333333333332 0.06875 0.0875
1 0.558125 0.5220833333333333 0.07625 0.09416666666666666
1 0.2871875 0.62875 0.075625 0.11583333333333333
0 0.3559375 0.58 0.053125 0.08833333333333333
0 0.039375 0.33375 0.0775 0.08916666666666667
0 0.26 0.41541666666666666 0.06375 0.0775