0 0.578125 0.9208333333333333 0.06125 0.085
0 0.4565625 0.4295833333333333 0.059375 0.0875
0 0.5771875 0.4525 0.056875 0.08166666666666667
0 0.2678125 0.5283333333333333 0.059375 0.08166666666666667
0 0.9496875 0.5004166666666666 0.064375 0.08416666666666667
0 0.16125 0.9325 0.06125 0.07833333333333334
0 0.1428125 0.08625 0.073125 0.08583333333333333
0 0.175625 0.35375 0.0575 0.08416666666666667
0 0.76125 0.4116666666666667 0.05625 0.07333333333333333
0 0.849375 0.7479166666666667 0.05625 0.08083333333333333
0 0.0403125 0.39416666666666667 0.059375 0.08
0 0.6790625 0.35375 0.056875 0.08083333333333333
0 0.3603125 0.51125 0.075625 0.0925
0 0.6065625 0.6304166666666666 0.066875 0.0925
0 0.2259375 0.6766666666666666 0.070625 0.09333333333333334
0 0.4596875 0.2941666666666667 0.074375 0.08333333333333333
0 0.780625 0.2995833333333333 0.0725 0.09083333333333334
0 0.8065625 0.8025 0.063125 0.085
0 0.8896875 0.24916666666666668 0.076875 0.10333333333333333
0 0.9325 0.12208333333333334 0.06625 0.08416666666666667
0 0.389375 0.16958333333333334 0.075 0.10583333333333333
0 0.655625 0.51 0.06 0.07666666666666666
0 0.4375 0.5529166666666666 0.06375 0.10916666666666666
0 0.13625 0.56 0.06875 0.09666666666666666
0 0.1059375 0.1825 0.069375 0.085
0 0.0546875 0.875 0.078125 0.09
0 0.31625 0.17083333333333334 0.06 0.08
0 0.50875 0.5720833333333334 0.065 0.0975
0 0.8421875 0.3525 0.070625 0.09833333333333333
0 0.52875 0.09333333333333334 0.05875 0.08666666666666667
0 0.161875 0.46708333333333335 0.065 0.08583333333333333
0 0.425 0.6533333333333333 0.06375 0.08666666666666667
0 0.480625 0.6691666666666667 0.06875 0.09833333333333333
0 0.9353125 0.4170833333333333 0.063125 0.0825
0 0.7025 0.8408333333333333 0.075 0.09666666666666666
0 0.4075 0.07583333333333334 0.0575 0.07666666666666666
0 0.224375 0.28541666666666665 0.0575 0.08083333333333333
0 0.706875 0.5108333333333334 0.06375 0.095
0 0.7503125 0.7254166666666667 0.068125 0.0925
0 0.04125 0.76125 0.0575 0.07416666666666667
0 0.25625 0.18333333333333332 0.0675 0.095
0 0.6465625 0.7575 0.050625 0.075
0 0.515625 0.7045833333333333 0.07125 0.09583333333333334
0 0.7534375 0.5345833333333333 0.069375 0.09083333333333334
0 0.345625 0.24666666666666667 0.07375 0.09333333333333334
0 0.8925 0.04625 0.0675 0.07916666666666666
0 0.5771875 0.24625 0.073125 0.0775
0 0.589375 0.7591666666666667 0.05375 0.09166666666666666
0 0.856875 0.4995833333333333 0.0575 0.09083333333333334
0 0.7265625 0.18791666666666668 0.069375 0.0925
0 0.126875 0.7670833333333333 0.0725 0.08416666666666667
1 0.089375 0.6216666666666667 0.0725 0.11333333333333333
0 0.8165625 0.4554166666666667 0.064375 0.09416666666666666
0 0.1 0.23291666666666666 0.06625 0.07583333333333334
0 0.956875 0.30666666666666664 0.07625 0.08166666666666667
0 0.045 0.6729166666666667 0.06625 0.08416666666666667
0 0.7009375 0.75 0.050625 0.08833333333333333
0 0.4625 0.95625 0.06 0.08416666666666667
0 0.451875 0.12416666666666666 0.06125 0.09
0 0.8621875 0.385 0.056875 0.09333333333333334
0 0.6884375 0.18208333333333335 0.063125 0.0875
0 0.2934375 0.6575 0.114375 0.07166666666666667
1 0.8978125 0.7104166666666667 0.088125 0.10916666666666666
0 0.7521875 0.7675 0.063125 0.07333333333333333
0 0.1240625 0.6883333333333334 0.056875 0.07333333333333333
0 0.6565625 0.81 0.050625 0.056666666666666664