0 0.86875 0.5508333333333333 0.07125 0.09166666666666666
0 0.2328125 0.7154166666666667 0.080625 0.11083333333333334
0 0.9134375 0.8441666666666666 0.071875 0.09333333333333334
0 0.675625 0.84875 0.0725 0.09916666666666667
0 0.4075 0.35375 0.08125 0.0975
0 0.570625 0.8658333333333333 0.0725 0.095
0 0.5253125 0.7983333333333333 0.065625 0.09833333333333333
0 0.358125 0.2808333333333333 0.0725 0.08
0 0.1875 0.07625 0.0725 0.09583333333333334
0 0.6571875 0.2733333333333333 0.064375 0.08666666666666667
0 0.1640625 0.605 0.073125 0.1
0 0.706875 0.37916666666666665 0.07375 0.10833333333333334
0 0.7834375 0.935 0.071875 0.11
0 0.06125 0.09583333333333334 0.07125 0.09333333333333334
0 0.6115625 0.0725 0.073125 0.1
0 0.2571875 0.3125 0.061875 0.08333333333333333
0 0.9428125 0.3104166666666667 0.064375 0.08583333333333333
0 0.05125 0.6970833333333334 0.07875 0.10916666666666666
0 0.23375 0.91875 0.07 0.09916666666666667
0 0.8721875 0.21166666666666667 0.069375 0.08833333333333333
0 0.7790625 0.27416666666666667 0.079375 0.10666666666666667
0 0.83625 0.10666666666666667 0.07 0.09333333333333334
0 0.319375 0.5858333333333333 0.07875 0.09833333333333333
0 0.853125 0.9454166666666667 0.06875 0.1025
0 0.491875 0.6279166666666667 0.06125 0.08916666666666667
0 0.9284375 0.94375 0.073125 0.0975
0 0.729375 0.8895833333333333 0.065 0.0925
0 0.4934375 0.4795833333333333 0.074375 0.09583333333333334
0 0.276875 0.4083333333333333 0.0725 0.09666666666666666
0 0.12375 0.6791666666666667 0.07 0.08333333333333333
1 0.5284375 0.3325 0.094375 0.12833333333333333
0 0.1846875 0.40875 0.086875 0.09583333333333334
0 0.23875 0.5866666666666667 0.06875 0.095
0 0.8 0.425 0.07125 0.1
0 0.34375 0.49333333333333335 0.075 0.09666666666666666
0 0.8665625 0.3075 0.074375 0.09666666666666666
0 0.1809375 0.2725 0.079375 0.095
0 0.0753125 0.051666666666666666 0.086875 0.09666666666666666
0 0.8984375 0.5145833333333333 0.078125 0.0875
0 0.8290625 0.74 0.053125 0.105
0 0.4059375 0.13291666666666666 0.075625 0.10083333333333333
0 0.8753125 0.40875 0.080625 0.0975
0 0.1346875 0.32166666666666666 0.069375 0.08833333333333333
1 0.62 0.7354166666666667 0.08125 0.14416666666666667
0 0.7034375 0.6283333333333333 0.051875 0.11333333333333333
0 0.7115625 0.2775 0.054375 0.09166666666666666
0 0.29375 0.4379166666666667 0.07 0.09916666666666667