0 0.3853125 0.5970833333333333 0.106875 0.1425
0 0.441875 0.45208333333333334 0.095 0.1275
0 0.1565625 0.46958333333333335 0.094375 0.12583333333333332
0 0.46625 0.21458333333333332 0.095 0.1275
0 0.7753125 0.305 0.111875 0.14833333333333334
0 0.380625 0.0975 0.09 0.12
0 0.4465625 0.08291666666666667 0.094375 0.12583333333333332
0 0.2134375 0.42083333333333334 0.095625 0.12666666666666668
0 0.5253125 0.18541666666666667 0.089375 0.11916666666666667
0 0.0921875 0.52875 0.094375 0.12583333333333332
0 0.26625 0.7316666666666667 0.1 0.13333333333333333
0 0.18875 0.6495833333333333 0.08 0.1075
0 0.6171875 0.6579166666666667 0.111875 0.14916666666666667
0 0.365 0.475 0.08625 0.115
0 0.6809375 0.54375 0.108125 0.14416666666666667
0 0.7834375 0.15083333333333335 0.091875 0.12166666666666667
0 0.5346875 0.10208333333333333 0.105625 0.14083333333333334
0 0.2796875 0.40875 0.105625 0.14083333333333334
0 0.144375 0.3879166666666667 0.08125 0.1075
0 0.2521875 0.22458333333333333 0.078125 0.10416666666666667
0 0.6971875 0.1125 0.094375 0.12666666666666668
0 0.831875 0.6566666666666666 0.09875 0.13166666666666665
0 0.7146875 0.17041666666666666 0.096875 0.12916666666666668
0 0.2865625 0.315 0.111875 0.14833333333333334
0 0.4184375 0.35625 0.080625 0.1075
0 0.4059375 0.28 0.089375 0.11833333333333333
0 0.7571875 0.4575 0.095625 0.12833333333333333
0 0.6215625 0.17 0.098125 0.13166666666666665
0 0.6384375 0.37125 0.101875 0.13583333333333333
0 0.1459375 0.8991666666666667 0.101875 0.135
0 0.5471875 0.27 0.070625 0.095
1 0.666875 0.8608333333333333 0.125 0.16666666666666666
0 0.7278125 0.37 0.103125 0.13833333333333334
0 0.79625 0.5079166666666667 0.09375 0.12583333333333332
0 0.5584375 0.39625 0.106875 0.1425
0 0.1434375 0.5870833333333333 0.088125 0.1175
0 0.503125 0.9225 0.10875 0.145
0 0.1090625 0.6670833333333334 0.093125 0.12416666666666666
0 0.4978125 0.36916666666666664 0.070625 0.095
0 0.1809375 0.55625 0.096875 0.12916666666666668
0 0.2028125 0.28458333333333335 0.096875 0.12916666666666668
1 0.2921875 0.17208333333333334 0.116875 0.15583333333333332
0 0.349375 0.51375 0.07625 0.10083333333333333
0 0.240625 0.8641666666666666 0.10875 0.145
0 0.8740625 0.13208333333333333 0.099375 0.1325
1 0.063125 0.7204166666666667 0.105 0.13916666666666666
0 0.15375 0.7283333333333334 0.085 0.11333333333333333
0 0.543125 0.33916666666666667 0.0875 0.11666666666666667
0 0.85875 0.5191666666666667 0.0975 0.13
0 0.7746875 0.585 0.088125 0.11666666666666667
0 0.33375 0.2816666666666667 0.10375 0.13833333333333334
0 0.2534375 0.5445833333333333 0.106875 0.1425
0 0.3728125 0.20375 0.080625 0.1075
0 0.4134375 0.16083333333333333 0.079375 0.10666666666666667
0 0.2221875 0.5158333333333334 0.100625 0.13333333333333333
0 0.6996875 0.25125 0.099375 0.1325
0 0.513125 0.7683333333333333 0.10375 0.13833333333333334
0 0.595 0.22458333333333333 0.085 0.1125
0 0.6621875 0.22041666666666668 0.090625 0.12083333333333333
1 0.86125 0.44583333333333336 0.12125 0.16166666666666665
0 0.3103125 0.5825 0.090625 0.12166666666666667
0 0.893125 0.51875 0.095 0.1275
1 0.5453125 0.49666666666666665 0.114375 0.15166666666666667
1 0.4603125 0.52125 0.134375 0.17916666666666667
1 0.6165625 0.27541666666666664 0.103125 0.1375
1 0.6865625 0.30625 0.104375 0.13916666666666666
0 0.684375 0.43416666666666665 0.09875 0.13166666666666665
0 0.65625 0.46625 0.09 0.12083333333333333
0 0.1734375 0.8116666666666666 0.088125 0.11666666666666667
0 0.196875 0.83 0.0875 0.11666666666666667
0 0.2434375 0.7933333333333333 0.086875 0.115
0 0.2503125 0.6120833333333333 0.100625 0.13416666666666666
0 0.285 0.5733333333333334 0.10375 0.13833333333333334
0 0.258125 0.6841666666666667 0.11125 0.14833333333333334
0 0.094375 0.6379166666666667 0.09375 0.12583333333333332
0 0.371875 0.4058333333333333 0.09 0.12
0 0.3509375 0.385 0.090625 0.12
0 0.49625 0.12291666666666666 0.0925 0.1225
0 0.1215625 0.8641666666666666 0.090625 0.12
0 0.3453125 0.3229166666666667 0.075625 0.10083333333333333
0 0.319375 0.24041666666666667 0.07 0.0925
0 0.449375 0.6633333333333333 0.10125 0.135
0 0.4075 0.6816666666666666 0.08125 0.10833333333333334