0 0.79875 0.605 0.07875 0.11
0 0.4290625 0.39 0.078125 0.10166666666666667
0 0.6209375 0.24958333333333332 0.069375 0.11416666666666667
0 0.1965625 0.885 0.076875 0.10833333333333334
0 0.651875 0.67 0.07 0.10333333333333333
0 0.2909375 0.10458333333333333 0.070625 0.0975
0 0.33625 0.8783333333333333 0.07875 0.11333333333333333
0 0.23 0.7191666666666666 0.07625 0.085
0 0.7725 0.5095833333333334 0.06625 0.0875
0 0.21625 0.18083333333333335 0.08125 0.12333333333333334
0 0.5434375 0.5745833333333333 0.070625 0.1075
0 0.661875 0.8379166666666666 0.065 0.1225
0 0.79125 0.88125 0.08875 0.10416666666666667
0 0.6234375 0.08916666666666667 0.075625 0.12833333333333333
0 0.6809375 0.2475 0.056875 0.13333333333333333
0 0.7846875 0.27791666666666665 0.076875 0.09416666666666666