0 0.6803125 0.6883333333333334 0.113125 0.15166666666666667
0 0.550625 0.13083333333333333 0.11375 0.15166666666666667
0 0.5803125 0.2945833333333333 0.113125 0.15083333333333335
0 0.43625 0.18125 0.09 0.11916666666666667
0 0.2940625 0.6933333333333334 0.104375 0.14
0 0.2465625 0.08041666666666666 0.105625 0.14083333333333334
0 0.3840625 0.6675 0.109375 0.145
0 0.5028125 0.41583333333333333 0.100625 0.13333333333333333
0 0.3790625 0.8845833333333334 0.116875 0.15583333333333332
0 0.4434375 0.3541666666666667 0.106875 0.14333333333333334
0 0.373125 0.3854166666666667 0.1025 0.1375
0 0.8996875 0.6804166666666667 0.110625 0.1475
0 0.6334375 0.18166666666666667 0.098125 0.13
0 0.74125 0.6266666666666667 0.10625 0.14166666666666666
0 0.6715625 0.4716666666666667 0.098125 0.13
0 0.271875 0.43 0.10625 0.14166666666666666
0 0.75 0.825 0.1125 0.15
0 0.459375 0.6158333333333333 0.11 0.14666666666666667
0 0.5659375 0.5916666666666667 0.104375 0.13833333333333334
0 0.67375 0.38708333333333333 0.1 0.1325
0 0.67375 0.9183333333333333 0.115 0.15333333333333332
0 0.325625 0.455 0.09625 0.12833333333333333
0 0.8428125 0.44375 0.116875 0.15583333333333332
0 0.6034375 0.7633333333333333 0.109375 0.145
0 0.360625 0.14666666666666667 0.11 0.14666666666666667
0 0.1996875 0.27875 0.099375 0.1325
0 0.808125 0.59375 0.11125 0.1475
0 0.423125 0.5504166666666667 0.11125 0.14916666666666667
0 0.528125 0.7708333333333334 0.115 0.15333333333333332
0 0.35875 0.24375 0.11 0.1475
0 0.84125 0.7454166666666666 0.105 0.14083333333333334
0 0.2128125 0.155 0.091875 0.12166666666666667
0 0.783125 0.7675 0.1025 0.13666666666666666
0 0.791875 0.4033333333333333 0.10625 0.14166666666666666
0 0.145 0.6408333333333334 0.09375 0.125
0 0.2434375 0.6966666666666667 0.103125 0.13833333333333334
0 0.1140625 0.44458333333333333 0.105625 0.14083333333333334
0 0.1778125 0.59625 0.095625 0.1275
0 0.595625 0.5008333333333334 0.11375 0.15166666666666667
0 0.18625 0.4454166666666667 0.09625 0.1275
0 0.1103125 0.49541666666666667 0.098125 0.13083333333333333
0 0.2846875 0.8320833333333333 0.111875 0.14916666666666667
0 0.6265625 0.5370833333333334 0.089375 0.11916666666666667
0 0.6440625 0.13166666666666665 0.104375 0.14
0 0.7465625 0.33875 0.110625 0.1475