0 0.56875 0.265 0.0725 0.09833333333333333
0 0.7603125 0.32625 0.074375 0.10416666666666667
0 0.57875 0.16666666666666666 0.0725 0.09833333333333333
0 0.5140625 0.7129166666666666 0.075625 0.10583333333333333
0 0.471875 0.90125 0.05875 0.0875
0 0.2509375 0.885 0.071875 0.09333333333333334
0 0.2875 0.7466666666666667 0.07 0.09833333333333333
0 0.661875 0.8045833333333333 0.07875 0.10083333333333333
0 0.7759375 0.13541666666666666 0.075625 0.10416666666666667
0 0.5809375 0.9545833333333333 0.069375 0.0825
0 0.1709375 0.3204166666666667 0.081875 0.09583333333333334
0 0.3878125 0.53625 0.078125 0.0975
0 0.285 0.635 0.08 0.105
0 0.801875 0.5579166666666666 0.08125 0.09583333333333334
0 0.4828125 0.15708333333333332 0.088125 0.10416666666666667
0 0.6425 0.12666666666666668 0.075 0.09666666666666666
0 0.225625 0.7945833333333333 0.07375 0.09416666666666666
0 0.4671875 0.48125 0.075625 0.10083333333333333
0 0.8021875 0.74 0.065625 0.095
0 0.638125 0.6329166666666667 0.0775 0.10583333333333333
0 0.4821875 0.3025 0.085625 0.09333333333333334
0 0.4246875 0.6745833333333333 0.078125 0.0925
0 0.365 0.70625 0.0825 0.0975
0 0.55125 0.09416666666666666 0.0775 0.10833333333333334
0 0.6440625 0.4483333333333333 0.075625 0.095
0 0.255 0.13833333333333334 0.07125 0.1
0 0.578125 0.8791666666666667 0.075 0.09666666666666666
0 0.5303125 0.4425 0.080625 0.10166666666666667
0 0.706875 0.16833333333333333 0.07625 0.08333333333333333
0 0.39625 0.7591666666666667 0.08 0.10333333333333333
0 0.1934375 0.8933333333333333 0.073125 0.10833333333333334
0 0.264375 0.5116666666666667 0.07625 0.10166666666666667
0 0.355625 0.8725 0.07125 0.09
0 0.675625 0.5691666666666667 0.07375 0.095
0 0.4425 0.5929166666666666 0.07875 0.0825
0 0.72125 0.8745833333333334 0.05875 0.0925
0 0.6446875 0.5045833333333334 0.079375 0.08083333333333333
0 0.686875 0.2175 0.07625 0.07166666666666667
0 0.2525 0.33708333333333335 0.07375 0.07916666666666666
0 0.701875 0.5083333333333333 0.05125 0.08833333333333333
0 0.205 0.42541666666666667 0.0675 0.0975