0 0.3453125 0.3904166666666667 0.088125 0.1175
0 0.6728125 0.0775 0.089375 0.11833333333333333
0 0.8525 0.23416666666666666 0.08625 0.115
0 0.6678125 0.5579166666666666 0.090625 0.12083333333333333
0 0.728125 0.31916666666666665 0.08625 0.115
0 0.7146875 0.6133333333333333 0.079375 0.105
0 0.130625 0.8733333333333333 0.0925 0.12333333333333334
0 0.24625 0.2608333333333333 0.08125 0.10833333333333334
0 0.5328125 0.19416666666666665 0.104375 0.14
0 0.5284375 0.28708333333333336 0.084375 0.1125
0 0.8296875 0.5833333333333334 0.094375 0.12666666666666668
0 0.3725 0.24333333333333335 0.1075 0.14333333333333334
0 0.4971875 0.45458333333333334 0.084375 0.1125
0 0.47375 0.845 0.0775 0.10333333333333333
0 0.4759375 0.24375 0.080625 0.1075
0 0.654375 0.9175 0.10625 0.14166666666666666
0 0.3528125 0.15416666666666667 0.088125 0.11666666666666667
0 0.7884375 0.75375 0.081875 0.10916666666666666
0 0.5134375 0.5320833333333334 0.098125 0.13083333333333333
0 0.2909375 0.44208333333333333 0.090625 0.12083333333333333
0 0.43 0.6575 0.09 0.12
0 0.2646875 0.5904166666666667 0.100625 0.13416666666666666
0 0.4115625 0.76 0.096875 0.13
0 0.6390625 0.49041666666666667 0.093125 0.12416666666666666
0 0.9084375 0.31625 0.099375 0.1325
0 0.6434375 0.81875 0.086875 0.11583333333333333
0 0.8409375 0.44958333333333333 0.073125 0.0975
0 0.813125 0.3958333333333333 0.08125 0.10833333333333334
0 0.4515625 0.08208333333333333 0.090625 0.12083333333333333
0 0.2884375 0.16625 0.090625 0.12083333333333333
0 0.57375 0.58625 0.0925 0.12416666666666666
0 0.634375 0.6791666666666667 0.09 0.12
0 0.0625 0.705 0.09625 0.12833333333333333
0 0.4909375 0.9275 0.095625 0.12666666666666668
0 0.639375 0.24333333333333335 0.08875 0.11833333333333333
0 0.7915625 0.4995833333333333 0.080625 0.1075
0 0.76875 0.37916666666666665 0.08125 0.10833333333333334
0 0.6125 0.20458333333333334 0.0925 0.1225
0 0.611875 0.12166666666666667 0.1 0.13333333333333333
0 0.6 0.10666666666666667 0.07375 0.09833333333333333
0 0.525 0.7691666666666667 0.0925 0.12333333333333334
0 0.8884375 0.385 0.085625 0.11333333333333333
0 0.30125 0.5366666666666666 0.0825 0.11
0 0.2221875 0.4583333333333333 0.090625 0.12166666666666667
0 0.5828125 0.5029166666666667 0.089375 0.11916666666666667
0 0.3934375 0.45875 0.070625 0.09416666666666666
0 0.1828125 0.6845833333333333 0.080625 0.1075
0 0.2140625 0.9379166666666666 0.076875 0.1025
0 0.34375 0.6541666666666667 0.08 0.10666666666666667
0 0.318125 0.09791666666666667 0.08 0.1075
0 0.8915625 0.46125 0.085625 0.11416666666666667
0 0.68875 0.695 0.1025 0.13666666666666666
0 0.770625 0.10916666666666666 0.0775 0.10333333333333333
0 0.38 0.5916666666666667 0.08 0.10666666666666667
0 0.0859375 0.48833333333333334 0.104375 0.14
0 0.178125 0.2891666666666667 0.08375 0.11166666666666666
0 0.54 0.6804166666666667 0.09125 0.1225
0 0.383125 0.08916666666666667 0.07125 0.095
1 0.22625 0.8270833333333333 0.11 0.1475
0 0.81 0.18083333333333335 0.0875 0.11666666666666667
0 0.86625 0.12333333333333334 0.10125 0.135
0 0.20125 0.5929166666666666 0.075 0.10083333333333333
0 0.164375 0.65125 0.0825 0.10916666666666666
0 0.1321875 0.5704166666666667 0.069375 0.0925
0 0.0775 0.54875 0.0725 0.0975
0 0.04 0.44583333333333336 0.08 0.10666666666666667
0 0.595 0.9425 0.08375 0.11166666666666666
0 0.5184375 0.8725 0.094375 0.125
0 0.5496875 0.8354166666666667 0.084375 0.1125
0 0.55 0.8 0.1 0.13333333333333333
0 0.45125 0.8195833333333333 0.07625 0.10083333333333333