0 0.2171875 0.8354166666666667 0.064375 0.08583333333333333
0 0.44875 0.5666666666666667 0.075 0.09166666666666666
0 0.80125 0.7325 0.08 0.1
0 0.401875 0.6275 0.065 0.105
0 0.53625 0.33958333333333335 0.06125 0.08083333333333333
0 0.71 0.5758333333333333 0.07375 0.095
0 0.5678125 0.225 0.078125 0.09666666666666666
0 0.580625 0.38416666666666666 0.06875 0.09166666666666666
0 0.6259375 0.1175 0.065625 0.075
0 0.5509375 0.6125 0.076875 0.095
0 0.296875 0.08875 0.0775 0.09583333333333334
0 0.295625 0.20458333333333334 0.07375 0.08916666666666667
0 0.6478125 0.7029166666666666 0.066875 0.0925
0 0.3803125 0.7829166666666667 0.073125 0.09583333333333334
0 0.4115625 0.07583333333333334 0.071875 0.095
0 0.163125 0.21666666666666667 0.06625 0.10166666666666667
1 0.2109375 0.295 0.081875 0.10666666666666667
0 0.3453125 0.59875 0.069375 0.10083333333333333
0 0.6996875 0.7404166666666666 0.071875 0.10583333333333333
0 0.176875 0.06833333333333333 0.075 0.10666666666666667
0 0.334375 0.16 0.07375 0.10666666666666667
0 0.281875 0.95375 0.08625 0.06916666666666667
0 0.7859375 0.9370833333333334 0.071875 0.0825
0 0.499375 0.18916666666666668 0.05625 0.10333333333333333
0 0.1865625 0.70625 0.088125 0.08083333333333333
0 0.606875 0.9233333333333333 0.0825 0.08833333333333333
0 0.7321875 0.17375 0.060625 0.1225
0 0.6628125 0.20125 0.079375 0.10583333333333333
0 0.593125 0.7154166666666667 0.0875 0.10416666666666667
0 0.7653125 0.05291666666666667 0.093125 0.08083333333333333
0 0.769375 0.11625 0.09 0.08583333333333333
0 0.7903125 0.18583333333333332 0.083125 0.095
0 0.1753125 0.3416666666666667 0.064375 0.12166666666666667