0 0.8203125 0.08291666666666667 0.070625 0.0875
0 0.7359375 0.10958333333333334 0.074375 0.09416666666666666
0 0.801875 0.24 0.07625 0.10333333333333333
0 0.735 0.21416666666666667 0.07625 0.105
0 0.596875 0.2783333333333333 0.0775 0.10833333333333334
0 0.6678125 0.2875 0.071875 0.105
0 0.7015625 0.3804166666666667 0.070625 0.09916666666666667
0 0.7384375 0.44708333333333333 0.064375 0.10083333333333333
0 0.77125 0.6270833333333333 0.0575 0.08916666666666667
0 0.7671875 0.88375 0.070625 0.10083333333333333
0 0.7159375 0.9 0.076875 0.08
0 0.6640625 0.8458333333333333 0.069375 0.10666666666666667
0 0.3328125 0.75125 0.078125 0.09583333333333334
0 0.34625 0.5979166666666667 0.08125 0.0975
0 0.2590625 0.6266666666666667 0.071875 0.09
0 0.225 0.76125 0.07375 0.0975
0 0.183125 0.6575 0.07875 0.1
0 0.2703125 0.42916666666666664 0.070625 0.08666666666666667
0 0.3390625 0.3458333333333333 0.071875 0.10166666666666667
0 0.409375 0.36 0.06625 0.09833333333333333
0 0.4578125 0.5491666666666667 0.070625 0.10666666666666667
0 0.45875 0.7454166666666666 0.06875 0.08416666666666667
0 0.4240625 0.81875 0.076875 0.10083333333333333
0 0.5678125 0.6466666666666666 0.069375 0.09166666666666666
0 0.499375 0.44708333333333333 0.065 0.10416666666666667
0 0.5346875 0.505 0.064375 0.10666666666666667
0 0.5153125 0.8366666666666667 0.075625 0.085
1 0.54625 0.7883333333333333 0.08375 0.17166666666666666
0 0.6490625 0.45708333333333334 0.088125 0.12083333333333333
0 0.70125 0.5670833333333334 0.0775 0.0925
0 0.6765625 0.6308333333333334 0.078125 0.08833333333333333
0 0.639375 0.5545833333333333 0.0625 0.1025
0 0.6021875 0.52125 0.070625 0.11083333333333334
0 0.2246875 0.33625 0.070625 0.09916666666666667
0 0.159375 0.4533333333333333 0.065 0.11
0 0.164375 0.21875 0.075 0.1025
0 0.25625 0.11208333333333333 0.0725 0.09916666666666667
0 0.4865625 0.17708333333333334 0.066875 0.09083333333333334
0 0.4021875 0.22041666666666668 0.068125 0.09916666666666667
0 0.3646875 0.20458333333333334 0.049375 0.09583333333333334