0 0.45375 0.8375 0.085 0.11333333333333333
0 0.7190625 0.35625 0.086875 0.11583333333333333
0 0.1721875 0.5370833333333334 0.086875 0.11583333333333333
0 0.5503125 0.7470833333333333 0.081875 0.10916666666666666
0 0.2984375 0.23541666666666666 0.085625 0.11416666666666667
0 0.0590625 0.71125 0.088125 0.1175
0 0.6178125 0.60125 0.088125 0.1175
0 0.460625 0.925 0.0875 0.11666666666666667
0 0.4890625 0.6470833333333333 0.084375 0.1125
0 0.7959375 0.22166666666666668 0.089375 0.11833333333333333
0 0.74625 0.6095833333333334 0.0875 0.11583333333333333
0 0.81625 0.2916666666666667 0.09125 0.12166666666666667
0 0.4875 0.51625 0.085 0.1125
0 0.8653125 0.6666666666666666 0.084375 0.11166666666666666
0 0.6446875 0.4579166666666667 0.085625 0.11416666666666667
0 0.4328125 0.16791666666666666 0.095625 0.1275
0 0.585625 0.3441666666666667 0.08875 0.11833333333333333
0 0.438125 0.06583333333333333 0.09375 0.125
1 0.5896875 0.6795833333333333 0.108125 0.14416666666666667
0 0.3678125 0.6395833333333333 0.084375 0.1125
0 0.1378125 0.825 0.100625 0.135
0 0.7615625 0.7254166666666667 0.099375 0.1325
0 0.4090625 0.24791666666666667 0.094375 0.12583333333333332
0 0.325 0.905 0.08375 0.11166666666666666
0 0.2546875 0.34125 0.081875 0.10916666666666666
0 0.1525 0.5970833333333333 0.08625 0.11583333333333333
0 0.2584375 0.30083333333333334 0.094375 0.125
1 0.3603125 0.21458333333333332 0.101875 0.13583333333333333