1 0.416875 0.13875 0.105 0.13916666666666666
0 0.15375 0.17125 0.08375 0.11083333333333334
0 0.2265625 0.18291666666666667 0.085625 0.11416666666666667
0 0.259375 0.34541666666666665 0.09125 0.12083333333333333
0 0.2646875 0.11625 0.088125 0.1175
0 0.9153125 0.45625 0.103125 0.1375
0 0.2921875 0.6633333333333333 0.096875 0.12833333333333333
0 0.4353125 0.8691666666666666 0.086875 0.115
0 0.8015625 0.7566666666666667 0.081875 0.11
0 0.511875 0.36 0.08375 0.11166666666666666
0 0.773125 0.4425 0.09125 0.12166666666666667
0 0.195625 0.065 0.09125 0.12166666666666667
0 0.60875 0.835 0.09 0.12
1 0.341875 0.77875 0.1075 0.1425
0 0.49125 0.4895833333333333 0.0875 0.11583333333333333
0 0.481875 0.08375 0.1125 0.14916666666666667
0 0.4609375 0.21666666666666667 0.093125 0.125
0 0.40625 0.44666666666666666 0.09375 0.125
0 0.43 0.35208333333333336 0.08 0.10583333333333333
0 0.341875 0.2125 0.095 0.12666666666666668
0 0.835625 0.6341666666666667 0.10125 0.135
0 0.5675 0.11125 0.095 0.12583333333333332
0 0.5153125 0.7283333333333334 0.090625 0.12166666666666667
0 0.636875 0.5220833333333333 0.095 0.1275
0 0.886875 0.7883333333333333 0.09375 0.125
0 0.7278125 0.7525 0.089375 0.11833333333333333
0 0.661875 0.42333333333333334 0.0875 0.11666666666666667
0 0.188125 0.365 0.09375 0.125
0 0.69 0.52625 0.0875 0.11583333333333333
0 0.49375 0.5725 0.09375 0.125
0 0.0859375 0.18166666666666667 0.095625 0.12666666666666668
0 0.535625 0.8108333333333333 0.095 0.12666666666666668
0 0.8059375 0.91375 0.095625 0.1275
0 0.8278125 0.39666666666666667 0.101875 0.135
0 0.2178125 0.6370833333333333 0.105625 0.14083333333333334
0 0.26125 0.49666666666666665 0.095 0.12666666666666668
0 0.8490625 0.7529166666666667 0.110625 0.1475
0 0.746875 0.22166666666666668 0.10375 0.13833333333333334
0 0.57625 0.71 0.10125 0.135
0 0.6728125 0.69625 0.098125 0.13083333333333333
0 0.88875 0.5470833333333334 0.10125 0.13583333333333333
0 0.555 0.8929166666666667 0.09125 0.12083333333333333
0 0.31625 0.5045833333333334 0.0975 0.12916666666666668
0 0.4978125 0.9016666666666666 0.091875 0.12166666666666667
0 0.3503125 0.57125 0.093125 0.12416666666666666
0 0.811875 0.27291666666666664 0.08625 0.11416666666666667
0 0.38 0.49416666666666664 0.10125 0.135