0 0.3058127572016461 0.5795372378886479 0.06327160493827161 0.08893709327548807
0 0.3405349794238683 0.6753434562545192 0.053497942386831275 0.08532176428054954
0 0.27649176954732513 0.7075198843094722 0.06327160493827161 0.09327548806941431
0 0.5493827160493827 0.2472885032537961 0.06378600823045268 0.08966015907447578
0 0.5128600823045267 0.6218365871294288 0.0668724279835391 0.10412147505422993
0 0.4130658436213992 0.4685466377440347 0.060699588477366256 0.08532176428054954
0 0.31712962962962965 0.43817787418655096 0.06532921810699588 0.07519884309472162
0 0.29372427983539096 0.06543745480838756 0.06790123456790123 0.09327548806941431
0 0.4894547325102881 0.28452639190166307 0.06532921810699588 0.09616775126536514
0 0.5450102880658436 0.5187997107736804 0.07458847736625514 0.10484454085321765
0 0.602366255144033 0.5607375271149675 0.07407407407407407 0.1019522776572668
0 0.47685185185185186 0.44468546637744033 0.08127572016460906 0.08966015907447578
0 0.2294238683127572 0.09436008676789588 0.0668724279835391 0.08459869848156182
0 0.12680041152263374 0.7617498192335502 0.06327160493827161 0.08604483007953724
0 0.3575102880658436 0.5 0.0720164609053498 0.10484454085321765
0 0.4894547325102881 0.19197396963123645 0.06532921810699588 0.11207519884309472
0 0.40149176954732513 0.3264642082429501 0.06944444444444445 0.1005061460592914
0 0.19855967078189302 0.462762111352133 0.060699588477366256 0.09833694866232827
0 0.07613168724279835 0.5191612436731743 0.06584362139917696 0.08821402747650037
0 0.03497942386831276 0.06543745480838756 0.047325102880658436 0.06146059291395517
0 0.38348765432098764 0.039045553145336226 0.08796296296296297 0.07664497469269703
0 0.6522633744855967 0.6587129428778019 0.08127572016460906 0.09255242227042661
0 0.38040123456790126 0.22017353579175705 0.08076131687242798 0.1265365148228489
0 0.5787037037037037 0.6626898047722343 0.04835390946502058 0.07447577729573392
1 0.41203703703703703 0.24005784526391902 0.08641975308641975 0.1272595806218366
0 0.20344650205761317 0.03181489515545915 0.048868312757201646 0.0636297903109183