0 0.235 0.32375 0.0675 0.09083333333333334
0 0.2128125 0.6241666666666666 0.084375 0.105
0 0.6859375 0.5241666666666667 0.071875 0.09166666666666666
0 0.6971875 0.37333333333333335 0.069375 0.09166666666666666
0 0.3875 0.42625 0.0625 0.08916666666666667
0 0.7659375 0.43375 0.079375 0.10083333333333333
0 0.446875 0.57875 0.07 0.08916666666666667
0 0.5215625 0.7120833333333333 0.080625 0.10083333333333333
0 0.3865625 0.2625 0.079375 0.1
0 0.69625 0.18375 0.0675 0.09583333333333334
0 0.5803125 0.38208333333333333 0.069375 0.09416666666666666
0 0.506875 0.8291666666666667 0.0725 0.09666666666666666
0 0.8253125 0.78375 0.069375 0.09083333333333334
0 0.5934375 0.5383333333333333 0.073125 0.10833333333333334
0 0.3059375 0.7233333333333334 0.073125 0.10666666666666667
0 0.370625 0.16 0.08625 0.095
0 0.43625 0.7475 0.07625 0.10833333333333334
0 0.74375 0.7725 0.07375 0.10833333333333334
0 0.530625 0.15791666666666668 0.08375 0.10916666666666666
0 0.168125 0.7520833333333333 0.0675 0.0925
0 0.749375 0.9020833333333333 0.0825 0.08083333333333333
0 0.69375 0.84375 0.06875 0.08416666666666667
0 0.5834375 0.815 0.063125 0.08666666666666667
0 0.2425 0.20291666666666666 0.07625 0.1025
0 0.3475 0.06541666666666666 0.08125 0.1075
0 0.538125 0.44375 0.0725 0.09583333333333334
0 0.2996875 0.5558333333333333 0.074375 0.09166666666666666
0 0.583125 0.6220833333333333 0.06875 0.09416666666666666
0 0.826875 0.5091666666666667 0.08125 0.10666666666666667
0 0.81375 0.07666666666666666 0.065 0.09666666666666666
0 0.25 0.49583333333333335 0.08125 0.12
0 0.5096875 0.27291666666666664 0.060625 0.09416666666666666
0 0.4525 0.35625 0.05875 0.11083333333333334
0 0.791875 0.32916666666666666 0.08125 0.08333333333333333
0 0.6753125 0.6729166666666667 0.064375 0.08583333333333333
0 0.3609375 0.33541666666666664 0.064375 0.08583333333333333
0 0.6703125 0.7379166666666667 0.080625 0.09583333333333334
0 0.6384375 0.69 0.064375 0.09666666666666666
0 0.2884375 0.19916666666666666 0.068125 0.09
0 0.3153125 0.4275 0.071875 0.115
0 0.5928125 0.18666666666666668 0.049375 0.12166666666666667
0 0.3003125 0.37958333333333333 0.066875 0.1025
0 0.156875 0.20666666666666667 0.065 0.09666666666666666
1 0.443125 0.47 0.07875 0.11