0 0.59125 0.33416666666666667 0.06375 0.09333333333333334
0 0.5975 0.5675 0.065 0.08833333333333333
0 0.785 0.8 0.06125 0.08166666666666667
0 0.6671875 0.4766666666666667 0.071875 0.09666666666666666
0 0.2553125 0.10375 0.066875 0.07916666666666666
0 0.2353125 0.8908333333333334 0.068125 0.08
0 0.2471875 0.2633333333333333 0.061875 0.08666666666666667
0 0.670625 0.6570833333333334 0.0575 0.08416666666666667
0 0.1878125 0.8025 0.063125 0.08833333333333333
0 0.569375 0.8704166666666666 0.06125 0.0825
0 0.2775 0.8208333333333333 0.0625 0.08
1 0.31375 0.4295833333333333 0.06875 0.09583333333333334
0 0.5115625 0.11166666666666666 0.065625 0.07166666666666667
0 0.5984375 0.9458333333333333 0.064375 0.07833333333333334
0 0.3121875 0.73125 0.064375 0.08083333333333333
0 0.678125 0.18125 0.07375 0.09416666666666666
0 0.1784375 0.5216666666666666 0.064375 0.095
0 0.20875 0.62375 0.07125 0.0925
0 0.7715625 0.57 0.060625 0.08333333333333333
0 0.3975 0.24083333333333334 0.0725 0.08666666666666667
0 0.5103125 0.7320833333333333 0.061875 0.0925
0 0.328125 0.345 0.06625 0.07833333333333334
0 0.18 0.3645833333333333 0.0625 0.0775
0 0.61625 0.7804166666666666 0.075 0.0725
0 0.825625 0.08541666666666667 0.075 0.0925
0 0.3175 0.24208333333333334 0.065 0.08583333333333333
0 0.440625 0.6695833333333333 0.06875 0.10083333333333333
0 0.7759375 0.665 0.075625 0.09166666666666666
0 0.4453125 0.17208333333333334 0.064375 0.09583333333333334
0 0.3434375 0.93 0.071875 0.09166666666666666
0 0.420625 0.47583333333333333 0.06375 0.08666666666666667
0 0.3809375 0.42041666666666666 0.075625 0.0825
0 0.39625 0.5729166666666666 0.06375 0.0925
0 0.465625 0.4379166666666667 0.0575 0.0775
0 0.5990625 0.6995833333333333 0.069375 0.0925
0 0.360625 0.6779166666666666 0.07125 0.0725
0 0.3703125 0.6045833333333334 0.076875 0.07916666666666666
0 0.19625 0.43041666666666667 0.0725 0.07916666666666666
0 0.43875 0.72875 0.065 0.08916666666666667