0 0.039375 0.8883333333333333 0.05625 0.075
0 0.2153125 0.82125 0.054375 0.0925
0 0.5303125 0.7404166666666666 0.064375 0.08583333333333333
0 0.1290625 0.73875 0.055625 0.0775
0 0.2571875 0.91625 0.063125 0.0875
0 0.125 0.85 0.06125 0.07666666666666666
0 0.5328125 0.85875 0.064375 0.08916666666666667
0 0.705 0.7220833333333333 0.07 0.0825
0 0.621875 0.6845833333333333 0.0625 0.0775
0 0.3490625 0.6670833333333334 0.065625 0.07083333333333333
0 0.41 0.8208333333333333 0.0725 0.09333333333333334
0 0.565625 0.40791666666666665 0.07 0.0875
0 0.47 0.9295833333333333 0.06375 0.07416666666666667
0 0.4721875 0.45125 0.064375 0.09083333333333334
0 0.27875 0.6633333333333333 0.06125 0.08
0 0.8534375 0.40291666666666665 0.069375 0.08416666666666667
0 0.771875 0.5958333333333333 0.055 0.095
0 0.92375 0.19958333333333333 0.07875 0.10083333333333333
0 0.7159375 0.62375 0.064375 0.09083333333333334
0 0.070625 0.18458333333333332 0.07125 0.0925
0 0.8665625 0.8120833333333334 0.056875 0.0925
0 0.8953125 0.4891666666666667 0.066875 0.08166666666666667
0 0.9590625 0.24208333333333334 0.063125 0.08083333333333333
0 0.460625 0.1375 0.07125 0.09166666666666666
0 0.6659375 0.28291666666666665 0.063125 0.05583333333333333
0 0.305625 0.46875 0.07 0.08416666666666667
0 0.6934375 0.8483333333333334 0.060625 0.08
0 0.3234375 0.7658333333333334 0.073125 0.09666666666666666
0 0.79 0.47875 0.06 0.0675
0 0.1465625 0.94125 0.066875 0.09083333333333334
0 0.755625 0.6775 0.06 0.08
0 0.728125 0.9004166666666666 0.0625 0.08416666666666667
0 0.1296875 0.33 0.066875 0.08166666666666667
0 0.36125 0.11958333333333333 0.0775 0.10083333333333333
0 0.275 0.5404166666666667 0.06125 0.0725
0 0.6890625 0.7845833333333333 0.066875 0.06583333333333333
0 0.9690625 0.9108333333333334 0.059375 0.08
1 0.46 0.75625 0.0875 0.10416666666666667
0 0.4184375 0.50375 0.064375 0.0725
1 0.0925 0.26416666666666666 0.09125 0.09666666666666666
0 0.9140625 0.8325 0.078125 0.09833333333333333
0 0.786875 0.8320833333333333 0.07 0.0925
0 0.4059375 0.61875 0.073125 0.08083333333333333
0 0.0325 0.6916666666666667 0.05875 0.08
0 0.8203125 0.6408333333333334 0.068125 0.085
0 0.8684375 0.7016666666666667 0.085625 0.10833333333333334
0 0.883125 0.60875 0.06125 0.06416666666666666
0 0.4771875 0.6720833333333334 0.058125 0.07583333333333334
0 0.9084375 0.1025 0.065625 0.085
0 0.1009375 0.1 0.060625 0.08833333333333333
0 0.9309375 0.33916666666666667 0.060625 0.08166666666666667
0 0.929375 0.4191666666666667 0.06 0.08
0 0.0903125 0.5579166666666666 0.061875 0.0875
0 0.305 0.19 0.065 0.07166666666666667
0 0.3553125 0.4091666666666667 0.051875 0.07833333333333334
0 0.2090625 0.6633333333333333 0.069375 0.08
0 0.656875 0.08625 0.08375 0.08583333333333333
0 0.545625 0.05333333333333334 0.05875 0.09833333333333333
0 0.56625 0.29791666666666666 0.0625 0.1125
0 0.1725 0.6770833333333334 0.065 0.0875
1 0.818125 0.54375 0.075 0.1175
0 0.59625 0.1125 0.06875 0.095
0 0.13375 0.6116666666666667 0.0625 0.07333333333333333
0 0.5975 0.20166666666666666 0.06375 0.08666666666666667
0 0.400625 0.5645833333333333 0.06 0.08416666666666667
0 0.8575 0.8716666666666667 0.0675 0.07833333333333334
1 0.64875 0.20875 0.0875 0.10916666666666666
0 0.065625 0.635 0.0575 0.08
1 0.4978125 0.5954166666666667 0.073125 0.12583333333333332
0 0.4178125 0.6883333333333334 0.059375 0.07
0 0.518125 0.04791666666666667 0.065 0.09083333333333334
0 0.403125 0.73 0.06375 0.075
0 0.7671875 0.8404166666666667 0.068125 0.0925