0 0.1090625 0.5070833333333333 0.108125 0.14416666666666667
0 0.2746875 0.63375 0.100625 0.13416666666666666
0 0.20625 0.5854166666666667 0.08625 0.11583333333333333
0 0.8625 0.5516666666666666 0.11875 0.15833333333333333
0 0.4134375 0.8670833333333333 0.104375 0.13916666666666666
0 0.830625 0.4270833333333333 0.0975 0.13083333333333333
0 0.355 0.64625 0.0975 0.13083333333333333
0 0.6403125 0.6345833333333334 0.091875 0.1225
0 0.333125 0.515 0.095 0.12666666666666668
0 0.218125 0.7191666666666666 0.1025 0.13666666666666666
0 0.650625 0.08 0.115 0.15333333333333332
0 0.4934375 0.89875 0.106875 0.1425
0 0.7678125 0.3720833333333333 0.093125 0.12416666666666666
0 0.7425 0.27958333333333335 0.085 0.11416666666666667
0 0.5221875 0.42041666666666666 0.115625 0.15416666666666667
0 0.1371875 0.60375 0.098125 0.13083333333333333
0 0.386875 0.5604166666666667 0.09 0.12083333333333333
0 0.36 0.30916666666666665 0.09375 0.125
0 0.566875 0.5983333333333334 0.09125 0.12166666666666667
0 0.9415625 0.44708333333333333 0.091875 0.1225
0 0.290625 0.33791666666666664 0.12 0.15916666666666668
0 0.62125 0.8620833333333333 0.1125 0.14916666666666667
0 0.2865625 0.42291666666666666 0.108125 0.14416666666666667
0 0.6771875 0.23291666666666666 0.108125 0.14416666666666667
0 0.5128125 0.6216666666666667 0.076875 0.10166666666666667
0 0.698125 0.38125 0.1 0.1325
0 0.7884375 0.6270833333333333 0.109375 0.14583333333333334
0 0.5346875 0.6775 0.093125 0.12333333333333334
0 0.7140625 0.44416666666666665 0.095625 0.12833333333333333