0 0.735625 0.57 0.09125 0.12166666666666667
0 0.4646875 0.3045833333333333 0.100625 0.13416666666666666
0 0.460625 0.6429166666666667 0.0925 0.12416666666666666
0 0.59125 0.4266666666666667 0.085 0.11333333333333333
0 0.5103125 0.88375 0.108125 0.14416666666666667
1 0.3753125 0.6583333333333333 0.115625 0.155
0 0.328125 0.37583333333333335 0.0925 0.12333333333333334
0 0.38625 0.5408333333333334 0.08875 0.11833333333333333
0 0.2290625 0.3145833333333333 0.091875 0.1225
0 0.6525 0.0925 0.09 0.12
0 0.77625 0.3591666666666667 0.1025 0.13666666666666666
0 0.17625 0.695 0.085 0.11333333333333333
0 0.8475 0.60875 0.09375 0.12416666666666666
0 0.571875 0.35583333333333333 0.08375 0.11166666666666666
0 0.5734375 0.26625 0.094375 0.12583333333333332
0 0.0940625 0.7904166666666667 0.084375 0.1125
0 0.499375 0.4041666666666667 0.08 0.10666666666666667
0 0.5803125 0.77375 0.086875 0.11583333333333333
0 0.719375 0.7379166666666667 0.08625 0.11583333333333333
0 0.67375 0.45208333333333334 0.09375 0.12583333333333332
0 0.6171875 0.7154166666666667 0.088125 0.1175
0 0.2571875 0.8395833333333333 0.091875 0.1225
0 0.22875 0.3958333333333333 0.08125 0.10833333333333334
0 0.481875 0.47625 0.0875 0.1175
0 0.5509375 0.6775 0.081875 0.11
0 0.6715625 0.6766666666666666 0.095625 0.12833333333333333
0 0.268125 0.2025 0.07875 0.105
0 0.44875 0.8325 0.1 0.13333333333333333
0 0.713125 0.3675 0.09375 0.125
0 0.3790625 0.3625 0.089375 0.11833333333333333
0 0.714375 0.8183333333333334 0.09125 0.12166666666666667
0 0.8859375 0.5129166666666667 0.071875 0.09583333333333334
0 0.521875 0.8033333333333333 0.0825 0.11
0 0.5253125 0.485 0.070625 0.095
0 0.7346875 0.69625 0.095625 0.1275
0 0.4459375 0.76 0.075625 0.1
0 0.59125 0.1575 0.0775 0.10333333333333333
0 0.30375 0.6083333333333333 0.08125 0.10833333333333334
0 0.43375 0.11708333333333333 0.08375 0.11083333333333334
0 0.5884375 0.8529166666666667 0.079375 0.10583333333333333
0 0.8328125 0.35375 0.084375 0.1125
0 0.2725 0.5158333333333334 0.0875 0.11666666666666667
0 0.15125 0.46708333333333335 0.08125 0.1075
0 0.889375 0.39625 0.085 0.11416666666666667
0 0.2771875 0.43041666666666667 0.066875 0.08916666666666667
0 0.4 0.8875 0.0825 0.11
0 0.514375 0.115 0.07375 0.09833333333333333
0 0.2946875 0.5020833333333333 0.086875 0.11583333333333333
0 0.6603125 0.5366666666666666 0.078125 0.10333333333333333
0 0.2096875 0.47541666666666665 0.076875 0.1025
0 0.0615625 0.7629166666666667 0.086875 0.11583333333333333
0 0.2175 0.77125 0.07125 0.09583333333333334
0 0.3421875 0.2775 0.076875 0.10333333333333333
0 0.85 0.16416666666666666 0.09375 0.125
0 0.665625 0.5991666666666666 0.0775 0.10333333333333333
0 0.3978125 0.2816666666666667 0.074375 0.09833333333333333
0 0.4184375 0.3875 0.075625 0.1
0 0.3896875 0.7466666666666667 0.078125 0.10333333333333333
0 0.4228125 0.4825 0.073125 0.09666666666666666
0 0.065625 0.4395833333333333 0.09625 0.1275
0 0.5834375 0.60375 0.071875 0.09583333333333334
0 0.1234375 0.40208333333333335 0.070625 0.09416666666666666
0 0.1521875 0.8754166666666666 0.083125 0.11083333333333334
0 0.269375 0.93625 0.07625 0.10083333333333333
0 0.4434375 0.18125 0.076875 0.1025
0 0.18375 0.9145833333333333 0.07625 0.10083333333333333
0 0.178125 0.41208333333333336 0.08 0.10583333333333333
0 0.3784375 0.9541666666666667 0.065625 0.08666666666666667