0 0.936875 0.6683333333333333 0.10375 0.13833333333333334
0 0.45875 0.2966666666666667 0.09875 0.13166666666666665
0 0.4753125 0.7079166666666666 0.101875 0.13583333333333333
0 0.508125 0.48833333333333334 0.09625 0.12833333333333333
0 0.3971875 0.8829166666666667 0.106875 0.1425
0 0.8771875 0.38958333333333334 0.111875 0.14916666666666667
0 0.535625 0.5633333333333334 0.095 0.12666666666666668
0 0.7978125 0.7695833333333333 0.104375 0.13916666666666666
0 0.405625 0.75375 0.11625 0.15416666666666667
0 0.526875 0.24875 0.1075 0.14416666666666667
0 0.78125 0.3025 0.10875 0.145
0 0.8125 0.63625 0.10875 0.14583333333333334
0 0.8828125 0.60125 0.108125 0.14416666666666667
0 0.7125 0.8458333333333333 0.1025 0.13666666666666666
0 0.2484375 0.19416666666666665 0.101875 0.13666666666666666
0 0.9434375 0.47041666666666665 0.105625 0.14083333333333334
0 0.07375 0.3258333333333333 0.1025 0.13666666666666666
0 0.176875 0.09791666666666667 0.10625 0.14083333333333334
0 0.2834375 0.29583333333333334 0.106875 0.14333333333333334
0 0.42875 0.205 0.11375 0.15166666666666667
0 0.5153125 0.37958333333333333 0.111875 0.14916666666666667
1 0.110625 0.5258333333333334 0.09625 0.12833333333333333
0 0.33875 0.3375 0.10875 0.145
0 0.45 0.6104166666666667 0.10625 0.14083333333333334
0 0.46375 0.09875 0.11125 0.1475
0 0.61375 0.51 0.1 0.13333333333333333
0 0.6578125 0.79375 0.099375 0.1325
0 0.6296875 0.9241666666666667 0.109375 0.14666666666666667
0 0.453125 0.4345833333333333 0.09625 0.1275
0 0.62375 0.11708333333333333 0.1075 0.1425
0 0.2165625 0.07375 0.105625 0.14083333333333334
0 0.5909375 0.6754166666666667 0.096875 0.12916666666666668
0 0.713125 0.355 0.10875 0.145
0 0.084375 0.4508333333333333 0.1025 0.13666666666666666
0 0.6684375 0.29333333333333333 0.109375 0.145
0 0.6196875 0.205 0.109375 0.14666666666666667
0 0.6446875 0.22375 0.100625 0.13416666666666666
0 0.3459375 0.5420833333333334 0.103125 0.1375
0 0.6725 0.4375 0.1 0.13333333333333333
0 0.356875 0.49375 0.08375 0.1125