0 0.2278125 0.25958333333333333 0.089375 0.11916666666666667
0 0.5540625 0.76625 0.086875 0.11583333333333333
0 0.7415625 0.92 0.103125 0.13666666666666666
0 0.3009375 0.4579166666666667 0.103125 0.1375
0 0.745625 0.665 0.09625 0.12833333333333333
0 0.144375 0.4508333333333333 0.09 0.12
0 0.8640625 0.8541666666666666 0.096875 0.12833333333333333
0 0.6584375 0.7254166666666667 0.093125 0.12416666666666666
0 0.436875 0.12833333333333333 0.1025 0.13666666666666666
0 0.1790625 0.11208333333333333 0.096875 0.12916666666666668
0 0.3003125 0.5470833333333334 0.095625 0.1275
0 0.8328125 0.39666666666666667 0.089375 0.11833333333333333
0 0.103125 0.15333333333333332 0.09 0.12
0 0.711875 0.24333333333333335 0.09375 0.125
0 0.58 0.8395833333333333 0.09375 0.12416666666666666
0 0.5103125 0.83875 0.110625 0.1475
0 0.5578125 0.35375 0.114375 0.1525
0 0.63875 0.44083333333333335 0.0925 0.12333333333333334
0 0.454375 0.5866666666666667 0.1 0.13333333333333333
0 0.745 0.1875 0.0975 0.13
0 0.2865625 0.8616666666666667 0.098125 0.13166666666666665
0 0.8628125 0.6825 0.088125 0.11833333333333333
0 0.638125 0.7975 0.10375 0.13833333333333334
0 0.6246875 0.54375 0.100625 0.13416666666666666
0 0.5921875 0.6170833333333333 0.096875 0.12916666666666668
0 0.240625 0.6120833333333333 0.11125 0.14916666666666667
0 0.285 0.7941666666666667 0.1025 0.13666666666666666
0 0.51375 0.14416666666666667 0.1025 0.13666666666666666
0 0.7040625 0.7925 0.105625 0.14