0 0.0346875 0.5354166666666667 0.063125 0.0875
0 0.57625 0.31166666666666665 0.07 0.095
0 0.1875 0.7658333333333334 0.05875 0.08666666666666667
0 0.883125 0.7170833333333333 0.0675 0.09083333333333334
0 0.15875 0.5691666666666667 0.0725 0.08
0 0.3046875 0.8441666666666666 0.073125 0.105
0 0.49875 0.6566666666666666 0.07125 0.10166666666666667
0 0.3796875 0.635 0.054375 0.09666666666666666
0 0.6778125 0.1975 0.068125 0.10333333333333333
0 0.1653125 0.9416666666666667 0.065625 0.095
0 0.548125 0.3958333333333333 0.065 0.08666666666666667
0 0.1709375 0.65625 0.071875 0.08083333333333333
0 0.3684375 0.8158333333333333 0.073125 0.09333333333333334
0 0.3259375 0.6170833333333333 0.066875 0.0975
0 0.7290625 0.54625 0.078125 0.0975
0 0.7334375 0.24666666666666667 0.066875 0.08333333333333333
0 0.439375 0.6245833333333334 0.06875 0.1025
0 0.8915625 0.22416666666666665 0.073125 0.09166666666666666
0 0.80875 0.505 0.0725 0.09
0 0.1953125 0.19541666666666666 0.070625 0.0875
0 0.2953125 0.5479166666666667 0.075625 0.10583333333333333
0 0.4084375 0.875 0.075625 0.09166666666666666
0 0.50375 0.30125 0.065 0.08916666666666667
0 0.2115625 0.8679166666666667 0.081875 0.07583333333333334
0 0.044375 0.7325 0.07625 0.095
0 0.8228125 0.575 0.073125 0.085
0 0.0553125 0.25625 0.068125 0.09583333333333334
0 0.203125 0.42541666666666667 0.09 0.08583333333333333
0 0.2259375 0.25333333333333335 0.081875 0.09833333333333333
0 0.1515625 0.24583333333333332 0.079375 0.09666666666666666
0 0.1178125 0.31833333333333336 0.076875 0.085
0 0.96 0.7983333333333333 0.07 0.105
0 0.6225 0.19416666666666665 0.0625 0.11666666666666667
0 0.2465625 0.5070833333333333 0.074375 0.0975
0 0.9175 0.2825 0.07625 0.10666666666666667
0 0.7534375 0.15541666666666668 0.083125 0.08416666666666667
0 0.356875 0.23583333333333334 0.07 0.09333333333333334
0 0.4109375 0.71 0.096875 0.08