0 0.505625 0.5820833333333333 0.10125 0.13583333333333333
0 0.3584375 0.21833333333333332 0.096875 0.12833333333333333
0 0.1965625 0.57375 0.099375 0.1325
0 0.3428125 0.34625 0.089375 0.11916666666666667
0 0.4065625 0.1575 0.093125 0.125
0 0.15125 0.35625 0.1 0.13416666666666666
0 0.798125 0.8270833333333333 0.11 0.1475
0 0.594375 0.8925 0.11125 0.14833333333333334
0 0.69375 0.30416666666666664 0.1025 0.13666666666666666
0 0.265 0.385 0.09625 0.12833333333333333
0 0.7215625 0.7041666666666667 0.104375 0.14
0 0.761875 0.90625 0.1075 0.14416666666666667
0 0.653125 0.33416666666666667 0.095 0.12666666666666668
0 0.09875 0.45458333333333334 0.1 0.1325
0 0.6496875 0.5379166666666667 0.105625 0.14083333333333334
0 0.311875 0.2629166666666667 0.09875 0.1325
0 0.6509375 0.4454166666666667 0.096875 0.12916666666666668
0 0.5621875 0.80125 0.109375 0.14583333333333334
0 0.809375 0.6641666666666667 0.1025 0.13666666666666666
0 0.2684375 0.3145833333333333 0.099375 0.1325
0 0.630625 0.68 0.11375 0.15166666666666667
0 0.66625 0.83125 0.105 0.13916666666666666
0 0.3309375 0.4979166666666667 0.105625 0.14083333333333334
1 0.5984375 0.5904166666666667 0.115625 0.15416666666666667