0 0.235 0.6058333333333333 0.095 0.12666666666666668
0 0.65625 0.8291666666666667 0.105 0.14
0 0.4896875 0.13208333333333333 0.086875 0.11583333333333333
0 0.4503125 0.3695833333333333 0.090625 0.12083333333333333
0 0.6346875 0.28458333333333335 0.083125 0.11083333333333334
0 0.939375 0.605 0.08375 0.11166666666666666
0 0.1909375 0.5379166666666667 0.101875 0.13583333333333333
0 0.2653125 0.16416666666666666 0.083125 0.11
0 0.5609375 0.8391666666666666 0.091875 0.12333333333333334
0 0.4178125 0.55125 0.091875 0.1225
0 0.3496875 0.59 0.093125 0.12333333333333334
0 0.5090625 0.37958333333333333 0.083125 0.11083333333333334
0 0.8071875 0.4775 0.083125 0.11166666666666666
0 0.911875 0.4816666666666667 0.0925 0.12333333333333334
0 0.8684375 0.6320833333333333 0.098125 0.13083333333333333
0 0.51 0.5433333333333333 0.0825 0.11
0 0.4915625 0.8320833333333333 0.093125 0.12416666666666666
0 0.3484375 0.19875 0.108125 0.14416666666666667
0 0.3953125 0.6904166666666667 0.104375 0.13916666666666666
0 0.6275 0.5970833333333333 0.08875 0.11916666666666667
0 0.675 0.7333333333333333 0.08625 0.115
0 0.3540625 0.4170833333333333 0.105625 0.14083333333333334
0 0.15125 0.17916666666666667 0.0875 0.11666666666666667
0 0.43 0.06541666666666666 0.08875 0.11916666666666667
0 0.291875 0.6629166666666667 0.09625 0.1275
0 0.5221875 0.75625 0.074375 0.09916666666666667
0 0.56875 0.27125 0.0925 0.12416666666666666
0 0.40125 0.81875 0.0825 0.11083333333333334
0 0.528125 0.475 0.08 0.10666666666666667
0 0.2096875 0.20791666666666667 0.098125 0.13083333333333333
0 0.171875 0.6783333333333333 0.11625 0.155
0 0.665625 0.175 0.08 0.10666666666666667
0 0.4709375 0.5970833333333333 0.090625 0.12083333333333333
0 0.1015625 0.23458333333333334 0.096875 0.12916666666666668
0 0.5590625 0.07541666666666667 0.103125 0.1375
0 0.6734375 0.40541666666666665 0.078125 0.10416666666666667
0 0.868125 0.42041666666666666 0.0875 0.1175
0 0.5703125 0.6275 0.095625 0.12833333333333333
0 0.6978125 0.25875 0.114375 0.1525
0 0.5971875 0.15208333333333332 0.089375 0.11916666666666667
0 0.116875 0.5 0.10375 0.13833333333333334
0 0.46625 0.6820833333333334 0.0925 0.1225
0 0.73875 0.7779166666666667 0.09125 0.12083333333333333
0 0.3715625 0.1225 0.079375 0.105
0 0.154375 0.10416666666666667 0.0875 0.11666666666666667
0 0.218125 0.75875 0.08875 0.11916666666666667
0 0.6703125 0.6541666666666667 0.108125 0.14333333333333334
0 0.4215625 0.17291666666666666 0.101875 0.13583333333333333
0 0.2784375 0.79125 0.094375 0.12583333333333332
0 0.4584375 0.47 0.103125 0.13666666666666666
0 0.228125 0.4691666666666667 0.1075 0.14333333333333334
0 0.41625 0.8929166666666667 0.09875 0.1325
0 0.4028125 0.30666666666666664 0.091875 0.12333333333333334
0 0.72 0.9116666666666666 0.09625 0.12833333333333333
0 0.5646875 0.33625 0.088125 0.1175
0 0.7571875 0.2916666666666667 0.085625 0.11333333333333333
0 0.164375 0.45208333333333334 0.085 0.1125
0 0.568125 0.5625 0.09375 0.125
0 0.6446875 0.5304166666666666 0.094375 0.12583333333333332
0 0.804375 0.8525 0.10125 0.135
0 0.7228125 0.85875 0.094375 0.12583333333333332
0 0.7103125 0.665 0.088125 0.11666666666666667
0 0.6390625 0.38125 0.096875 0.12916666666666668
0 0.57625 0.20916666666666667 0.08625 0.115
0 0.2075 0.13458333333333333 0.09375 0.12583333333333332
0 0.095625 0.3229166666666667 0.09 0.12083333333333333
0 0.5171875 0.92375 0.089375 0.11916666666666667
0 0.704375 0.5833333333333334 0.09125 0.12166666666666667
0 0.7159375 0.50125 0.089375 0.11916666666666667
0 0.306875 0.12583333333333332 0.08125 0.10833333333333334
0 0.400625 0.6591666666666667 0.09625 0.12833333333333333
0 0.3315625 0.8991666666666667 0.093125 0.12333333333333334
0 0.624375 0.0925 0.07625 0.10166666666666667
0 0.8159375 0.68375 0.094375 0.12583333333333332
0 0.6821875 0.09291666666666666 0.090625 0.12083333333333333
0 0.524375 0.6933333333333334 0.1 0.13333333333333333
0 0.67875 0.9358333333333333 0.0925 0.12333333333333334
0 0.49375 0.06875 0.09375 0.12583333333333332
0 0.430625 0.21041666666666667 0.09125 0.12083333333333333
0 0.3565625 0.8829166666666667 0.090625 0.12083333333333333
0 0.583125 0.5045833333333334 0.10875 0.14416666666666667
0 0.798125 0.6141666666666666 0.10625 0.14166666666666666
0 0.43625 0.2791666666666667 0.08375 0.11166666666666666
0 0.511875 0.2704166666666667 0.08875 0.1175
1 0.7515625 0.38875 0.139375 0.18583333333333332
0 0.1559375 0.3770833333333333 0.085625 0.11416666666666667
0 0.159375 0.3475 0.0875 0.11666666666666667
0 0.2603125 0.7079166666666666 0.091875 0.1225
0 0.2171875 0.6720833333333334 0.095625 0.1275
0 0.761875 0.87875 0.095 0.12583333333333332
0 0.800625 0.795 0.1025 0.13666666666666666
0 0.7346875 0.7608333333333334 0.089375 0.11833333333333333
0 0.7459375 0.6095833333333334 0.095625 0.1275
0 0.93125 0.7179166666666666 0.09625 0.1275
0 0.9053125 0.7370833333333333 0.085625 0.11416666666666667
0 0.8415625 0.7229166666666667 0.095625 0.1275
0 0.864375 0.7566666666666667 0.09375 0.125
0 0.521875 0.6433333333333333 0.09375 0.125
0 0.650625 0.49333333333333335 0.105 0.14
0 0.5778125 0.42291666666666666 0.099375 0.1325
0 0.6 0.39208333333333334 0.07875 0.10583333333333333
0 0.5234375 0.28625 0.090625 0.12083333333333333
0 0.2109375 0.4345833333333333 0.095625 0.1275