0 0.8634375 0.62625 0.069375 0.0825
0 0.8971875 0.8241666666666667 0.066875 0.08666666666666667
0 0.215 0.8641666666666666 0.07125 0.08666666666666667
0 0.4028125 0.7470833333333333 0.074375 0.0975
0 0.36125 0.66125 0.055 0.07916666666666666
0 0.0928125 0.4404166666666667 0.078125 0.09416666666666666
0 0.2996875 0.30666666666666664 0.069375 0.095
0 0.8525 0.05125 0.0725 0.09083333333333334
0 0.1840625 0.39125 0.074375 0.09083333333333334
0 0.7425 0.16041666666666668 0.0775 0.0875
0 0.3578125 0.23208333333333334 0.084375 0.10583333333333333
0 0.1209375 0.5816666666666667 0.086875 0.10166666666666667
0 0.5315625 0.4083333333333333 0.076875 0.10833333333333334
0 0.515 0.5291666666666667 0.07 0.08833333333333333
0 0.2109375 0.17791666666666667 0.075625 0.09416666666666666
0 0.7415625 0.06875 0.080625 0.09916666666666667
0 0.1309375 0.22458333333333333 0.066875 0.08416666666666667
0 0.90875 0.17666666666666667 0.08 0.105
0 0.74875 0.83875 0.065 0.07583333333333334
0 0.1246875 0.32916666666666666 0.078125 0.095
0 0.815 0.22083333333333333 0.0725 0.095
0 0.4984375 0.7279166666666667 0.066875 0.0825
0 0.1421875 0.69625 0.084375 0.10416666666666667
0 0.66125 0.7754166666666666 0.06 0.07583333333333334
0 0.2571875 0.65625 0.064375 0.0925
0 0.575 0.5033333333333333 0.06375 0.08666666666666667
0 0.423125 0.6508333333333334 0.065 0.09
0 0.4228125 0.4166666666666667 0.068125 0.085
0 0.2059375 0.5145833333333333 0.059375 0.08083333333333333
0 0.39625 0.5279166666666667 0.06875 0.08583333333333333
0 0.4884375 0.6458333333333334 0.070625 0.09166666666666666
0 0.6621875 0.36041666666666666 0.081875 0.10083333333333333
0 0.4803125 0.05541666666666667 0.073125 0.0925
0 0.4503125 0.8320833333333333 0.073125 0.09916666666666667
0 0.3790625 0.1375 0.068125 0.08333333333333333
0 0.19 0.7708333333333334 0.06375 0.08
0 0.0946875 0.07583333333333334 0.068125 0.08666666666666667
0 0.8396875 0.7654166666666666 0.063125 0.09416666666666666
0 0.261875 0.575 0.07625 0.09
0 0.621875 0.7091666666666666 0.07 0.09
0 0.8884375 0.2783333333333333 0.069375 0.09666666666666666
0 0.7371875 0.2733333333333333 0.073125 0.09
0 0.3265625 0.07875 0.078125 0.1025
0 0.454375 0.5570833333333334 0.075 0.08416666666666667
0 0.1340625 0.7945833333333333 0.076875 0.09416666666666666
0 0.943125 0.7804166666666666 0.05625 0.07916666666666666
0 0.5603125 0.6904166666666667 0.061875 0.08916666666666667
0 0.82875 0.4525 0.0825 0.10333333333333333
0 0.1303125 0.09416666666666666 0.074375 0.09333333333333334
1 0.265 0.46708333333333335 0.08375 0.0925
0 0.94125 0.08416666666666667 0.06375 0.08833333333333333
0 0.049375 0.3125 0.07375 0.08333333333333333
0 0.2275 0.7154166666666667 0.065 0.0825
0 0.2725 0.11458333333333333 0.06875 0.0975
0 0.1021875 0.16333333333333333 0.061875 0.08333333333333333
0 0.244375 0.40208333333333335 0.06125 0.08083333333333333
0 0.173125 0.4870833333333333 0.07625 0.09083333333333334
0 0.8159375 0.7783333333333333 0.071875 0.09333333333333334
0 0.0434375 0.17875 0.058125 0.07416666666666667
0 0.9653125 0.8520833333333333 0.046875 0.07583333333333334
0 0.056875 0.7754166666666666 0.0725 0.0825
0 0.6034375 0.6008333333333333 0.081875 0.11166666666666666
0 0.580625 0.9575 0.06625 0.08333333333333333
0 0.648125 0.8595833333333334 0.07875 0.07916666666666666
0 0.7821875 0.33458333333333334 0.080625 0.09416666666666666
0 0.6840625 0.5495833333333333 0.073125 0.09083333333333334
1 0.1559375 0.9491666666666667 0.086875 0.09833333333333333
0 0.864375 0.51625 0.07125 0.07583333333333334
0 0.6259375 0.5533333333333333 0.064375 0.095
0 0.618125 0.4791666666666667 0.07125 0.09166666666666666
1 0.834375 0.3725 0.095 0.09833333333333333
0 0.6440625 0.9208333333333333 0.059375 0.085
0 0.68 0.39875 0.06625 0.09083333333333334
0 0.7209375 0.42125 0.071875 0.0825
0 0.355 0.93875 0.07375 0.0825
0 0.851875 0.29375 0.065 0.08916666666666667
0 0.9578125 0.15875 0.059375 0.0875
0 0.3825 0.88875 0.055 0.08083333333333333