0 0.235 0.32958333333333334 0.07875 0.0725
0 0.8646875 0.48 0.069375 0.09333333333333334
0 0.3415625 0.19125 0.070625 0.1025
0 0.2009375 0.12916666666666668 0.070625 0.09666666666666666
0 0.5159375 0.19791666666666666 0.078125 0.09416666666666666
0 0.52 0.49916666666666665 0.0675 0.10833333333333334
0 0.104375 0.42041666666666666 0.07875 0.09083333333333334
0 0.315625 0.9345833333333333 0.065 0.11583333333333333
0 0.8934375 0.14125 0.078125 0.1025
0 0.2578125 0.43666666666666665 0.070625 0.105
0 0.3384375 0.545 0.078125 0.09
0 0.0628125 0.17416666666666666 0.073125 0.10333333333333333
0 0.1746875 0.40791666666666665 0.075625 0.0775
0 0.21625 0.21541666666666667 0.06125 0.0925
0 0.205 0.4875 0.0775 0.1
0 0.4359375 0.3625 0.079375 0.10166666666666667
0 0.1575 0.16583333333333333 0.08 0.07833333333333334
0 0.69875 0.64 0.06625 0.11333333333333333
0 0.388125 0.6425 0.085 0.08833333333333333
0 0.8853125 0.5408333333333334 0.073125 0.09166666666666666
0 0.4659375 0.9108333333333334 0.063125 0.12
0 0.0884375 0.6379166666666667 0.074375 0.09416666666666666
0 0.3196875 0.8179166666666666 0.078125 0.10916666666666666
0 0.41125 0.7975 0.06625 0.12
0 0.121875 0.81625 0.10125 0.09416666666666666
0 0.73125 0.7075 0.07125 0.09166666666666666
0 0.8046875 0.23416666666666666 0.068125 0.08833333333333333
0 0.68125 0.47541666666666665 0.06375 0.13416666666666666
0 0.79 0.16916666666666666 0.08375 0.08
0 0.66125 0.8179166666666666 0.05625 0.1175
0 0.8409375 0.6291666666666667 0.055625 0.115
0 0.6221875 0.17708333333333334 0.063125 0.11583333333333333
0 0.1353125 0.26416666666666666 0.073125 0.09
0 0.875625 0.6308333333333334 0.05875 0.13666666666666666
0 0.745 0.94 0.06875 0.095
0 0.56875 0.1125 0.06375 0.12166666666666667
0 0.6053125 0.5216666666666666 0.070625 0.11666666666666667
0 0.165625 0.23166666666666666 0.0675 0.085
0 0.306875 0.14708333333333334 0.07125 0.11083333333333334
0 0.7378125 0.8375 0.061875 0.12333333333333334
0 0.90375 0.9341666666666667 0.06625 0.10333333333333333