0 0.1684375 0.16791666666666666 0.079375 0.09916666666666667
0 0.2971875 0.3283333333333333 0.081875 0.1
0 0.603125 0.20333333333333334 0.06875 0.09166666666666666
0 0.1771875 0.70125 0.075625 0.0975
0 0.75875 0.93625 0.07875 0.09916666666666667
0 0.850625 0.245 0.07 0.095
0 0.3215625 0.16541666666666666 0.075625 0.08416666666666667
0 0.3284375 0.4083333333333333 0.070625 0.08666666666666667
0 0.6875 0.23416666666666666 0.08375 0.10333333333333333
0 0.1153125 0.80625 0.078125 0.0875
0 0.18375 0.9491666666666667 0.0775 0.1
0 0.83875 0.3641666666666667 0.075 0.085
0 0.3396875 0.24583333333333332 0.084375 0.09166666666666666
0 0.1134375 0.9320833333333334 0.083125 0.09583333333333334
0 0.5053125 0.9275 0.074375 0.105
0 0.8878125 0.8791666666666667 0.078125 0.10666666666666667
0 0.7328125 0.65625 0.076875 0.1175
0 0.12875 0.10083333333333333 0.08 0.10666666666666667
0 0.3021875 0.6579166666666667 0.073125 0.10083333333333333
0 0.85125 0.13166666666666665 0.0875 0.10166666666666667
0 0.56375 0.285 0.0775 0.11
0 0.4846875 0.6116666666666667 0.083125 0.09833333333333333
0 0.538125 0.5666666666666667 0.07375 0.09833333333333333
0 0.1028125 0.54125 0.066875 0.1075
0 0.9621875 0.6833333333333333 0.074375 0.09666666666666666
0 0.5896875 0.7725 0.068125 0.095
0 0.885 0.56125 0.085 0.0925
0 0.0478125 0.35041666666666665 0.068125 0.0925
0 0.7790625 0.46458333333333335 0.070625 0.09916666666666667
0 0.3234375 0.7275 0.069375 0.1
0 0.95125 0.77375 0.06875 0.08916666666666667
0 0.613125 0.06625 0.09 0.09583333333333334
0 0.7296875 0.14875 0.086875 0.0925
0 0.5753125 0.14041666666666666 0.071875 0.1025
0 0.2175 0.4920833333333333 0.07875 0.09416666666666666
0 0.0715625 0.64125 0.070625 0.09416666666666666
0 0.454375 0.05125 0.07875 0.09583333333333334
0 0.2790625 0.855 0.079375 0.09833333333333333
0 0.3303125 0.7745833333333333 0.075625 0.0875