0 0.61875 0.6466666666666666 0.0775 0.10666666666666667
0 0.599375 0.14083333333333334 0.08 0.10833333333333334
0 0.6728125 0.09791666666666667 0.075625 0.10583333333333333
0 0.7328125 0.45375 0.073125 0.12583333333333332
0 0.38 0.5341666666666667 0.065 0.10333333333333333
0 0.795 0.8745833333333334 0.0775 0.1075
0 0.5425 0.47375 0.07625 0.10583333333333333
1 0.7075 0.2529166666666667 0.09125 0.12916666666666668
0 0.3878125 0.31916666666666665 0.065625 0.09
0 0.5784375 0.82875 0.071875 0.11416666666666667
0 0.2165625 0.6475 0.069375 0.1
0 0.2790625 0.65625 0.073125 0.1075
0 0.3278125 0.4708333333333333 0.068125 0.11
0 0.4428125 0.6716666666666666 0.071875 0.12
0 0.784375 0.34958333333333336 0.0725 0.1025
1 0.4346875 0.4775 0.085625 0.12333333333333334
0 0.445625 0.11166666666666666 0.08125 0.10166666666666667
0 0.8415625 0.13958333333333334 0.065625 0.09916666666666667
0 0.2225 0.32916666666666666 0.08 0.105
0 0.47 0.5858333333333333 0.0825 0.10166666666666667
1 0.3621875 0.8104166666666667 0.104375 0.13083333333333333
0 0.3053125 0.17875 0.093125 0.09916666666666667
0 0.554375 0.35291666666666666 0.08125 0.11916666666666667
0 0.3671875 0.7275 0.085625 0.075
0 0.53375 0.68125 0.08125 0.12416666666666666
1 0.251875 0.42833333333333334 0.09375 0.13
0 0.1915625 0.39416666666666667 0.063125 0.12
0 0.199375 0.11541666666666667 0.0775 0.1225
0 0.645625 0.8070833333333334 0.07125 0.1275
0 0.169375 0.5408333333333334 0.07875 0.11666666666666667
0 0.7375 0.7058333333333333 0.0725 0.09666666666666666
0 0.7484375 0.7808333333333334 0.073125 0.11666666666666667
0 0.5109375 0.81 0.075625 0.09333333333333334