0 0.380625 0.2925 0.0925 0.12333333333333334
0 0.1234375 0.595 0.094375 0.125
0 0.429375 0.39875 0.09375 0.12416666666666666
0 0.1078125 0.16708333333333333 0.099375 0.1325
0 0.2375 0.3466666666666667 0.0925 0.12333333333333334
0 0.3609375 0.3983333333333333 0.089375 0.12
0 0.3571875 0.8845833333333334 0.090625 0.12083333333333333
0 0.5109375 0.7379166666666667 0.088125 0.1175
0 0.7084375 0.16291666666666665 0.093125 0.12416666666666666
0 0.1828125 0.07958333333333334 0.099375 0.1325
0 0.4015625 0.17375 0.086875 0.11583333333333333
0 0.7634375 0.22958333333333333 0.106875 0.1425
0 0.426875 0.85 0.10125 0.135
0 0.4421875 0.7429166666666667 0.093125 0.12416666666666666
0 0.1784375 0.17083333333333334 0.085625 0.11333333333333333
0 0.4871875 0.07958333333333334 0.096875 0.12916666666666668
0 0.5728125 0.2625 0.090625 0.12166666666666667
0 0.1028125 0.4775 0.095625 0.12833333333333333
0 0.8178125 0.34 0.085625 0.115
0 0.4453125 0.24666666666666667 0.100625 0.13333333333333333
0 0.8925 0.5625 0.0875 0.11666666666666667
0 0.611875 0.18125 0.0875 0.11583333333333333
0 0.941875 0.6333333333333333 0.09 0.12
0 0.255625 0.5295833333333333 0.09125 0.1225
0 0.5865625 0.48833333333333334 0.085625 0.11333333333333333
0 0.5753125 0.7633333333333333 0.094375 0.125
0 0.3175 0.20208333333333334 0.0875 0.1175
0 0.203125 0.6879166666666666 0.0825 0.10916666666666666
0 0.30125 0.07375 0.09 0.12083333333333333
0 0.5325 0.5633333333333334 0.095 0.12666666666666668
0 0.66125 0.7141666666666666 0.0925 0.12333333333333334
0 0.703125 0.8275 0.095 0.12666666666666668
0 0.4025 0.07458333333333333 0.08875 0.11916666666666667
0 0.9425 0.7633333333333333 0.08875 0.11833333333333333
0 0.6803125 0.41875 0.098125 0.13083333333333333
0 0.3059375 0.3025 0.086875 0.115
0 0.790625 0.7866666666666666 0.08875 0.11833333333333333
0 0.48875 0.5025 0.0875 0.11666666666666667
0 0.311875 0.8141666666666667 0.08875 0.11833333333333333
0 0.5278125 0.435 0.088125 0.11833333333333333
0 0.1734375 0.5366666666666666 0.085625 0.11333333333333333
0 0.3490625 0.12791666666666668 0.089375 0.11916666666666667
0 0.864375 0.77875 0.10125 0.13416666666666666
0 0.1984375 0.26125 0.091875 0.1225
0 0.1940625 0.45125 0.086875 0.11583333333333333
0 0.659375 0.23541666666666666 0.0925 0.1225
0 0.440625 0.60375 0.08875 0.11916666666666667
0 0.58 0.3829166666666667 0.08375 0.11083333333333334
0 0.7915625 0.6004166666666667 0.090625 0.12083333333333333
0 0.75 0.32166666666666666 0.10375 0.13833333333333334
0 0.389375 0.48083333333333333 0.0875 0.11666666666666667
0 0.106875 0.38458333333333333 0.08875 0.11916666666666667
0 0.4446875 0.9329166666666666 0.086875 0.11583333333333333
0 0.0575 0.22833333333333333 0.105 0.14
0 0.8015625 0.6645833333333333 0.095625 0.1275
0 0.3915625 0.5683333333333334 0.093125 0.125
0 0.7559375 0.3825 0.106875 0.14333333333333334
0 0.845 0.8633333333333333 0.08375 0.11166666666666666
0 0.8671875 0.7254166666666667 0.101875 0.13583333333333333
0 0.468125 0.3275 0.085 0.11333333333333333
0 0.878125 0.6395833333333333 0.0825 0.10916666666666666
0 0.5190625 0.8858333333333334 0.091875 0.12333333333333334
0 0.2996875 0.6908333333333333 0.080625 0.10833333333333334
0 0.49125 0.8516666666666667 0.09625 0.12833333333333333
0 0.8421875 0.9254166666666667 0.089375 0.11916666666666667
0 0.8803125 0.355 0.090625 0.12
1 0.8296875 0.51375 0.125625 0.1675
1 0.3121875 0.47 0.098125 0.13
0 0.401875 0.5283333333333333 0.0875 0.11666666666666667
0 0.3325 0.6866666666666666 0.08625 0.115
0 0.1428125 0.6829166666666666 0.069375 0.0925