0 0.451875 0.1175 0.07375 0.09833333333333333
0 0.30875 0.09791666666666667 0.06875 0.0925
0 0.5690625 0.9529166666666666 0.073125 0.09083333333333334
0 0.251875 0.7775 0.065 0.08666666666666667
0 0.4875 0.2225 0.0775 0.105
0 0.77625 0.24791666666666667 0.0775 0.0925
0 0.6890625 0.8883333333333333 0.066875 0.08833333333333333
0 0.1871875 0.44958333333333333 0.065625 0.1025
0 0.5278125 0.5666666666666667 0.065625 0.08166666666666667
0 0.3453125 0.6175 0.059375 0.09
0 0.7353125 0.49333333333333335 0.064375 0.08666666666666667
0 0.30125 0.2925 0.05625 0.08666666666666667
0 0.564375 0.8504166666666667 0.0725 0.09916666666666667
0 0.4140625 0.93125 0.066875 0.07083333333333333
0 0.39 0.44166666666666665 0.075 0.1
0 0.5240625 0.36333333333333334 0.068125 0.095
0 0.23875 0.39416666666666667 0.06125 0.08833333333333333
0 0.6484375 0.3620833333333333 0.078125 0.1075
0 0.6928125 0.5183333333333333 0.053125 0.06666666666666667
0 0.2790625 0.6191666666666666 0.066875 0.095
0 0.610625 0.31916666666666665 0.08625 0.10833333333333334
0 0.4521875 0.9541666666666667 0.061875 0.08333333333333333
0 0.1640625 0.8875 0.069375 0.09166666666666666
0 0.8425 0.11875 0.06375 0.09083333333333334
0 0.3975 0.7670833333333333 0.055 0.0725
0 0.429375 0.37666666666666665 0.0625 0.09
0 0.415625 0.8645833333333334 0.04625 0.060833333333333336
0 0.8425 0.5433333333333333 0.06375 0.09333333333333334
0 0.4834375 0.74875 0.064375 0.09083333333333334
1 0.4909375 0.4766666666666667 0.094375 0.11666666666666667
0 0.5015625 0.3425 0.056875 0.08