0 0.5971875 0.6929166666666666 0.066875 0.08583333333333333
0 0.3465625 0.9179166666666667 0.060625 0.09083333333333334
0 0.2425 0.76 0.0625 0.08166666666666667
0 0.3825 0.43041666666666667 0.055 0.07416666666666667
0 0.6128125 0.33375 0.065625 0.08583333333333333
0 0.1671875 0.41125 0.076875 0.10083333333333333
0 0.31 0.23958333333333334 0.04875 0.0625
0 0.2484375 0.23166666666666666 0.049375 0.06666666666666667
0 0.4571875 0.15041666666666667 0.048125 0.06416666666666666
0 0.6465625 0.25375 0.064375 0.0875
0 0.365 0.04875 0.05375 0.059166666666666666
0 0.616875 0.22166666666666668 0.07 0.09166666666666666