0 0.061875 0.10583333333333333 0.06625 0.08666666666666667
0 0.1034375 0.8604166666666667 0.066875 0.0975
0 0.85 0.45708333333333334 0.05625 0.0825
0 0.8728125 0.6483333333333333 0.058125 0.08
0 0.415 0.32208333333333333 0.07375 0.0925
0 0.58 0.47458333333333336 0.06375 0.0875
0 0.1228125 0.05875 0.064375 0.09583333333333334
1 0.0765625 0.7379166666666667 0.059375 0.07416666666666667
0 0.7846875 0.48041666666666666 0.058125 0.07583333333333334
0 0.81375 0.1225 0.06375 0.08166666666666667
0 0.0484375 0.84 0.053125 0.07666666666666666
0 0.33875 0.11875 0.065 0.0825
0 0.2025 0.46416666666666667 0.05875 0.08666666666666667
0 0.060625 0.5620833333333334 0.055 0.07916666666666666
0 0.068125 0.2225 0.0575 0.07833333333333334
0 0.8459375 0.2916666666666667 0.068125 0.08333333333333333
0 0.2603125 0.63 0.068125 0.08666666666666667
0 0.3728125 0.84625 0.064375 0.09416666666666666
0 0.3309375 0.37416666666666665 0.055625 0.08333333333333333
0 0.663125 0.5175 0.07125 0.10166666666666667
0 0.5971875 0.32 0.068125 0.09166666666666666
0 0.3446875 0.23416666666666666 0.061875 0.07833333333333334
0 0.5765625 0.06208333333333333 0.058125 0.08916666666666667
0 0.2465625 0.52625 0.058125 0.0775
0 0.7453125 0.4091666666666667 0.053125 0.07666666666666666
0 0.254375 0.715 0.05875 0.08333333333333333
0 0.79875 0.3516666666666667 0.0675 0.08333333333333333
0 0.5946875 0.41291666666666665 0.059375 0.07916666666666666
0 0.635625 0.8504166666666667 0.0575 0.08416666666666667
0 0.48 0.08583333333333333 0.0575 0.08
0 0.5440625 0.22791666666666666 0.068125 0.09416666666666666
0 0.929375 0.42125 0.055 0.07916666666666666
0 0.23625 0.15708333333333332 0.07 0.0825
0 0.6515625 0.7254166666666667 0.059375 0.07416666666666667
1 0.0646875 0.43083333333333335 0.076875 0.09
0 0.74875 0.09416666666666666 0.0625 0.07833333333333334
0 0.1853125 0.24041666666666667 0.058125 0.0825
0 0.4575 0.7466666666666667 0.06 0.085
0 0.584375 0.7033333333333334 0.04375 0.085
0 0.5040625 0.15583333333333332 0.059375 0.07333333333333333
0 0.25625 0.37083333333333335 0.06375 0.09
0 0.8609375 0.79 0.058125 0.08
0 0.3059375 0.5008333333333334 0.061875 0.07166666666666667
0 0.125 0.21125 0.05875 0.07916666666666666
0 0.329375 0.9258333333333333 0.0625 0.08
0 0.3615625 0.48833333333333334 0.045625 0.07333333333333333
0 0.4003125 0.10166666666666667 0.058125 0.08333333333333333
0 0.125 0.3475 0.05875 0.07666666666666666
0 0.6959375 0.44 0.056875 0.08666666666666667
0 0.9015625 0.30625 0.060625 0.08583333333333333
0 0.8646875 0.9379166666666666 0.053125 0.07083333333333333
0 0.970625 0.09875 0.05125 0.07416666666666667
0 0.715625 0.0525 0.0625 0.08666666666666667
0 0.7584375 0.7570833333333333 0.058125 0.0725
0 0.8653125 0.20708333333333334 0.050625 0.0725
0 0.428125 0.5579166666666666 0.05375 0.0775
0 0.1859375 0.8358333333333333 0.061875 0.07333333333333333
0 0.9234375 0.13791666666666666 0.065625 0.07583333333333334
0 0.4365625 0.9 0.063125 0.075
0 0.644375 0.42833333333333334 0.05375 0.085
0 0.0965625 0.6575 0.050625 0.06833333333333333
0 0.0575 0.30083333333333334 0.06375 0.07833333333333334
0 0.83625 0.86 0.06 0.06666666666666667
0 0.4921875 0.27416666666666667 0.063125 0.07666666666666666
0 0.91625 0.79625 0.04875 0.0775
0 0.9359375 0.6583333333333333 0.060625 0.07333333333333333
0 0.413125 0.4708333333333333 0.0525 0.07833333333333334
0 0.125625 0.4716666666666667 0.055 0.08
0 0.86875 0.08541666666666667 0.05625 0.0675
0 0.1128125 0.5575 0.050625 0.08166666666666667
0 0.9421875 0.5479166666666667 0.065625 0.0775
0 0.3446875 0.7679166666666667 0.049375 0.07083333333333333
0 0.724375 0.6941666666666667 0.0525 0.06666666666666667
0 0.574375 0.16041666666666668 0.06 0.0625
0 0.3140625 0.8220833333333334 0.054375 0.13083333333333333
0 0.3840625 0.7095833333333333 0.049375 0.06583333333333333
1 0.9296875 0.3275 0.071875 0.085
0 0.5053125 0.53125 0.053125 0.07083333333333333
0 0.5409375 0.4533333333333333 0.060625 0.07833333333333334
0 0.9009375 0.7170833333333333 0.045625 0.0675
0 0.626875 0.65875 0.05875 0.07916666666666666
0 0.91625 0.22583333333333333 0.05125 0.06833333333333333
0 0.02625 0.715 0.0525 0.08833333333333333
0 0.8590625 0.36083333333333334 0.055625 0.056666666666666664
0 0.40875 0.25875 0.0525 0.0675
0 0.5340625 0.09041666666666667 0.048125 0.07916666666666666
0 0.03625 0.3675 0.0525 0.058333333333333334
0 0.4725 0.4841666666666667 0.06375 0.1