0 0.4 0.4920833333333333 0.07 0.0875
0 0.5615625 0.485 0.058125 0.07333333333333333
0 0.2790625 0.5066666666666667 0.064375 0.07666666666666666
0 0.4540625 0.86375 0.059375 0.09083333333333334
0 0.586875 0.5529166666666666 0.06375 0.07416666666666667
0 0.775 0.18333333333333332 0.0575 0.07666666666666666
0 0.1665625 0.06666666666666667 0.064375 0.08166666666666667
0 0.3671875 0.19916666666666666 0.066875 0.09333333333333334
0 0.2909375 0.73 0.065625 0.08666666666666667
0 0.166875 0.27458333333333335 0.06375 0.08083333333333333
0 0.729375 0.06291666666666666 0.05875 0.07416666666666667
0 0.615625 0.35333333333333333 0.0725 0.09
0 0.3278125 0.059166666666666666 0.064375 0.1
0 0.65 0.8729166666666667 0.0575 0.0825
0 0.733125 0.51625 0.07125 0.08083333333333333
0 0.7721875 0.3908333333333333 0.071875 0.09666666666666666
0 0.1590625 0.74375 0.060625 0.10083333333333333
0 0.2296875 0.775 0.065625 0.09
0 0.44375 0.6795833333333333 0.06625 0.0875
0 0.4015625 0.6295833333333334 0.069375 0.09083333333333334
0 0.58 0.88875 0.06 0.09083333333333334
0 0.803125 0.5158333333333334 0.05875 0.095
0 0.605 0.18666666666666668 0.0725 0.08666666666666667
0 0.6928125 0.11333333333333333 0.066875 0.08833333333333333
0 0.3996875 0.38708333333333333 0.059375 0.09916666666666667
0 0.24625 0.37 0.065 0.075
0 0.4903125 0.3075 0.063125 0.1
0 0.6984375 0.22291666666666668 0.063125 0.09416666666666666
0 0.269375 0.04375 0.06875 0.0825
0 0.7225 0.27416666666666667 0.05125 0.08666666666666667
0 0.6503125 0.25 0.058125 0.085
0 0.3971875 0.89 0.059375 0.07666666666666666
0 0.360625 0.8370833333333333 0.07125 0.08583333333333333
0 0.385 0.095 0.06 0.07666666666666666
0 0.2796875 0.3333333333333333 0.076875 0.085
0 0.3615625 0.3125 0.050625 0.09833333333333333
0 0.59875 0.2575 0.055 0.07166666666666667
1 0.47625 0.72875 0.0875 0.1275