0 0.26875 0.49375 0.07875 0.09583333333333334
0 0.83 0.5429166666666667 0.07625 0.0825
0 0.5615625 0.5070833333333333 0.083125 0.09916666666666667
0 0.1390625 0.5116666666666667 0.075625 0.09666666666666666
0 0.9559375 0.37916666666666665 0.073125 0.09
0 0.7084375 0.57875 0.079375 0.0975
0 0.0415625 0.54125 0.075625 0.10916666666666666
0 0.4340625 0.7254166666666667 0.078125 0.1075
0 0.0503125 0.3779166666666667 0.085625 0.1075
0 0.80375 0.4345833333333333 0.0775 0.08916666666666667
0 0.8459375 0.8716666666666667 0.066875 0.105
0 0.675 0.2841666666666667 0.075 0.09666666666666666
0 0.5184375 0.4370833333333333 0.073125 0.09083333333333334
0 0.8003125 0.22666666666666666 0.076875 0.09166666666666666
0 0.185 0.195 0.0725 0.09666666666666666
0 0.23875 0.12916666666666668 0.07875 0.1
0 0.714375 0.75875 0.0725 0.10083333333333333
0 0.51625 0.6095833333333334 0.0775 0.09416666666666666
0 0.425625 0.8720833333333333 0.06875 0.09916666666666667
0 0.9115625 0.53375 0.068125 0.09416666666666666
0 0.310625 0.3408333333333333 0.0875 0.10333333333333333
0 0.60625 0.42333333333333334 0.0775 0.09333333333333334
0 0.5428125 0.8358333333333333 0.083125 0.10833333333333334
0 0.7959375 0.1325 0.075625 0.09166666666666666
0 0.266875 0.7133333333333334 0.08375 0.10333333333333333
0 0.9365625 0.7633333333333333 0.071875 0.105
0 0.631875 0.5591666666666667 0.07 0.08833333333333333
0 0.32 0.5729166666666666 0.09 0.09416666666666666
0 0.4103125 0.16958333333333334 0.073125 0.11083333333333334
0 0.05875 0.24333333333333335 0.075 0.10333333333333333
0 0.68 0.12833333333333333 0.09125 0.09333333333333334
0 0.61875 0.7570833333333333 0.08625 0.0875
0 0.6446875 0.72 0.074375 0.09166666666666666
0 0.7228125 0.8720833333333333 0.073125 0.10916666666666666
0 0.710625 0.3770833333333333 0.07375 0.08583333333333333
0 0.12375 0.8233333333333334 0.085 0.11
0 0.3090625 0.15333333333333332 0.081875 0.115
0 0.473125 0.1975 0.07875 0.08
0 0.883125 0.315 0.07625 0.095
1 0.183125 0.7616666666666667 0.10375 0.10166666666666667
1 0.78625 0.6125 0.10375 0.12333333333333334
0 0.3996875 0.4191666666666667 0.074375 0.105
0 0.594375 0.63125 0.0675 0.0975
0 0.4578125 0.2816666666666667 0.100625 0.09166666666666666
0 0.8846875 0.19125 0.073125 0.10916666666666666
0 0.49625 0.9045833333333333 0.07375 0.10083333333333333
0 0.9303125 0.85625 0.071875 0.09916666666666667
0 0.5046875 0.7745833333333333 0.080625 0.09583333333333334
0 0.5359375 0.09791666666666667 0.079375 0.0975
0 0.493125 0.3491666666666667 0.07375 0.105
0 0.853125 0.26666666666666666 0.0825 0.07666666666666666
0 0.5665625 0.3283333333333333 0.068125 0.09333333333333334
0 0.5465625 0.17625 0.096875 0.0925
0 0.81125 0.8904166666666666 0.0725 0.1225
0 0.919375 0.22666666666666666 0.0725 0.1
0 0.9275 0.9083333333333333 0.08 0.1
0 0.345 0.25458333333333333 0.07375 0.09416666666666666
0 0.194375 0.6254166666666666 0.11875 0.0975