0 0.2278125 0.65125 0.083125 0.11083333333333334
0 0.6803125 0.8958333333333334 0.094375 0.12666666666666668
0 0.9384375 0.5895833333333333 0.098125 0.13083333333333333
0 0.22 0.4895833333333333 0.08625 0.11583333333333333
0 0.7140625 0.33666666666666667 0.108125 0.14333333333333334
0 0.165625 0.2554166666666667 0.09625 0.1275
0 0.7678125 0.2891666666666667 0.094375 0.125
0 0.2659375 0.18583333333333332 0.104375 0.14
0 0.4696875 0.33708333333333335 0.093125 0.12416666666666666
0 0.084375 0.3104166666666667 0.08625 0.11583333333333333
0 0.19125 0.5829166666666666 0.10375 0.1375
0 0.4871875 0.5120833333333333 0.099375 0.1325
0 0.67 0.7491666666666666 0.0875 0.11666666666666667
0 0.2278125 0.29875 0.096875 0.12916666666666668
0 0.253125 0.4141666666666667 0.095 0.12666666666666668
0 0.05375 0.39958333333333335 0.09375 0.12416666666666666
0 0.59625 0.5933333333333334 0.0925 0.12333333333333334
0 0.398125 0.5308333333333334 0.10875 0.145
0 0.3303125 0.42083333333333334 0.089375 0.11833333333333333
0 0.58625 0.5020833333333333 0.08125 0.10916666666666666
0 0.8153125 0.56875 0.090625 0.12083333333333333
0 0.8746875 0.39375 0.105625 0.14083333333333334
0 0.4084375 0.44375 0.096875 0.12916666666666668
0 0.2846875 0.5020833333333333 0.096875 0.12916666666666668
0 0.248125 0.5866666666666667 0.07875 0.105
0 0.2840625 0.26916666666666667 0.096875 0.13
0 0.3228125 0.78125 0.098125 0.13083333333333333
0 0.3271875 0.33708333333333335 0.098125 0.13083333333333333
0 0.5603125 0.7554166666666666 0.111875 0.14916666666666667
0 0.92 0.6804166666666667 0.08125 0.1075
0 0.474375 0.7783333333333333 0.1 0.13333333333333333
0 0.4625 0.935 0.07875 0.105
0 0.5953125 0.8779166666666667 0.078125 0.10416666666666667
0 0.8121875 0.51125 0.078125 0.10416666666666667
0 0.781875 0.9116666666666666 0.105 0.14
0 0.4625 0.7129166666666666 0.09625 0.1275
0 0.3915625 0.38708333333333333 0.081875 0.10916666666666666
0 0.5459375 0.5241666666666667 0.081875 0.10833333333333334
0 0.39625 0.3375 0.08375 0.11166666666666666
1 0.4940625 0.8204166666666667 0.108125 0.14416666666666667
1 0.546875 0.9166666666666666 0.11 0.14666666666666667
0 0.308125 0.735 0.09 0.12
0 0.14375 0.6695833333333333 0.0875 0.11583333333333333