0 0.4134375 0.5220833333333333 0.111875 0.14916666666666667
0 0.4671875 0.13041666666666665 0.106875 0.1425
0 0.61875 0.6583333333333333 0.105 0.14
0 0.9103125 0.7079166666666666 0.096875 0.12916666666666668
0 0.463125 0.75375 0.115 0.1525
0 0.3953125 0.6441666666666667 0.104375 0.13833333333333334
0 0.209375 0.40291666666666665 0.11375 0.15083333333333335
0 0.8125 0.7783333333333333 0.11125 0.14833333333333334
0 0.2659375 0.6695833333333333 0.110625 0.1475
0 0.1584375 0.23583333333333334 0.110625 0.14666666666666667
0 0.3090625 0.15291666666666667 0.103125 0.1375
0 0.5484375 0.14541666666666667 0.089375 0.11916666666666667
0 0.69375 0.6441666666666667 0.10125 0.135
0 0.223125 0.16208333333333333 0.105 0.14083333333333334
0 0.0928125 0.59125 0.104375 0.13916666666666666
0 0.679375 0.51 0.10375 0.13833333333333334
0 0.5790625 0.8975 0.104375 0.13833333333333334
0 0.6871875 0.8320833333333333 0.099375 0.1325
0 0.28625 0.5854166666666667 0.11 0.14583333333333334
0 0.6196875 0.335 0.103125 0.13666666666666666
0 0.16625 0.10333333333333333 0.1025 0.13666666666666666
0 0.6553125 0.09416666666666666 0.099375 0.13166666666666665
0 0.1409375 0.4920833333333333 0.099375 0.1325
0 0.3490625 0.53625 0.103125 0.1375
0 0.52875 0.29333333333333333 0.11125 0.14833333333333334
0 0.4878125 0.28291666666666665 0.106875 0.1425