0 0.79875 0.42625 0.0575 0.08083333333333333
0 0.508125 0.9416666666666667 0.07125 0.09333333333333334
0 0.8771875 0.2658333333333333 0.066875 0.09
0 0.4221875 0.12291666666666666 0.073125 0.10583333333333333
0 0.110625 0.26958333333333334 0.07375 0.10583333333333333
0 0.6125 0.50375 0.075 0.10083333333333333
0 0.05875 0.6245833333333334 0.075 0.1075
0 0.2165625 0.46541666666666665 0.071875 0.09083333333333334
0 0.565 0.11416666666666667 0.07 0.09166666666666666
0 0.14125 0.5929166666666666 0.07125 0.11416666666666667
0 0.64 0.07708333333333334 0.065 0.0775
0 0.5003125 0.53875 0.066875 0.0975
0 0.099375 0.4866666666666667 0.07125 0.095
0 0.4571875 0.625 0.061875 0.08833333333333333
0 0.81875 0.81125 0.07125 0.09416666666666666
0 0.44375 0.87625 0.06375 0.0875
0 0.2740625 0.36625 0.076875 0.08916666666666667
0 0.6453125 0.26916666666666667 0.071875 0.08833333333333333
0 0.7059375 0.40958333333333335 0.064375 0.1025
0 0.6809375 0.16375 0.059375 0.08583333333333333
0 0.7503125 0.8583333333333333 0.060625 0.08333333333333333
0 0.1871875 0.36041666666666666 0.074375 0.09916666666666667
0 0.076875 0.1425 0.07 0.1
0 0.2928125 0.45125 0.063125 0.08083333333333333
0 0.2890625 0.5791666666666667 0.056875 0.08333333333333333
0 0.78625 0.7091666666666666 0.06375 0.08833333333333333
0 0.8634375 0.3725 0.070625 0.09833333333333333
0 0.939375 0.3854166666666667 0.06 0.07916666666666666
0 0.283125 0.056666666666666664 0.07375 0.09666666666666666
0 0.2203125 0.5616666666666666 0.066875 0.08333333333333333
0 0.628125 0.3745833333333333 0.0725 0.09583333333333334
0 0.37875 0.7808333333333334 0.075 0.09
0 0.7571875 0.14166666666666666 0.064375 0.08666666666666667
0 0.1753125 0.9329166666666666 0.074375 0.09416666666666666
0 0.35875 0.8741666666666666 0.07375 0.08666666666666667
0 0.8996875 0.685 0.063125 0.08166666666666667
0 0.3071875 0.21625 0.066875 0.08583333333333333
0 0.210625 0.13291666666666666 0.07375 0.07583333333333334
0 0.9084375 0.9270833333333334 0.076875 0.1075
0 0.6971875 0.6729166666666667 0.069375 0.09416666666666666
0 0.5025 0.305 0.07375 0.09666666666666666
0 0.7771875 0.05375 0.079375 0.08416666666666667
0 0.705625 0.7316666666666667 0.075 0.10333333333333333
0 0.616875 0.17416666666666666 0.0675 0.09333333333333334
0 0.0734375 0.82625 0.079375 0.11583333333333333
0 0.34875 0.6858333333333333 0.07875 0.10166666666666667
0 0.401875 0.9566666666666667 0.0725 0.085
0 0.1421875 0.04958333333333333 0.070625 0.0925
0 0.0403125 0.8029166666666666 0.078125 0.09916666666666667