0 0.311875 0.3358333333333333 0.06 0.08
0 0.626875 0.8770833333333333 0.07375 0.10083333333333333
0 0.1553125 0.84625 0.079375 0.09916666666666667
0 0.248125 0.83375 0.0725 0.09083333333333334
0 0.720625 0.11708333333333333 0.06875 0.09916666666666667
0 0.4578125 0.35 0.065625 0.08
0 0.7628125 0.8566666666666667 0.055625 0.08166666666666667
0 0.1721875 0.43333333333333335 0.071875 0.09166666666666666
0 0.543125 0.41625 0.06875 0.09416666666666666
0 0.27 0.29 0.06375 0.09
0 0.7478125 0.27625 0.060625 0.0925
0 0.456875 0.8641666666666666 0.0675 0.09833333333333333
0 0.1934375 0.25666666666666665 0.064375 0.08166666666666667
0 0.4875 0.27625 0.0625 0.08583333333333333
0 0.6409375 0.76625 0.061875 0.07583333333333334
0 0.225 0.5129166666666667 0.06375 0.08083333333333333
0 0.9240625 0.14791666666666667 0.074375 0.09416666666666666
0 0.4128125 0.23416666666666666 0.063125 0.08
0 0.1134375 0.4454166666666667 0.056875 0.08916666666666667
0 0.778125 0.17125 0.06375 0.0725
0 0.1803125 0.7233333333333334 0.069375 0.09166666666666666
0 0.6046875 0.5104166666666666 0.061875 0.0875
0 0.7403125 0.5016666666666667 0.064375 0.08833333333333333
0 0.24 0.7433333333333333 0.06125 0.08666666666666667
0 0.3565625 0.4979166666666667 0.058125 0.0775
0 0.1925 0.35291666666666666 0.07125 0.08583333333333333
0 0.2403125 0.17708333333333334 0.056875 0.0775
0 0.4353125 0.47708333333333336 0.065625 0.07916666666666666
0 0.6934375 0.7991666666666667 0.065625 0.08333333333333333
0 0.365 0.6525 0.07125 0.09166666666666666
0 0.1203125 0.3154166666666667 0.065625 0.07583333333333334
0 0.694375 0.7245833333333334 0.04875 0.0725
0 0.66375 0.6070833333333333 0.06 0.0725
0 0.773125 0.6929166666666666 0.06625 0.08916666666666667
0 0.2425 0.42625 0.06125 0.08083333333333333
0 0.1059375 0.9245833333333333 0.069375 0.08416666666666667
0 0.5140625 0.9083333333333333 0.059375 0.08666666666666667
0 0.774375 0.7683333333333333 0.065 0.085
0 0.5428125 0.7179166666666666 0.056875 0.08083333333333333
0 0.5475 0.3545833333333333 0.06625 0.0875
0 0.0659375 0.43875 0.056875 0.07416666666666667
0 0.3834375 0.32208333333333333 0.068125 0.0825
0 0.2928125 0.4575 0.063125 0.07833333333333334
0 0.5859375 0.72875 0.063125 0.08416666666666667
0 0.875 0.77625 0.05375 0.07416666666666667
0 0.07 0.5345833333333333 0.06 0.06916666666666667
0 0.90375 0.2529166666666667 0.06125 0.07583333333333334
0 0.6678125 0.4225 0.063125 0.08333333333333333
0 0.118125 0.7258333333333333 0.05875 0.07666666666666666
0 0.5696875 0.7875 0.078125 0.07
0 0.636875 0.6441666666666667 0.05625 0.105
0 0.3290625 0.6745833333333333 0.056875 0.06916666666666667
0 0.7771875 0.5941666666666666 0.053125 0.07
0 0.305 0.7979166666666667 0.05625 0.07083333333333333
0 0.7775 0.9391666666666667 0.0625 0.075
0 0.0759375 0.09708333333333333 0.063125 0.08083333333333333
0 0.3809375 0.84125 0.058125 0.07416666666666667
0 0.1046875 0.15416666666666667 0.059375 0.075
0 0.894375 0.6483333333333333 0.055 0.08333333333333333
0 0.4540625 0.6775 0.075625 0.075
0 0.9278125 0.36125 0.055625 0.1125
0 0.7246875 0.9566666666666667 0.060625 0.08
0 0.47625 0.18375 0.05625 0.07083333333333333
0 0.8475 0.49541666666666667 0.06375 0.0875
0 0.5575 0.51 0.05875 0.08166666666666667
0 0.6784375 0.48125 0.068125 0.08416666666666667
1 0.2959375 0.13 0.099375 0.095
0 0.4240625 0.7229166666666667 0.065625 0.0725
0 0.8490625 0.6445833333333333 0.055625 0.07583333333333334
0 0.835 0.3620833333333333 0.05375 0.06916666666666667
0 0.795 0.31416666666666665 0.04875 0.07166666666666667
0 0.786875 0.095 0.055 0.08166666666666667
1 0.0690625 0.2554166666666667 0.060625 0.16583333333333333
0 0.0471875 0.07791666666666666 0.066875 0.07416666666666667
0 0.133125 0.06416666666666666 0.05375 0.06833333333333333
0 0.838125 0.17458333333333334 0.0575 0.059166666666666666
0 0.031875 0.48125 0.055 0.07416666666666667
0 0.4059375 0.7866666666666666 0.061875 0.065
0 0.974375 0.715 0.04875 0.08166666666666667
0 0.7675 0.4275 0.04625 0.12666666666666668
0 0.436875 0.41583333333333333 0.06125 0.06833333333333333
0 0.61 0.6516666666666666 0.05625 0.07
0 0.465 0.9525 0.06125 0.09166666666666666
0 0.5503125 0.9545833333333333 0.065625 0.08083333333333333
0 0.9725 0.835 0.0475 0.08666666666666667
0 0.894375 0.48833333333333334 0.05 0.07666666666666666
0 0.971875 0.5358333333333334 0.05125 0.065
0 0.94375 0.44125 0.05125 0.0575
0 0.919375 0.5179166666666667 0.05375 0.0725
0 0.1021875 0.24458333333333335 0.050625 0.07416666666666667
0 0.82125 0.7245833333333334 0.07 0.08416666666666667
0 0.8428125 0.6954166666666667 0.056875 0.06416666666666666