0 0.779375 0.84875 0.09125 0.1225
0 0.3646875 0.8904166666666666 0.096875 0.12916666666666668
0 0.610625 0.33208333333333334 0.10625 0.1425
0 0.13125 0.32208333333333333 0.09875 0.13083333333333333
0 0.30125 0.6433333333333333 0.09125 0.12166666666666667
0 0.28875 0.10833333333333334 0.09375 0.125
0 0.5140625 0.42791666666666667 0.099375 0.1325
0 0.373125 0.6283333333333333 0.08625 0.115
0 0.408125 0.23875 0.09625 0.12916666666666668
0 0.1003125 0.24125 0.083125 0.11083333333333334
0 0.3478125 0.7979166666666667 0.078125 0.10416666666666667
0 0.153125 0.5708333333333333 0.0925 0.12333333333333334
0 0.45875 0.5825 0.0875 0.11666666666666667
0 0.6759375 0.31583333333333335 0.091875 0.12166666666666667
0 0.625625 0.555 0.08625 0.115
0 0.8840625 0.78875 0.094375 0.12583333333333332
0 0.2603125 0.5595833333333333 0.090625 0.12083333333333333
0 0.8515625 0.8404166666666667 0.096875 0.12916666666666668
0 0.593125 0.6275 0.0875 0.11666666666666667
0 0.4653125 0.6970833333333334 0.090625 0.12083333333333333
0 0.5015625 0.18875 0.095625 0.1275
0 0.1896875 0.19541666666666666 0.098125 0.13083333333333333
0 0.853125 0.36666666666666664 0.09375 0.125
0 0.824375 0.7833333333333333 0.08125 0.10833333333333334
0 0.93875 0.6145833333333334 0.09625 0.1275
0 0.5440625 0.305 0.090625 0.12
0 0.8090625 0.56125 0.083125 0.11083333333333334
0 0.5546875 0.9266666666666666 0.080625 0.10833333333333334
0 0.3228125 0.44625 0.105625 0.14083333333333334
0 0.610625 0.8866666666666667 0.09 0.12
0 0.638125 0.15416666666666667 0.095 0.12666666666666668
0 0.55125 0.5929166666666666 0.09375 0.12583333333333332
0 0.7690625 0.7391666666666666 0.103125 0.13833333333333334
0 0.5625 0.5058333333333334 0.0925 0.12333333333333334
0 0.25 0.24375 0.085 0.11416666666666667
0 0.661875 0.6358333333333334 0.105 0.14
0 0.345 0.295 0.08875 0.11833333333333333
0 0.450625 0.9266666666666666 0.085 0.11333333333333333
0 0.9234375 0.4708333333333333 0.085625 0.115
0 0.875 0.6708333333333333 0.11375 0.15166666666666667
0 0.3278125 0.2529166666666667 0.105625 0.14083333333333334
0 0.125625 0.17333333333333334 0.09125 0.12166666666666667
0 0.203125 0.4979166666666667 0.09375 0.12583333333333332
0 0.596875 0.21708333333333332 0.09375 0.12416666666666666
0 0.1990625 0.6820833333333334 0.098125 0.13083333333333333
0 0.2775 0.78 0.095 0.12666666666666668
0 0.1025 0.4429166666666667 0.095 0.12583333333333332
0 0.7609375 0.38625 0.086875 0.11583333333333333
0 0.6221875 0.45 0.099375 0.13333333333333333
0 0.47875 0.8295833333333333 0.10625 0.1425
0 0.6575 0.75125 0.10125 0.13583333333333333
0 0.6746875 0.8595833333333334 0.098125 0.13083333333333333
0 0.3634375 0.5183333333333333 0.080625 0.10833333333333334
0 0.2371875 0.6541666666666667 0.083125 0.11
0 0.5640625 0.11166666666666666 0.088125 0.11666666666666667
0 0.788125 0.6845833333333333 0.0975 0.13083333333333333
0 0.699375 0.7216666666666667 0.085 0.11333333333333333
0 0.7840625 0.3070833333333333 0.093125 0.12416666666666666
0 0.838125 0.4583333333333333 0.0825 0.11
0 0.558125 0.7941666666666667 0.09625 0.12833333333333333
0 0.894375 0.4375 0.09125 0.12166666666666667
0 0.745625 0.17625 0.08625 0.11583333333333333
0 0.443125 0.8358333333333333 0.1075 0.14333333333333334
0 0.405625 0.35041666666666665 0.0825 0.11083333333333334
0 0.3371875 0.72375 0.084375 0.1125
0 0.59625 0.7375 0.09625 0.12833333333333333
0 0.48625 0.5383333333333333 0.09625 0.12833333333333333
0 0.27125 0.365 0.075 0.1
0 0.3990625 0.7858333333333334 0.103125 0.13666666666666666
0 0.4525 0.49 0.07875 0.105
0 0.0534375 0.5429166666666667 0.094375 0.12583333333333332
0 0.2325 0.4816666666666667 0.08875 0.11833333333333333
0 0.2171875 0.30625 0.108125 0.14416666666666667
1 0.409375 0.45125 0.0875 0.1175
0 0.23375 0.3275 0.08625 0.115
0 0.344375 0.40708333333333335 0.08625 0.11583333333333333
0 0.295 0.36666666666666664 0.08875 0.11833333333333333
0 0.3915625 0.5329166666666667 0.078125 0.10416666666666667
0 0.1015625 0.47541666666666665 0.088125 0.1175
0 0.8740625 0.6995833333333333 0.084375 0.1125
0 0.8253125 0.5270833333333333 0.091875 0.1225
0 0.7740625 0.27208333333333334 0.079375 0.10583333333333333
0 0.6509375 0.18041666666666667 0.093125 0.12416666666666666
0 0.541875 0.14416666666666667 0.08375 0.11166666666666666
0 0.76875 0.42291666666666666 0.0875 0.1175
0 0.5496875 0.26208333333333333 0.080625 0.1075
0 0.4746875 0.6 0.086875 0.115
0 0.305 0.72125 0.08 0.1075
0 0.23625 0.6875 0.075 0.1
0 0.30875 0.8116666666666666 0.0875 0.11666666666666667
0 0.651875 0.8933333333333333 0.09375 0.125
0 0.8815625 0.6220833333333333 0.083125 0.11083333333333334
0 0.8403125 0.35333333333333333 0.076875 0.10166666666666667
0 0.2184375 0.16291666666666665 0.085625 0.11416666666666667