0 0.328125 0.38208333333333333 0.07375 0.10083333333333333
0 0.25625 0.47208333333333335 0.06375 0.10416666666666667
0 0.7959375 0.8858333333333334 0.053125 0.07333333333333333
1 0.2475 0.18916666666666668 0.09375 0.12333333333333334
0 0.4625 0.13458333333333333 0.06875 0.09416666666666666
0 0.8159375 0.3754166666666667 0.071875 0.1025
0 0.420625 0.6033333333333334 0.0775 0.11
0 0.3846875 0.19333333333333333 0.076875 0.10666666666666667
0 0.1978125 0.08791666666666667 0.076875 0.1075
0 0.3559375 0.78375 0.078125 0.1075
0 0.2021875 0.57 0.089375 0.10666666666666667
0 0.6896875 0.37125 0.076875 0.10416666666666667
0 0.778125 0.6283333333333333 0.065 0.08666666666666667
0 0.1734375 0.8916666666666667 0.073125 0.09833333333333333
0 0.835625 0.20875 0.0725 0.10083333333333333
0 0.6034375 0.7579166666666667 0.068125 0.09416666666666666
0 0.3721875 0.86625 0.074375 0.1075
0 0.3209375 0.2633333333333333 0.074375 0.105
0 0.244375 0.835 0.07 0.09833333333333333
0 0.470625 0.33916666666666667 0.0625 0.09
0 0.4865625 0.50375 0.078125 0.11583333333333333
0 0.526875 0.76875 0.0775 0.10083333333333333
0 0.53375 0.85625 0.08 0.11416666666666667
0 0.5809375 0.32375 0.080625 0.1125
0 0.210625 0.76875 0.06875 0.09916666666666667
0 0.7303125 0.23375 0.081875 0.08916666666666667
0 0.8190625 0.7041666666666667 0.066875 0.10666666666666667
0 0.715625 0.15666666666666668 0.07375 0.09166666666666666
0 0.1771875 0.3254166666666667 0.079375 0.0975
0 0.431875 0.9391666666666667 0.065 0.08166666666666667
0 0.8425 0.7383333333333333 0.0575 0.07333333333333333
0 0.5265625 0.515 0.069375 0.09833333333333333