0 0.1084375 0.8833333333333333 0.081875 0.09166666666666666
0 0.183125 0.42583333333333334 0.08125 0.11
0 0.844375 0.5383333333333333 0.07125 0.09333333333333334
0 0.879375 0.17375 0.0575 0.07583333333333334
0 0.17125 0.5770833333333333 0.07875 0.10083333333333333
0 0.455625 0.6345833333333334 0.065 0.1025
0 0.2840625 0.7791666666666667 0.061875 0.095
0 0.5125 0.23041666666666666 0.075 0.08916666666666667
0 0.6109375 0.4033333333333333 0.065625 0.11
0 0.3275 0.55625 0.07375 0.09916666666666667
0 0.1103125 0.465 0.074375 0.1
0 0.8265625 0.25875 0.075625 0.10583333333333333
0 0.6196875 0.8991666666666667 0.068125 0.085
0 0.9546875 0.19083333333333333 0.069375 0.1
0 0.73625 0.6320833333333333 0.06375 0.08416666666666667
0 0.7575 0.5466666666666666 0.0725 0.09666666666666666
0 0.4690625 0.94125 0.079375 0.1075
0 0.218125 0.9083333333333333 0.08 0.10833333333333334
0 0.6784375 0.8358333333333333 0.068125 0.10833333333333334
0 0.471875 0.43041666666666667 0.07125 0.09083333333333334
0 0.3915625 0.5033333333333333 0.075625 0.10166666666666667
0 0.7234375 0.4266666666666667 0.095625 0.10333333333333333
0 0.038125 0.17916666666666667 0.075 0.10666666666666667
0 0.6046875 0.55125 0.078125 0.0975
0 0.1471875 0.685 0.069375 0.09
0 0.51125 0.13541666666666666 0.07625 0.09916666666666667
0 0.279375 0.6545833333333333 0.08125 0.0925
0 0.0878125 0.55875 0.074375 0.09916666666666667
0 0.3884375 0.7075 0.073125 0.10833333333333334
0 0.3128125 0.38 0.073125 0.10166666666666667
0 0.8203125 0.8075 0.075625 0.10833333333333334
0 0.1909375 0.8654166666666666 0.073125 0.1025
0 0.1884375 0.26958333333333334 0.078125 0.11083333333333334
0 0.693125 0.19708333333333333 0.08125 0.10416666666666667
0 0.5396875 0.3983333333333333 0.070625 0.1
0 0.169375 0.7679166666666667 0.0725 0.08583333333333333
0 0.2678125 0.09708333333333333 0.069375 0.08916666666666667
0 0.77125 0.17791666666666667 0.0875 0.08416666666666667
0 0.9271875 0.5608333333333333 0.074375 0.1
0 0.3409375 0.2991666666666667 0.069375 0.08833333333333333
0 0.2875 0.48 0.07375 0.09833333333333333
0 0.11625 0.21291666666666667 0.07375 0.0975
0 0.0453125 0.6625 0.076875 0.1
0 0.180625 0.07833333333333334 0.06375 0.09666666666666666
0 0.8753125 0.3616666666666667 0.075625 0.09166666666666666
0 0.48375 0.76125 0.07875 0.0975
0 0.9175 0.45416666666666666 0.07625 0.09833333333333333
0 0.31375 0.18666666666666668 0.07375 0.09833333333333333
0 0.6728125 0.5533333333333333 0.056875 0.08666666666666667
0 0.725 0.30583333333333335 0.08125 0.09666666666666666
1 0.631875 0.7475 0.07375 0.10333333333333333
0 0.0434375 0.7704166666666666 0.074375 0.10416666666666667
0 0.4259375 0.18333333333333332 0.055625 0.095
0 0.8240625 0.11541666666666667 0.075625 0.09916666666666667
0 0.8 0.3625 0.07375 0.09333333333333334
0 0.5996875 0.22166666666666668 0.088125 0.1
0 0.5565625 0.7520833333333333 0.063125 0.12416666666666666
0 0.6065625 0.6429166666666667 0.056875 0.1125