0 0.6253125 0.3908333333333333 0.064375 0.08666666666666667
0 0.4378125 0.69625 0.079375 0.11083333333333334
0 0.6784375 0.8979166666666667 0.060625 0.09083333333333334
0 0.5484375 0.3958333333333333 0.083125 0.1
0 0.3384375 0.1575 0.066875 0.08666666666666667
0 0.5046875 0.68 0.063125 0.09333333333333334
0 0.5140625 0.94 0.068125 0.09333333333333334
0 0.3565625 0.8383333333333334 0.066875 0.08666666666666667
0 0.4975 0.8075 0.0725 0.1
0 0.5590625 0.59 0.071875 0.09833333333333333
0 0.585625 0.15791666666666668 0.07875 0.10583333333333333
0 0.618125 0.5475 0.0675 0.08666666666666667
0 0.3959375 0.10333333333333333 0.074375 0.10833333333333334
0 0.5065625 0.115 0.078125 0.09666666666666666
0 0.5884375 0.8583333333333333 0.075625 0.09833333333333333
0 0.515 0.5075 0.065 0.095
0 0.2171875 0.23416666666666666 0.075625 0.105
0 0.4825 0.43666666666666665 0.06625 0.105
0 0.695625 0.73375 0.07125 0.10083333333333333
0 0.2696875 0.7445833333333334 0.080625 0.10916666666666666
0 0.3328125 0.050416666666666665 0.055625 0.06583333333333333
0 0.2546875 0.4175 0.078125 0.11
0 0.5203125 0.76875 0.068125 0.0925
0 0.71125 0.40458333333333335 0.07625 0.09083333333333334
0 0.4765625 0.20625 0.058125 0.09083333333333334
0 0.7921875 0.42125 0.059375 0.0775
0 0.81625 0.8820833333333333 0.05625 0.0825
0 0.3178125 0.35791666666666666 0.064375 0.09583333333333334
0 0.6746875 0.46416666666666667 0.061875 0.08333333333333333
0 0.1890625 0.7875 0.064375 0.08666666666666667
0 0.2553125 0.7283333333333334 0.065625 0.08666666666666667
0 0.166875 0.7070833333333333 0.07 0.0875
0 0.535625 0.2504166666666667 0.07625 0.1025
0 0.7459375 0.8616666666666667 0.068125 0.10333333333333333
0 0.66 0.058333333333333334 0.08125 0.11666666666666667
0 0.6825 0.81375 0.05875 0.08916666666666667
0 0.4221875 0.19666666666666666 0.069375 0.085
0 0.1759375 0.4483333333333333 0.059375 0.09333333333333334
0 0.24125 0.35 0.05625 0.07
0 0.2959375 0.2629166666666667 0.074375 0.0875
0 0.7353125 0.08666666666666667 0.071875 0.11166666666666666
0 0.2184375 0.08541666666666667 0.065625 0.0925
0 0.2321875 0.5583333333333333 0.073125 0.09333333333333334
0 0.4090625 0.48041666666666666 0.060625 0.1075
0 0.479375 0.58625 0.07375 0.08083333333333333
0 0.744375 0.8154166666666667 0.07 0.0975
0 0.1984375 0.6208333333333333 0.066875 0.115
0 0.243125 0.10875 0.0725 0.07916666666666666
0 0.30125 0.8841666666666667 0.06125 0.07166666666666667
0 0.3971875 0.9491666666666667 0.063125 0.08333333333333333
0 0.3434375 0.9325 0.063125 0.07833333333333334
1 0.4584375 0.5325 0.063125 0.12833333333333333
0 0.2440625 0.30041666666666667 0.068125 0.08416666666666667
0 0.323125 0.23416666666666666 0.06375 0.10166666666666667
0 0.77 0.49291666666666667 0.06 0.10416666666666667
0 0.786875 0.5975 0.06375 0.08
0 0.27625 0.035 0.06 0.07
0 0.2740625 0.06625 0.074375 0.08583333333333333
0 0.538125 0.19916666666666666 0.07125 0.09333333333333334