0 0.489375 0.9054166666666666 0.09375 0.12583333333333332
0 0.7021875 0.25416666666666665 0.105625 0.14
0 0.7084375 0.90875 0.096875 0.12916666666666668
0 0.7134375 0.15458333333333332 0.105625 0.14083333333333334
0 0.5853125 0.22708333333333333 0.110625 0.1475
0 0.7171875 0.8016666666666666 0.109375 0.145
0 0.765 0.7316666666666667 0.10125 0.135
0 0.744375 0.37666666666666665 0.1175 0.15666666666666668
0 0.6871875 0.7020833333333333 0.103125 0.1375
0 0.3159375 0.8070833333333334 0.100625 0.13416666666666666
0 0.88 0.8116666666666666 0.105 0.14
0 0.5025 0.25875 0.11625 0.15583333333333332
0 0.358125 0.16541666666666666 0.10625 0.1425
0 0.5553125 0.8766666666666667 0.109375 0.145
0 0.620625 0.9125 0.09625 0.12833333333333333
0 0.6328125 0.6345833333333334 0.111875 0.14916666666666667
0 0.8084375 0.655 0.103125 0.13666666666666666
0 0.61625 0.30791666666666667 0.09125 0.1225
0 0.5290625 0.11125 0.091875 0.1225
0 0.593125 0.7216666666666667 0.11125 0.14833333333333334
0 0.8328125 0.74125 0.106875 0.1425
0 0.2453125 0.18458333333333332 0.115625 0.15416666666666667
0 0.8084375 0.4266666666666667 0.103125 0.13833333333333334
0 0.843125 0.8654166666666666 0.08375 0.11083333333333334
0 0.105625 0.5304166666666666 0.1 0.1325
0 0.5309375 0.3720833333333333 0.104375 0.13916666666666666
0 0.3734375 0.8320833333333333 0.108125 0.14416666666666667
0 0.5778125 0.35375 0.099375 0.1325
0 0.119375 0.2808333333333333 0.10875 0.145
0 0.2675 0.30291666666666667 0.1025 0.13583333333333333
0 0.185 0.4266666666666667 0.10875 0.145
0 0.23375 0.7179166666666666 0.08 0.1075
0 0.625625 0.20333333333333334 0.10875 0.145
0 0.4159375 0.27666666666666667 0.094375 0.125
0 0.779375 0.5575 0.1025 0.13666666666666666
0 0.5059375 0.33375 0.103125 0.1375
0 0.33375 0.25666666666666665 0.09625 0.12833333333333333
1 0.0946875 0.3770833333333333 0.108125 0.14416666666666667
0 0.468125 0.7891666666666667 0.10375 0.13833333333333334
0 0.7609375 0.94875 0.075625 0.10083333333333333
0 0.055 0.24583333333333332 0.105 0.14
0 0.2346875 0.3879166666666667 0.101875 0.13583333333333333
0 0.8740625 0.60875 0.103125 0.1375
0 0.298125 0.16166666666666665 0.085 0.11333333333333333
0 0.911875 0.6670833333333334 0.0775 0.10416666666666667
1 0.845625 0.5733333333333334 0.11625 0.155
1 0.4375 0.4041666666666667 0.14 0.18666666666666668
0 0.5090625 0.17708333333333334 0.084375 0.1125
0 0.95 0.5254166666666666 0.0925 0.1225
0 0.918125 0.5016666666666667 0.09625 0.12833333333333333
0 0.89 0.48833333333333334 0.09125 0.12166666666666667
0 0.8659375 0.45375 0.098125 0.13083333333333333
0 0.700625 0.5341666666666667 0.08125 0.10833333333333334
0 0.4159375 0.8354166666666667 0.098125 0.13083333333333333
0 0.38625 0.9066666666666666 0.085 0.11333333333333333
0 0.4665625 0.8533333333333334 0.096875 0.13
0 0.6640625 0.40958333333333335 0.088125 0.1175
0 0.7146875 0.46166666666666667 0.093125 0.125
0 0.7634375 0.5225 0.091875 0.12333333333333334
0 0.7434375 0.4666666666666667 0.088125 0.11833333333333333
0 0.576875 0.13 0.08125 0.10833333333333334
0 0.3990625 0.25375 0.104375 0.13916666666666666
0 0.7021875 0.42083333333333334 0.090625 0.12166666666666667
0 0.1728125 0.21041666666666667 0.096875 0.12916666666666668