0 0.2871875 0.6466666666666666 0.118125 0.15833333333333333
0 0.3553125 0.7541666666666667 0.109375 0.14666666666666667
0 0.0815625 0.29625 0.106875 0.1425
0 0.1575 0.625 0.1025 0.13666666666666666
0 0.6975 0.8041666666666667 0.09375 0.125
0 0.8325 0.4875 0.11375 0.15166666666666667
0 0.373125 0.2866666666666667 0.09 0.12
0 0.6575 0.30583333333333335 0.11 0.14666666666666667
0 0.1971875 0.22041666666666668 0.100625 0.13416666666666666
0 0.6603125 0.41833333333333333 0.101875 0.135
0 0.1978125 0.50375 0.103125 0.1375
0 0.5965625 0.48375 0.091875 0.1225
0 0.8546875 0.57625 0.096875 0.12916666666666668
0 0.5228125 0.42291666666666666 0.110625 0.1475
0 0.3675 0.20083333333333334 0.105 0.14
0 0.588125 0.6433333333333333 0.10875 0.145
0 0.3040625 0.19083333333333333 0.111875 0.14833333333333334
0 0.874375 0.4225 0.10625 0.14166666666666666
0 0.1428125 0.2520833333333333 0.088125 0.1175
0 0.134375 0.4816666666666667 0.0925 0.12333333333333334
1 0.4671875 0.8291666666666667 0.116875 0.155
0 0.9196875 0.5766666666666667 0.075625 0.1
0 0.4528125 0.7045833333333333 0.111875 0.14916666666666667
0 0.6296875 0.67375 0.109375 0.14583333333333334
0 0.0675 0.4875 0.10625 0.14166666666666666
0 0.305625 0.255 0.10875 0.145
0 0.2265625 0.13125 0.113125 0.15083333333333335
0 0.4140625 0.7975 0.090625 0.12