0 0.4434375 0.7316666666666667 0.076875 0.1
0 0.584375 0.8 0.0625 0.085
0 0.514375 0.1525 0.0625 0.09
0 0.4903125 0.3595833333333333 0.074375 0.09583333333333334
0 0.5078125 0.44958333333333333 0.078125 0.1025
0 0.466875 0.23708333333333334 0.08 0.10083333333333333
0 0.3459375 0.6675 0.073125 0.09833333333333333
0 0.7465625 0.36041666666666666 0.078125 0.0825
0 0.575 0.8895833333333333 0.08 0.0975
0 0.596875 0.2525 0.06625 0.09166666666666666
0 0.5590625 0.52625 0.079375 0.10083333333333333
0 0.7671875 0.4554166666666667 0.076875 0.1025
0 0.545625 0.72625 0.0675 0.09916666666666667
0 0.4940625 0.8579166666666667 0.075625 0.10416666666666667
0 0.6290625 0.39125 0.070625 0.0925
0 0.5471875 0.6316666666666667 0.074375 0.1
0 0.375625 0.27666666666666667 0.07375 0.09333333333333334
0 0.5146875 0.75875 0.068125 0.1025
0 0.19 0.10875 0.08 0.0925
0 0.585625 0.12375 0.07625 0.09916666666666667
0 0.4134375 0.48625 0.075625 0.10083333333333333
0 0.5328125 0.33708333333333335 0.086875 0.11083333333333334
0 0.5246875 0.92 0.055625 0.09333333333333334
1 0.7325 0.058333333333333334 0.08625 0.115
0 0.7978125 0.41458333333333336 0.070625 0.09583333333333334
0 0.42125 0.89875 0.07625 0.09916666666666667
0 0.666875 0.6158333333333333 0.06875 0.08833333333333333
0 0.47125 0.6525 0.06625 0.085
0 0.323125 0.5741666666666667 0.075 0.1
0 0.6803125 0.17291666666666666 0.055625 0.07916666666666666
0 0.553125 0.22708333333333333 0.08 0.10583333333333333
0 0.343125 0.7570833333333333 0.0675 0.0825
1 0.64125 0.09666666666666666 0.04375 0.13
1 0.373125 0.15708333333333332 0.09625 0.0875
1 0.2059375 0.2520833333333333 0.078125 0.16083333333333333
1 0.2228125 0.9129166666666667 0.084375 0.08416666666666667
1 0.3890625 0.59 0.061875 0.12666666666666668
1 0.3259375 0.8904166666666666 0.066875 0.0825
1 0.4084375 0.8166666666666667 0.086875 0.09833333333333333
0 0.834375 0.6879166666666666 0.06375 0.0875
1 0.8015625 0.8816666666666667 0.105625 0.12166666666666667
0 0.7753125 0.62125 0.069375 0.07416666666666667
0 0.720625 0.69 0.0675 0.08333333333333333
0 0.6878125 0.9016666666666666 0.075625 0.07666666666666666
0 0.6525 0.6970833333333334 0.06625 0.08083333333333333
0 0.6603125 0.4454166666666667 0.064375 0.0875
0 0.6303125 0.5229166666666667 0.060625 0.0925
0 0.6015625 0.35541666666666666 0.061875 0.08583333333333333
0 0.6215625 0.47333333333333333 0.066875 0.08833333333333333
0 0.6771875 0.5525 0.060625 0.09166666666666666
0 0.6921875 0.48375 0.068125 0.09583333333333334
0 0.4653125 0.05125 0.061875 0.08916666666666667
0 0.3753125 0.0875 0.065625 0.08333333333333333
0 0.40375 0.34958333333333336 0.06375 0.0875
0 0.426875 0.14958333333333335 0.0575 0.0875
0 0.460625 0.10791666666666666 0.06 0.07916666666666666
0 0.3375 0.825 0.0575 0.07333333333333333
0 0.343125 0.9329166666666666 0.0625 0.0925
0 0.6796875 0.09458333333333334 0.063125 0.0975
0 0.6165625 0.92125 0.069375 0.0875
0 0.4840625 0.5975 0.066875 0.07666666666666666
0 0.4603125 0.5366666666666666 0.068125 0.08666666666666667
0 0.2475 0.20583333333333334 0.06125 0.09666666666666666
0 0.2328125 0.16875 0.061875 0.08916666666666667
0 0.6084375 0.68625 0.066875 0.08083333333333333
0 0.6271875 0.60875 0.066875 0.1025
0 0.4090625 0.05708333333333333 0.069375 0.09416666666666666
0 0.2996875 0.21583333333333332 0.064375 0.07666666666666666
0 0.30625 0.25666666666666665 0.075 0.08666666666666667
1 0.5978125 0.0725 0.053125 0.10333333333333333