0 0.29 0.55875 0.065 0.08916666666666667
0 0.25125 0.8145833333333333 0.06125 0.08083333333333333
0 0.08 0.30083333333333334 0.06625 0.09166666666666666
0 0.86 0.3475 0.05875 0.08666666666666667
0 0.5815625 0.3375 0.058125 0.095
0 0.473125 0.5995833333333334 0.06125 0.09916666666666667
0 0.5040625 0.83875 0.071875 0.10583333333333333
0 0.6984375 0.34958333333333336 0.073125 0.09583333333333334
0 0.939375 0.4816666666666667 0.07625 0.10666666666666667
0 0.3190625 0.20875 0.063125 0.08916666666666667
0 0.790625 0.73375 0.065 0.09583333333333334
0 0.8640625 0.72625 0.063125 0.08416666666666667
1 0.5925 0.18791666666666668 0.0675 0.1025
0 0.8425 0.15958333333333333 0.0675 0.1075
0 0.7834375 0.635 0.066875 0.1
0 0.0446875 0.13916666666666666 0.063125 0.085
0 0.088125 0.7925 0.0725 0.10333333333333333
0 0.8028125 0.85875 0.068125 0.10416666666666667
0 0.66625 0.5391666666666667 0.0675 0.085
0 0.6690625 0.17916666666666667 0.058125 0.095
0 0.811875 0.51375 0.06375 0.08916666666666667
0 0.138125 0.15625 0.07125 0.09083333333333334
0 0.4140625 0.5054166666666666 0.065625 0.09083333333333334
0 0.1721875 0.3983333333333333 0.073125 0.09166666666666666
0 0.5178125 0.12958333333333333 0.061875 0.0875
0 0.265625 0.6441666666666667 0.0725 0.09
0 0.6271875 0.43291666666666667 0.065625 0.10083333333333333
0 0.4078125 0.6079166666666667 0.068125 0.10083333333333333
0 0.7359375 0.15041666666666667 0.065625 0.08083333333333333
0 0.1728125 0.8575 0.076875 0.085
0 0.3603125 0.12541666666666668 0.069375 0.0775
1 0.9525 0.10333333333333333 0.07125 0.115
0 0.841875 0.63875 0.0625 0.0925
0 0.189375 0.5616666666666666 0.07125 0.08833333333333333
0 0.3859375 0.40625 0.071875 0.0875
0 0.776875 0.26 0.055 0.085
0 0.80125 0.1925 0.05375 0.08
0 0.6540625 0.8433333333333334 0.071875 0.09
0 0.0346875 0.675 0.064375 0.09666666666666666
0 0.185 0.22416666666666665 0.08 0.07666666666666666
0 0.563125 0.09291666666666666 0.0625 0.08416666666666667
0 0.886875 0.12041666666666667 0.0675 0.0925
0 0.375 0.34208333333333335 0.055 0.07083333333333333