0 0.819375 0.6691666666666667 0.0725 0.08
0 0.3215625 0.5283333333333333 0.073125 0.09
0 0.825 0.5670833333333334 0.06 0.07916666666666666
0 0.7459375 0.10041666666666667 0.064375 0.09416666666666666
0 0.62875 0.7370833333333333 0.075 0.09083333333333334
0 0.6478125 0.18625 0.071875 0.0775
0 0.4234375 0.7695833333333333 0.074375 0.10416666666666667
0 0.806875 0.31666666666666665 0.0675 0.09333333333333334
0 0.82125 0.8129166666666666 0.07625 0.07916666666666666
0 0.510625 0.3975 0.07125 0.09166666666666666
0 0.3378125 0.32 0.069375 0.085
0 0.21125 0.9358333333333333 0.0625 0.08833333333333333
0 0.77 0.46166666666666667 0.08 0.07833333333333334
0 0.4921875 0.2975 0.071875 0.08833333333333333
0 0.5540625 0.2529166666666667 0.081875 0.11083333333333334
0 0.8225 0.89875 0.06875 0.08083333333333333
0 0.705625 0.91875 0.07375 0.08916666666666667
0 0.509375 0.8958333333333334 0.07 0.09166666666666666
0 0.335625 0.76375 0.0775 0.10416666666666667
0 0.29375 0.8645833333333334 0.0725 0.0925
0 0.3828125 0.12208333333333334 0.085625 0.08083333333333333
0 0.6315625 0.24541666666666667 0.081875 0.0825
0 0.226875 0.375 0.07125 0.08833333333333333
0 0.285 0.38666666666666666 0.06875 0.085
0 0.3096875 0.11416666666666667 0.071875 0.08166666666666667
0 0.5575 0.4504166666666667 0.07625 0.08416666666666667
0 0.3690625 0.9016666666666666 0.060625 0.08666666666666667
0 0.65375 0.6529166666666667 0.07125 0.08916666666666667
0 0.2309375 0.25625 0.070625 0.0925
0 0.690625 0.26958333333333334 0.07 0.08416666666666667
0 0.265 0.5904166666666667 0.06125 0.08583333333333333
1 0.2178125 0.60875 0.078125 0.11916666666666667
0 0.570625 0.4875 0.07875 0.075
0 0.1665625 0.53875 0.059375 0.09083333333333334
1 0.3959375 0.06625 0.091875 0.09916666666666667