0 0.174375 0.14541666666666667 0.06625 0.09083333333333334
0 0.37625 0.5170833333333333 0.07375 0.09416666666666666
0 0.3725 0.30416666666666664 0.06625 0.1
0 0.6046875 0.8920833333333333 0.070625 0.0925
0 0.814375 0.69625 0.06 0.08916666666666667
0 0.7046875 0.36875 0.060625 0.0825
0 0.748125 0.44333333333333336 0.07125 0.09
0 0.67375 0.27458333333333335 0.06375 0.09083333333333334
0 0.3553125 0.6258333333333334 0.070625 0.08666666666666667
0 0.1953125 0.2941666666666667 0.074375 0.1
0 0.4059375 0.7145833333333333 0.063125 0.09416666666666666
0 0.203125 0.9375 0.07 0.09
0 0.8065625 0.11416666666666667 0.078125 0.09833333333333333
0 0.784375 0.23375 0.0625 0.07916666666666666
0 0.3503125 0.8066666666666666 0.071875 0.095
0 0.743125 0.30083333333333334 0.06375 0.08333333333333333
0 0.2865625 0.5404166666666667 0.075625 0.10083333333333333
0 0.574375 0.7916666666666666 0.08 0.1
0 0.8153125 0.8691666666666666 0.070625 0.09833333333333333
0 0.308125 0.71375 0.07875 0.1025
0 0.2184375 0.69125 0.069375 0.09083333333333334
0 0.2759375 0.36541666666666667 0.071875 0.0975
0 0.4721875 0.5295833333333333 0.076875 0.10083333333333333
0 0.55625 0.31833333333333336 0.07625 0.08833333333333333
0 0.8109375 0.5120833333333333 0.071875 0.0975
0 0.209375 0.7441666666666666 0.07125 0.09
0 0.6503125 0.45 0.056875 0.075
0 0.58 0.22791666666666666 0.05125 0.0825
0 0.491875 0.24333333333333335 0.0625 0.06833333333333333
0 0.16125 0.8370833333333333 0.0725 0.11083333333333334
0 0.155625 0.6291666666666667 0.0625 0.08833333333333333
0 0.5434375 0.23083333333333333 0.044375 0.08166666666666667
1 0.5246875 0.059583333333333335 0.076875 0.1075
1 0.4628125 0.8433333333333334 0.109375 0.12666666666666668
0 0.51375 0.19041666666666668 0.05 0.0575