0 0.1903125 0.31708333333333333 0.060625 0.07916666666666666
0 0.695 0.31375 0.07375 0.08916666666666667
1 0.264375 0.19958333333333333 0.07625 0.09916666666666667
0 0.8321875 0.10166666666666667 0.065625 0.08166666666666667
0 0.746875 0.5320833333333334 0.07875 0.10416666666666667
0 0.0946875 0.30541666666666667 0.060625 0.08583333333333333
0 0.12 0.7508333333333334 0.06 0.08666666666666667
0 0.880625 0.21666666666666667 0.05875 0.08166666666666667
0 0.8409375 0.6670833333333334 0.074375 0.0925
0 0.3275 0.495 0.0675 0.085
0 0.874375 0.5241666666666667 0.0675 0.08833333333333333
0 0.62625 0.14333333333333334 0.07 0.095
0 0.61875 0.6220833333333333 0.0725 0.10083333333333333
0 0.835 0.385 0.075 0.095
0 0.174375 0.8825 0.075 0.10333333333333333
0 0.8396875 0.90125 0.070625 0.08916666666666667
0 0.338125 0.3325 0.0675 0.085
0 0.6540625 0.235 0.066875 0.08333333333333333
0 0.65125 0.9454166666666667 0.075 0.1025
0 0.3315625 0.13833333333333334 0.071875 0.09666666666666666
0 0.4021875 0.11375 0.076875 0.10916666666666666
0 0.1934375 0.7141666666666666 0.066875 0.085
0 0.47375 0.44916666666666666 0.06375 0.08833333333333333
0 0.1946875 0.5191666666666667 0.071875 0.09166666666666666
0 0.143125 0.585 0.0675 0.08666666666666667
0 0.9515625 0.0475 0.064375 0.09
0 0.39625 0.52375 0.06875 0.1025
0 0.071875 0.16166666666666665 0.07125 0.08833333333333333
0 0.2403125 0.7733333333333333 0.070625 0.09666666666666666
0 0.9434375 0.51 0.061875 0.08666666666666667
0 0.105 0.5245833333333333 0.06375 0.08083333333333333
0 0.3896875 0.9225 0.064375 0.1
0 0.61375 0.38458333333333333 0.07 0.0975
0 0.1025 0.11583333333333333 0.0575 0.08666666666666667
0 0.751875 0.09458333333333334 0.065 0.08416666666666667
0 0.553125 0.41 0.065 0.08333333333333333
0 0.4753125 0.56 0.074375 0.09833333333333333
0 0.9609375 0.58625 0.071875 0.08916666666666667
0 0.613125 0.3425 0.06 0.08833333333333333
0 0.1678125 0.052083333333333336 0.075625 0.0975
0 0.40875 0.8575 0.08875 0.09
0 0.4296875 0.51125 0.068125 0.08583333333333333
0 0.4378125 0.3670833333333333 0.076875 0.09083333333333334
0 0.405 0.33666666666666667 0.06 0.09833333333333333
0 0.7196875 0.075 0.059375 0.08833333333333333
1 0.8621875 0.5654166666666667 0.084375 0.1075
0 0.961875 0.30625 0.06 0.08083333333333333
0 0.365 0.9545833333333333 0.075 0.08416666666666667
0 0.56 0.3425 0.05125 0.08833333333333333
0 0.50875 0.46291666666666664 0.05875 0.12583333333333332