0 0.2834375 0.6558333333333334 0.073125 0.10166666666666667
0 0.3521875 0.06833333333333333 0.070625 0.08666666666666667
0 0.710625 0.42916666666666664 0.065 0.08
0 0.09375 0.5566666666666666 0.0775 0.095
0 0.883125 0.7045833333333333 0.07 0.09083333333333334
0 0.3896875 0.7954166666666667 0.065625 0.08583333333333333
0 0.243125 0.5133333333333333 0.07 0.09333333333333334
0 0.906875 0.48541666666666666 0.065 0.0875
0 0.080625 0.10333333333333333 0.0675 0.08166666666666667
0 0.115625 0.16583333333333333 0.07 0.08666666666666667
0 0.565625 0.43625 0.07375 0.10416666666666667
0 0.94375 0.13875 0.0675 0.0875
0 0.5371875 0.8908333333333334 0.081875 0.1
0 0.33375 0.5591666666666667 0.0725 0.10166666666666667
0 0.6334375 0.4666666666666667 0.064375 0.09833333333333333
0 0.503125 0.5333333333333333 0.0775 0.09333333333333334
0 0.6109375 0.24791666666666667 0.071875 0.0925
0 0.860625 0.29375 0.08125 0.1025
0 0.593125 0.5991666666666666 0.0675 0.08
0 0.5628125 0.7504166666666666 0.068125 0.0875
0 0.3571875 0.25583333333333336 0.080625 0.10333333333333333
0 0.1725 0.6129166666666667 0.07125 0.0925
0 0.6825 0.2941666666666667 0.07125 0.09333333333333334
0 0.9446875 0.8941666666666667 0.075625 0.09333333333333334
0 0.711875 0.20208333333333334 0.07375 0.09583333333333334
0 0.1671875 0.7125 0.069375 0.085
0 0.2325 0.27375 0.06875 0.09916666666666667
0 0.1153125 0.9508333333333333 0.073125 0.09166666666666666
0 0.0503125 0.2025 0.073125 0.09666666666666666
0 0.1365625 0.38083333333333336 0.068125 0.08166666666666667
0 0.2134375 0.06166666666666667 0.069375 0.09833333333333333
0 0.3825 0.7179166666666666 0.065 0.07916666666666666
0 0.3765625 0.8216666666666667 0.068125 0.08333333333333333
0 0.036875 0.275 0.06375 0.07333333333333333
0 0.803125 0.9095833333333333 0.06125 0.0825
0 0.5709375 0.06583333333333333 0.068125 0.10666666666666667
0 0.79 0.5658333333333333 0.07375 0.1
0 0.835 0.3754166666666667 0.07875 0.0975
0 0.3425 0.6995833333333333 0.0775 0.10583333333333333
0 0.9409375 0.7008333333333333 0.088125 0.10833333333333334
0 0.0465625 0.49916666666666665 0.054375 0.08833333333333333
0 0.4453125 0.8570833333333333 0.071875 0.0975
0 0.1959375 0.29 0.071875 0.10166666666666667
0 0.2059375 0.13583333333333333 0.078125 0.10166666666666667
0 0.6428125 0.565 0.076875 0.09333333333333334
0 0.6553125 0.38916666666666666 0.074375 0.07833333333333334
0 0.55 0.29583333333333334 0.06125 0.07
0 0.625625 0.3175 0.0675 0.07833333333333334
0 0.49875 0.8158333333333333 0.06625 0.09
0 0.538125 0.36041666666666666 0.07875 0.11083333333333334
0 0.665625 0.13916666666666666 0.0575 0.07833333333333334
0 0.4440625 0.7583333333333333 0.078125 0.11
0 0.7071875 0.5233333333333333 0.078125 0.11666666666666667
0 0.5790625 0.5091666666666667 0.063125 0.075
0 0.8490625 0.19875 0.074375 0.0975
0 0.736875 0.6254166666666666 0.0675 0.1025
0 0.055 0.33625 0.075 0.08916666666666667
1 0.6090625 0.15416666666666667 0.084375 0.09666666666666666
0 0.7865625 0.12916666666666668 0.069375 0.08833333333333333
0 0.1659375 0.57875 0.075625 0.0875
1 0.3625 0.9145833333333333 0.1075 0.1025
0 0.728125 0.1175 0.0625 0.07833333333333334
0 0.8090625 0.05458333333333333 0.068125 0.07583333333333334
0 0.5659375 0.17166666666666666 0.078125 0.095
1 0.8590625 0.8075 0.094375 0.09666666666666666
1 0.4434375 0.50875 0.081875 0.10416666666666667
1 0.1375 0.8629166666666667 0.085 0.12083333333333333
1 0.265 0.9066666666666666 0.07375 0.11666666666666667
1 0.845625 0.6375 0.1025 0.13
1 0.48875 0.09833333333333333 0.105 0.12833333333333333
1 0.7796875 0.20208333333333334 0.069375 0.12416666666666666
1 0.1303125 0.2966666666666667 0.081875 0.11333333333333333
0 0.7215625 0.5870833333333333 0.078125 0.09083333333333334
0 0.8053125 0.495 0.066875 0.06833333333333333
0 0.81375 0.2275 0.06125 0.085
0 0.6825 0.23916666666666667 0.0625 0.085
0 0.421875 0.56 0.065 0.08166666666666667
0 0.5040625 0.3804166666666667 0.079375 0.08916666666666667
0 0.97 0.30291666666666667 0.05375 0.08083333333333333
0 0.86 0.8754166666666666 0.065 0.0775
0 0.1853125 0.8858333333333334 0.048125 0.08666666666666667
0 0.8725 0.8479166666666667 0.065 0.0875