0 0.428125 0.43166666666666664 0.0675 0.10333333333333333
0 0.4990625 0.11333333333333333 0.069375 0.09333333333333334
0 0.73 0.6016666666666667 0.0675 0.08166666666666667
0 0.80875 0.6791666666666667 0.07125 0.09333333333333334
0 0.6134375 0.86625 0.061875 0.0975
0 0.7275 0.6995833333333333 0.07 0.08916666666666667
0 0.6621875 0.6441666666666667 0.064375 0.07666666666666666
0 0.225625 0.15041666666666667 0.0725 0.08416666666666667
0 0.320625 0.23375 0.07 0.0875
0 0.6634375 0.0525 0.084375 0.09
0 0.5140625 0.21333333333333335 0.068125 0.09
0 0.558125 0.5258333333333334 0.05875 0.07166666666666667
0 0.6 0.7125 0.065 0.07333333333333333
0 0.7765625 0.5083333333333333 0.061875 0.08833333333333333
0 0.2625 0.7475 0.05875 0.085
0 0.38 0.26916666666666667 0.07 0.08833333333333333
0 0.5975 0.4575 0.06 0.07666666666666666
0 0.4509375 0.9383333333333334 0.073125 0.075
0 0.6225 0.5766666666666667 0.07125 0.09166666666666666
0 0.428125 0.53 0.0625 0.075
0 0.51875 0.6241666666666666 0.05125 0.065
0 0.784375 0.79375 0.0825 0.08083333333333333
0 0.500625 0.5795833333333333 0.075 0.08916666666666667
0 0.785625 0.04083333333333333 0.0575 0.08
0 0.1715625 0.2945833333333333 0.073125 0.1025
0 0.2928125 0.08291666666666667 0.071875 0.07916666666666666
0 0.6578125 0.5883333333333334 0.059375 0.07833333333333334
0 0.5040625 0.7691666666666667 0.069375 0.08833333333333333
0 0.55125 0.7875 0.06375 0.10833333333333334
0 0.72 0.8275 0.06875 0.08
0 0.6709375 0.8070833333333334 0.058125 0.08416666666666667
0 0.3959375 0.7966666666666666 0.061875 0.08666666666666667
0 0.36 0.4608333333333333 0.06875 0.095
0 0.1771875 0.043333333333333335 0.065625 0.08666666666666667
0 0.5990625 0.20875 0.063125 0.07916666666666666
0 0.551875 0.8625 0.06875 0.09
0 0.3221875 0.3958333333333333 0.059375 0.07666666666666666
0 0.7340625 0.25416666666666665 0.055625 0.075
0 0.245625 0.6479166666666667 0.0675 0.0925
0 0.2315625 0.8816666666666667 0.054375 0.08666666666666667
0 0.3615625 0.36583333333333334 0.059375 0.07333333333333333
0 0.5815625 0.30041666666666667 0.068125 0.08583333333333333
0 0.388125 0.13916666666666666 0.07375 0.09166666666666666
0 0.656875 0.9383333333333334 0.06375 0.075
0 0.21625 0.4870833333333333 0.06125 0.0725
0 0.8265625 0.5845833333333333 0.070625 0.07416666666666667
0 0.5640625 0.95375 0.061875 0.0625
0 0.3040625 0.9345833333333333 0.056875 0.08416666666666667
0 0.6953125 0.9320833333333334 0.078125 0.08916666666666667
0 0.39625 0.6558333333333334 0.05625 0.09
0 0.83125 0.82875 0.06375 0.07916666666666666
0 0.4059375 0.9158333333333334 0.056875 0.07833333333333334
0 0.63375 0.15333333333333332 0.05625 0.105
0 0.814375 0.1325 0.0625 0.08
0 0.843125 0.36791666666666667 0.0625 0.0975
0 0.6825 0.18916666666666668 0.0625 0.065
0 0.72625 0.1075 0.05125 0.08833333333333333
0 0.6778125 0.41625 0.066875 0.0825
0 0.1571875 0.5629166666666666 0.061875 0.07416666666666667
0 0.2640625 0.45375 0.065625 0.0825
0 0.32625 0.5983333333333334 0.05375 0.07833333333333334
0 0.7046875 0.5375 0.043125 0.08666666666666667
0 0.340625 0.6733333333333333 0.0675 0.06833333333333333
0 0.761875 0.44958333333333333 0.055 0.0825
0 0.2453125 0.275 0.060625 0.07
0 0.3634375 0.71125 0.060625 0.07916666666666666
0 0.456875 0.8645833333333334 0.0675 0.059166666666666666
0 0.5040625 0.9270833333333334 0.051875 0.07916666666666666
0 0.2015625 0.5325 0.064375 0.07666666666666666
0 0.34625 0.16041666666666668 0.05125 0.07083333333333333
0 0.5 0.5041666666666667 0.05625 0.09166666666666666
0 0.66625 0.4866666666666667 0.075 0.10333333333333333
0 0.435 0.32 0.05875 0.07
0 0.309375 0.1275 0.07375 0.095
0 0.334375 0.4775 0.06 0.08
0 0.345 0.22583333333333333 0.06125 0.08833333333333333
0 0.67875 0.28208333333333335 0.0575 0.0925
0 0.2565625 0.56 0.073125 0.06333333333333334
0 0.766875 0.37125 0.05625 0.08083333333333333
0 0.65 0.3416666666666667 0.06 0.07666666666666666
1 0.3853125 0.5504166666666667 0.084375 0.08583333333333333
0 0.3571875 0.8804166666666666 0.061875 0.08916666666666667
0 0.1784375 0.145 0.058125 0.11
0 0.29125 0.5891666666666666 0.07375 0.09
0 0.825625 0.49125 0.045 0.08083333333333333
0 0.8403125 0.22875 0.056875 0.0825
0 0.165 0.72 0.05 0.075
0 0.2434375 0.050833333333333335 0.050625 0.07166666666666667
0 0.549375 0.32458333333333333 0.05875 0.07583333333333334
0 0.751875 0.24 0.06 0.06333333333333334
0 0.8065625 0.16208333333333333 0.058125 0.07416666666666667
0 0.6109375 0.48 0.061875 0.06666666666666667
0 0.6828125 0.5016666666666667 0.054375 0.07666666666666666
0 0.6671875 0.4579166666666667 0.051875 0.07583333333333334
0 0.6259375 0.37125 0.054375 0.0775
0 0.5221875 0.4920833333333333 0.061875 0.08416666666666667
0 0.48875 0.4608333333333333 0.05125 0.085
0 0.4578125 0.28375 0.058125 0.0775
0 0.4821875 0.24958333333333332 0.069375 0.0825
0 0.5809375 0.14375 0.053125 0.06416666666666666
0 0.6565625 0.78375 0.049375 0.07583333333333334
0 0.6471875 0.6666666666666666 0.059375 0.06333333333333334
0 0.8203125 0.6333333333333333 0.065625 0.09166666666666666
0 0.82875 0.8020833333333334 0.0625 0.0775
0 0.7965625 0.08041666666666666 0.053125 0.07416666666666667
0 0.73375 0.15166666666666667 0.0525 0.08333333333333333
0 0.8259375 0.26166666666666666 0.051875 0.06833333333333333
0 0.6671875 0.21625 0.051875 0.0875
0 0.745 0.33625 0.08125 0.06916666666666667
0 0.71 0.30666666666666664 0.06 0.07
0 0.8053125 0.6008333333333333 0.046875 0.07166666666666667
0 0.5784375 0.8870833333333333 0.056875 0.0875
0 0.52375 0.9570833333333333 0.05875 0.07583333333333334
0 0.3321875 0.945 0.058125 0.08166666666666667
0 0.20875 0.8883333333333333 0.0575 0.06833333333333333
0 0.2084375 0.9316666666666666 0.056875 0.07833333333333334
0 0.1703125 0.915 0.065625 0.08
0 0.389375 0.95125 0.0475 0.07583333333333334
0 0.4534375 0.6866666666666666 0.053125 0.11333333333333333
0 0.435625 0.7320833333333333 0.0625 0.0575
0 0.3975 0.8458333333333333 0.04875 0.08166666666666667
0 0.355 0.7779166666666667 0.06375 0.0725
0 0.2115625 0.6254166666666666 0.054375 0.07583333333333334
0 0.4190625 0.62 0.064375 0.08333333333333333
0 0.5115625 0.65625 0.056875 0.060833333333333336
0 0.5378125 0.6579166666666667 0.058125 0.07583333333333334
0 0.1640625 0.775 0.074375 0.07833333333333334
0 0.196875 0.7158333333333333 0.06 0.06666666666666667
0 0.165 0.08458333333333333 0.04375 0.07583333333333334
0 0.2625 0.29375 0.06125 0.07416666666666667
0 0.3153125 0.5095833333333334 0.046875 0.0725
0 0.250625 0.3933333333333333 0.06125 0.08333333333333333
0 0.2265625 0.3754166666666667 0.070625 0.08583333333333333
0 0.4340625 0.07791666666666666 0.054375 0.0775
0 0.1521875 0.34375 0.049375 0.08416666666666667
0 0.1578125 0.4025 0.061875 0.08
0 0.459375 0.0525 0.06375 0.07666666666666666
0 0.4175 0.17333333333333334 0.06 0.08666666666666667
0 0.4325 0.215 0.07 0.07833333333333334
0 0.5121875 0.3229166666666667 0.053125 0.0725
0 0.76125 0.41541666666666666 0.06 0.0975
0 0.245 0.49583333333333335 0.0475 0.08
0 0.3325 0.65125 0.05 0.0775
0 0.6709375 0.29791666666666666 0.066875 0.0725
0 0.414375 0.04541666666666667 0.06875 0.08583333333333333
0 0.7446875 0.4375 0.054375 0.05333333333333334
0 0.5265625 0.3145833333333333 0.064375 0.07083333333333333