0 0.4296875 0.15458333333333332 0.098125 0.13083333333333333
0 0.3875 0.3983333333333333 0.10375 0.13833333333333334
0 0.198125 0.5116666666666667 0.0775 0.10333333333333333
0 0.08625 0.5458333333333333 0.105 0.14
0 0.2725 0.855 0.10125 0.135
0 0.5046875 0.2425 0.096875 0.12833333333333333
0 0.3271875 0.45125 0.098125 0.13083333333333333
0 0.2890625 0.7604166666666666 0.086875 0.11583333333333333
0 0.7009375 0.39708333333333334 0.084375 0.1125
0 0.1678125 0.44625 0.099375 0.1325
0 0.546875 0.3308333333333333 0.09 0.12
0 0.38375 0.7804166666666666 0.1 0.13416666666666666
0 0.9334375 0.43375 0.096875 0.12916666666666668
0 0.26375 0.33 0.10125 0.135
0 0.6859375 0.6004166666666667 0.088125 0.1175
0 0.75125 0.475 0.09 0.12
0 0.5453125 0.4225 0.084375 0.11166666666666666
1 0.8534375 0.345 0.110625 0.14833333333333334
0 0.371875 0.6966666666666667 0.08375 0.11166666666666666
0 0.655625 0.16125 0.1 0.1325
0 0.4225 0.6591666666666667 0.08125 0.10833333333333334
0 0.2128125 0.30041666666666667 0.081875 0.10916666666666666
0 0.415625 0.3275 0.08 0.10666666666666667
0 0.63625 0.77 0.08125 0.10833333333333334
0 0.318125 0.19041666666666668 0.0925 0.12416666666666666
0 0.8221875 0.23791666666666667 0.089375 0.11916666666666667
0 0.81125 0.38208333333333333 0.0875 0.1175
0 0.6028125 0.2808333333333333 0.101875 0.13666666666666666
0 0.171875 0.6675 0.08125 0.10833333333333334
0 0.3565625 0.20416666666666666 0.084375 0.11333333333333333
0 0.69625 0.67125 0.07875 0.10416666666666667
0 0.1246875 0.7579166666666667 0.079375 0.10583333333333333
0 0.3009375 0.94375 0.076875 0.1025
0 0.3571875 0.9220833333333334 0.071875 0.09583333333333334
0 0.90625 0.29083333333333333 0.10125 0.135
0 0.4940625 0.08083333333333333 0.101875 0.135
0 0.4325 0.6966666666666667 0.09875 0.13166666666666665
0 0.229375 0.7325 0.09125 0.12166666666666667
0 0.873125 0.16708333333333333 0.09625 0.1275
0 0.6415625 0.6466666666666666 0.085625 0.11333333333333333
0 0.4575 0.5729166666666666 0.08125 0.1075
0 0.516875 0.49125 0.09375 0.12416666666666666
1 0.55375 0.6375 0.10125 0.135
0 0.83 0.4791666666666667 0.07375 0.09833333333333333
0 0.8884375 0.5925 0.086875 0.11666666666666667
0 0.496875 0.6495833333333333 0.09125 0.1225
0 0.82375 0.11375 0.0825 0.11083333333333334
0 0.8475 0.68 0.08 0.10666666666666667
0 0.7690625 0.5520833333333334 0.078125 0.10416666666666667
0 0.78 0.060833333333333336 0.09125 0.12166666666666667
0 0.5453125 0.6904166666666667 0.073125 0.0975
0 0.13 0.8483333333333334 0.08375 0.11166666666666666
0 0.6003125 0.8383333333333334 0.081875 0.10833333333333334
1 0.253125 0.43125 0.1225 0.16416666666666666
0 0.2325 0.20541666666666666 0.095 0.1275
0 0.3165625 0.7054166666666667 0.076875 0.1025
0 0.7590625 0.67125 0.071875 0.09583333333333334
0 0.5921875 0.73375 0.084375 0.1125
0 0.435 0.8345833333333333 0.0875 0.11583333333333333
0 0.5453125 0.7325 0.068125 0.09
0 0.448125 0.8825 0.10125 0.135
0 0.849375 0.55875 0.0825 0.11083333333333334
0 0.8125 0.5866666666666667 0.0725 0.09666666666666666
0 0.8040625 0.6345833333333334 0.070625 0.09416666666666666