0 0.8578125 0.24625 0.105625 0.14083333333333334
0 0.8125 0.10583333333333333 0.1 0.13333333333333333
0 0.15 0.8891666666666667 0.09 0.12
0 0.4809375 0.8545833333333334 0.111875 0.14916666666666667
0 0.6425 0.17875 0.09125 0.12083333333333333
0 0.5890625 0.5845833333333333 0.101875 0.13583333333333333
0 0.4521875 0.5333333333333333 0.106875 0.14333333333333334
0 0.5896875 0.7929166666666667 0.091875 0.1225
0 0.1978125 0.72875 0.104375 0.13916666666666666
0 0.76125 0.22625 0.08125 0.1075
0 0.7284375 0.40208333333333335 0.095625 0.1275
0 0.42125 0.7491666666666666 0.105 0.14
0 0.7240625 0.5379166666666667 0.095625 0.1275
0 0.1184375 0.7775 0.108125 0.145
0 0.3934375 0.5425 0.096875 0.12833333333333333
0 0.281875 0.4675 0.10125 0.135
0 0.4121875 0.8533333333333334 0.101875 0.135
0 0.8409375 0.41125 0.096875 0.12916666666666668
0 0.4690625 0.23625 0.104375 0.13916666666666666
0 0.0525 0.5758333333333333 0.10125 0.135
0 0.4034375 0.35875 0.114375 0.1525
0 0.220625 0.6183333333333333 0.09875 0.13166666666666665
0 0.5709375 0.09375 0.096875 0.12916666666666668
0 0.609375 0.10791666666666666 0.095 0.12583333333333332
0 0.26125 0.76 0.095 0.12666666666666668
0 0.894375 0.5295833333333333 0.09875 0.13083333333333333
0 0.4059375 0.06375 0.093125 0.12416666666666666
0 0.270625 0.8275 0.095 0.12666666666666668
0 0.4909375 0.48041666666666666 0.099375 0.1325
0 0.2996875 0.90625 0.101875 0.13583333333333333
0 0.47375 0.15333333333333332 0.0825 0.11
1 0.32375 0.23958333333333334 0.115 0.15416666666666667
0 0.263125 0.1725 0.1 0.13333333333333333
0 0.14375 0.7175 0.08625 0.115
0 0.3209375 0.7929166666666667 0.100625 0.13416666666666666