0 0.74125 0.145 0.08 0.10666666666666667
0 0.218125 0.5791666666666667 0.0875 0.11666666666666667
0 0.8446875 0.15125 0.093125 0.12416666666666666
0 0.344375 0.4870833333333333 0.08875 0.11916666666666667
0 0.19125 0.8558333333333333 0.095 0.12666666666666668
0 0.48875 0.10083333333333333 0.10375 0.13833333333333334
0 0.2796875 0.37375 0.096875 0.12916666666666668
0 0.830625 0.36333333333333334 0.08 0.10666666666666667
0 0.8615625 0.4816666666666667 0.091875 0.12166666666666667
0 0.2846875 0.5220833333333333 0.090625 0.12083333333333333
0 0.5575 0.6129166666666667 0.09 0.12083333333333333
0 0.59875 0.31166666666666665 0.095 0.12666666666666668
0 0.7865625 0.7083333333333334 0.099375 0.13166666666666665
0 0.33 0.16916666666666666 0.0875 0.11666666666666667
0 0.33875 0.7004166666666667 0.0925 0.1225
0 0.3515625 0.60875 0.099375 0.1325
0 0.325 0.30333333333333334 0.09625 0.12833333333333333
0 0.0665625 0.48083333333333333 0.083125 0.11
0 0.1825 0.7341666666666666 0.1 0.13333333333333333
0 0.1390625 0.47791666666666666 0.105625 0.14083333333333334
0 0.639375 0.8454166666666667 0.0925 0.1225
0 0.610625 0.65625 0.08875 0.11916666666666667
0 0.593125 0.5416666666666666 0.095 0.12666666666666668
0 0.4128125 0.6516666666666666 0.090625 0.12
0 0.1865625 0.405 0.096875 0.13
1 0.4309375 0.3254166666666667 0.114375 0.1525
0 0.583125 0.2275 0.08625 0.115
0 0.6290625 0.4245833333333333 0.098125 0.13083333333333333
0 0.753125 0.5683333333333334 0.095 0.12666666666666668
0 0.2103125 0.48625 0.090625 0.12083333333333333
0 0.25875 0.7091666666666666 0.0875 0.11666666666666667
0 0.4578125 0.71625 0.085625 0.11416666666666667
0 0.586875 0.4579166666666667 0.0775 0.10416666666666667
0 0.5590625 0.15208333333333332 0.081875 0.10916666666666666
0 0.5209375 0.8583333333333333 0.084375 0.11333333333333333
1 0.6675 0.7295833333333334 0.1175 0.1575
0 0.493125 0.6241666666666666 0.10625 0.14166666666666666
0 0.4615625 0.8454166666666667 0.100625 0.13416666666666666
0 0.395 0.18708333333333332 0.0975 0.13083333333333333
0 0.7709375 0.30625 0.083125 0.11083333333333334
0 0.7325 0.7091666666666666 0.09 0.12
0 0.5821875 0.84125 0.093125 0.12416666666666666
0 0.48875 0.2679166666666667 0.08875 0.11916666666666667
0 0.391875 0.5583333333333333 0.09625 0.12833333333333333
0 0.7346875 0.40041666666666664 0.094375 0.12583333333333332
0 0.0865625 0.6520833333333333 0.074375 0.09916666666666667
0 0.7378125 0.2529166666666667 0.093125 0.12416666666666666
0 0.4034375 0.09708333333333333 0.103125 0.1375
0 0.686875 0.4008333333333333 0.0875 0.11666666666666667
0 0.090625 0.7158333333333333 0.0775 0.10333333333333333
1 0.7846875 0.20708333333333334 0.104375 0.13916666666666666
0 0.505625 0.5475 0.0875 0.11666666666666667
0 0.2075 0.76375 0.1025 0.1375
0 0.8365625 0.6929166666666666 0.083125 0.11083333333333334
1 0.3965625 0.85625 0.120625 0.16083333333333333
0 0.6446875 0.2725 0.079375 0.105
0 0.681875 0.24916666666666668 0.08625 0.115
0 0.490625 0.49875 0.10625 0.1425
0 0.3115625 0.8329166666666666 0.104375 0.13916666666666666
0 0.666875 0.13416666666666666 0.11625 0.155
0 0.6490625 0.19833333333333333 0.099375 0.13333333333333333