0 0.2878125 0.8791666666666667 0.104375 0.14
0 0.1884375 0.35041666666666665 0.100625 0.13416666666666666
0 0.551875 0.23041666666666666 0.11 0.14583333333333334
0 0.741875 0.14458333333333334 0.1175 0.15583333333333332
0 0.3796875 0.5808333333333333 0.100625 0.13333333333333333
0 0.075625 0.5675 0.1075 0.14333333333333334
0 0.235 0.65 0.11125 0.14833333333333334
0 0.3284375 0.5658333333333333 0.109375 0.14666666666666667
0 0.5678125 0.7766666666666666 0.100625 0.135
0 0.7846875 0.5595833333333333 0.106875 0.1425
0 0.6225 0.6633333333333333 0.0925 0.12333333333333334
0 0.6515625 0.07541666666666667 0.104375 0.13916666666666666
0 0.6071875 0.4608333333333333 0.105625 0.14
0 0.4503125 0.805 0.120625 0.16
0 0.7671875 0.6645833333333333 0.106875 0.1425
0 0.4871875 0.4454166666666667 0.098125 0.13083333333333333
0 0.224375 0.7966666666666666 0.1025 0.13666666666666666
0 0.256875 0.7775 0.1125 0.15
0 0.745 0.41875 0.115 0.15416666666666667
0 0.4284375 0.16791666666666666 0.110625 0.1475
0 0.8696875 0.4195833333333333 0.105625 0.14083333333333334
0 0.8990625 0.28291666666666665 0.103125 0.1375
0 0.4240625 0.9120833333333334 0.108125 0.14416666666666667
0 0.4428125 0.51875 0.109375 0.14583333333333334
0 0.2615625 0.29791666666666666 0.101875 0.13583333333333333
0 0.1475 0.8408333333333333 0.11 0.14666666666666667
0 0.4884375 0.3329166666666667 0.099375 0.1325
0 0.1828125 0.47791666666666666 0.105625 0.14083333333333334
0 0.81125 0.43083333333333335 0.0975 0.13
0 0.8846875 0.19291666666666665 0.085625 0.11416666666666667
0 0.175 0.7125 0.095 0.12666666666666668
0 0.6021875 0.17291666666666666 0.103125 0.1375
0 0.63375 0.9116666666666666 0.1075 0.14333333333333334
0 0.218125 0.56 0.10375 0.13833333333333334
0 0.8903125 0.33208333333333334 0.104375 0.13916666666666666
0 0.8525 0.62 0.1075 0.14333333333333334
0 0.8209375 0.34291666666666665 0.104375 0.13916666666666666
0 0.2796875 0.6829166666666666 0.109375 0.14583333333333334
0 0.79375 0.7091666666666666 0.105 0.14
0 0.375 0.705 0.11125 0.14833333333333334
0 0.663125 0.47875 0.09375 0.12583333333333332
0 0.3615625 0.42583333333333334 0.100625 0.13333333333333333
0 0.0859375 0.67 0.104375 0.13833333333333334
0 0.69375 0.6941666666666667 0.105 0.14
0 0.1396875 0.4041666666666667 0.095625 0.12833333333333333
0 0.3884375 0.345 0.114375 0.15333333333333332
0 0.8865625 0.5145833333333333 0.111875 0.14916666666666667
0 0.694375 0.6525 0.10375 0.13833333333333334
0 0.5628125 0.36291666666666667 0.104375 0.13916666666666666
0 0.84 0.6675 0.1175 0.15666666666666668
0 0.5790625 0.6679166666666667 0.098125 0.13083333333333333
0 0.2125 0.5083333333333333 0.10125 0.135
0 0.524375 0.4116666666666667 0.11125 0.14833333333333334
0 0.5765625 0.3375 0.103125 0.13666666666666666
0 0.1525 0.6975 0.09375 0.125
0 0.0946875 0.7020833333333333 0.111875 0.14916666666666667