0 0.80625 0.6366666666666667 0.055 0.08666666666666667
0 0.6521875 0.8545833333333334 0.070625 0.08583333333333333
0 0.5678125 0.695 0.074375 0.08666666666666667
0 0.75875 0.30625 0.07125 0.09583333333333334
0 0.288125 0.2 0.07375 0.08666666666666667
0 0.3296875 0.8266666666666667 0.065625 0.09166666666666666
0 0.80625 0.20166666666666666 0.06125 0.08833333333333333
0 0.5471875 0.14375 0.064375 0.08916666666666667
0 0.5975 0.07333333333333333 0.06625 0.09
0 0.383125 0.13208333333333333 0.05625 0.08916666666666667
0 0.2453125 0.05458333333333333 0.070625 0.09083333333333334
0 0.595 0.7795833333333333 0.0625 0.0925
0 0.75 0.52375 0.07125 0.08916666666666667
0 0.313125 0.10291666666666667 0.06125 0.08916666666666667
0 0.4340625 0.44708333333333333 0.063125 0.08083333333333333
0 0.70625 0.4325 0.07 0.09666666666666666
0 0.3190625 0.55 0.068125 0.08833333333333333
0 0.66125 0.7558333333333334 0.06375 0.08833333333333333
0 0.7290625 0.675 0.065625 0.08666666666666667
0 0.639375 0.16125 0.0675 0.07083333333333333
0 0.635625 0.38416666666666666 0.07375 0.09
0 0.816875 0.905 0.06625 0.08833333333333333
0 0.59 0.6029166666666667 0.0625 0.08416666666666667
0 0.4775 0.23041666666666666 0.06 0.09083333333333334
0 0.6703125 0.08041666666666666 0.063125 0.08583333333333333
0 0.1784375 0.09875 0.061875 0.07916666666666666
0 0.809375 0.4454166666666667 0.06625 0.08416666666666667
0 0.5846875 0.87375 0.060625 0.08583333333333333
0 0.46875 0.7575 0.06 0.08833333333333333
0 0.3521875 0.6333333333333333 0.073125 0.08166666666666667
0 0.3728125 0.36916666666666664 0.064375 0.08833333333333333
0 0.439375 0.6666666666666666 0.05625 0.09666666666666666
0 0.279375 0.47583333333333333 0.06375 0.08166666666666667
0 0.8328125 0.7341666666666666 0.074375 0.09
0 0.50125 0.84375 0.06125 0.08083333333333333
0 0.2978125 0.28541666666666665 0.058125 0.0725
0 0.2109375 0.4825 0.063125 0.1
0 0.4815625 0.93625 0.068125 0.07916666666666666
0 0.486875 0.12375 0.06375 0.08916666666666667
0 0.5221875 0.4195833333333333 0.071875 0.07416666666666667
0 0.183125 0.6745833333333333 0.07375 0.08416666666666667
0 0.284375 0.6725 0.06125 0.09166666666666666
0 0.745625 0.17583333333333334 0.0625 0.09833333333333333
0 0.6053125 0.46291666666666664 0.063125 0.08583333333333333
0 0.1984375 0.93 0.053125 0.09
0 0.3003125 0.36583333333333334 0.070625 0.09166666666666666
0 0.370625 0.95 0.0675 0.09166666666666666
0 0.1659375 0.84125 0.065625 0.0975
0 0.41125 0.5404166666666667 0.0625 0.09083333333333334
0 0.218125 0.24375 0.06 0.0875
0 0.226875 0.3675 0.06125 0.09
0 0.651875 0.5341666666666667 0.0725 0.06666666666666667
0 0.4490625 0.38208333333333333 0.061875 0.08583333333333333
0 0.604375 0.24375 0.08625 0.0825
0 0.39875 0.7820833333333334 0.06625 0.08916666666666667
0 0.74875 0.9020833333333333 0.06125 0.08583333333333333
0 0.501875 0.4766666666666667 0.065 0.09166666666666666
0 0.5575 0.36541666666666667 0.06375 0.08583333333333333
0 0.3940625 0.8879166666666667 0.083125 0.07083333333333333
0 0.4834375 0.6458333333333334 0.064375 0.08
0 0.56625 0.25875 0.0725 0.0775
0 0.53375 0.32458333333333333 0.075 0.0875
0 0.25875 0.52375 0.05375 0.07583333333333334
0 0.84375 0.3175 0.06125 0.105
0 0.836875 0.12541666666666668 0.06625 0.0875
1 0.5278125 0.04625 0.066875 0.06416666666666666
0 0.3496875 0.7291666666666666 0.064375 0.08
0 0.215 0.9616666666666667 0.0625 0.06833333333333333
0 0.153125 0.4920833333333333 0.0525 0.07416666666666667
0 0.1578125 0.7308333333333333 0.065625 0.08166666666666667
0 0.52375 0.8825 0.05125 0.07166666666666667
0 0.734375 0.04958333333333333 0.05625 0.07416666666666667
0 0.1509375 0.22291666666666668 0.053125 0.07583333333333334