0 0.805 0.3120833333333333 0.09375 0.12583333333333332
0 0.7134375 0.6166666666666667 0.100625 0.13333333333333333
0 0.4125 0.53 0.09625 0.12833333333333333
0 0.58625 0.41541666666666666 0.0875 0.11583333333333333
0 0.5203125 0.24875 0.103125 0.1375
0 0.80625 0.6816666666666666 0.10125 0.135
0 0.62125 0.5941666666666666 0.11125 0.14833333333333334
0 0.44625 0.19416666666666665 0.10375 0.13833333333333334
0 0.9028125 0.7845833333333333 0.093125 0.12416666666666666
0 0.0521875 0.34125 0.093125 0.12416666666666666
0 0.3078125 0.4579166666666667 0.105625 0.14083333333333334
0 0.8584375 0.4504166666666667 0.104375 0.13916666666666666
0 0.1009375 0.5666666666666667 0.083125 0.11166666666666666
0 0.3575 0.20208333333333334 0.0825 0.10916666666666666
0 0.230625 0.44083333333333335 0.095 0.12666666666666668
0 0.686875 0.32166666666666666 0.09375 0.125
0 0.5009375 0.8883333333333333 0.098125 0.13166666666666665
0 0.2421875 0.14625 0.099375 0.1325
0 0.64125 0.855 0.1075 0.14333333333333334
0 0.4971875 0.44958333333333333 0.088125 0.1175
0 0.29 0.36 0.11 0.14666666666666667
0 0.4340625 0.10041666666666667 0.095625 0.1275
0 0.17125 0.49416666666666664 0.085 0.11333333333333333
0 0.156875 0.18625 0.11 0.14583333333333334
0 0.8834375 0.5733333333333334 0.096875 0.13
0 0.408125 0.8708333333333333 0.10375 0.13833333333333334
0 0.784375 0.50125 0.08875 0.11916666666666667
0 0.4115625 0.4270833333333333 0.106875 0.1425
0 0.1909375 0.23458333333333334 0.108125 0.14416666666666667
0 0.1575 0.4241666666666667 0.1025 0.13666666666666666
0 0.469375 0.33916666666666667 0.1075 0.14333333333333334
0 0.0878125 0.25625 0.106875 0.1425
0 0.914375 0.6391666666666667 0.0875 0.11666666666666667
0 0.653125 0.4008333333333333 0.10625 0.14166666666666666
0 0.3846875 0.76 0.108125 0.145
0 0.7184375 0.20708333333333334 0.106875 0.1425
0 0.3390625 0.09333333333333334 0.124375 0.16666666666666666
0 0.4146875 0.3279166666666667 0.113125 0.15083333333333335
0 0.2190625 0.69625 0.106875 0.1425
0 0.29375 0.7225 0.11375 0.15166666666666667
0 0.3125 0.66 0.11 0.14666666666666667
0 0.34 0.80875 0.10875 0.14416666666666667
0 0.938125 0.5745833333333333 0.1 0.1325
0 0.228125 0.57125 0.07875 0.10583333333333333
0 0.7096875 0.9229166666666667 0.094375 0.12583333333333332
0 0.264375 0.8220833333333334 0.10125 0.13583333333333333
0 0.58375 0.11166666666666666 0.09875 0.13166666666666665
1 0.7096875 0.49833333333333335 0.111875 0.15
1 0.42625 0.62875 0.1175 0.15583333333333332
0 0.7271875 0.8366666666666667 0.119375 0.16
0 0.569375 0.14833333333333334 0.0875 0.11666666666666667
0 0.5734375 0.8466666666666667 0.134375 0.17833333333333334