0 0.61 0.7820833333333334 0.11875 0.1575
0 0.690625 0.69125 0.11 0.14583333333333334
0 0.728125 0.235 0.09375 0.125
0 0.34 0.6675 0.09 0.12
0 0.354375 0.28833333333333333 0.11 0.14666666666666667
0 0.2903125 0.9020833333333333 0.100625 0.13416666666666666
0 0.43875 0.28458333333333335 0.10125 0.13583333333333333
0 0.1021875 0.80375 0.114375 0.1525
0 0.5028125 0.90125 0.103125 0.1375
0 0.4878125 0.3695833333333333 0.091875 0.1225
0 0.4421875 0.46791666666666665 0.110625 0.1475
0 0.275625 0.675 0.105 0.14
0 0.6075 0.38083333333333336 0.10875 0.145
0 0.268125 0.7595833333333334 0.11125 0.14916666666666667
0 0.8284375 0.65375 0.111875 0.14916666666666667
1 0.746875 0.5420833333333334 0.11625 0.15583333333333332
0 0.881875 0.4666666666666667 0.1125 0.15
0 0.6534375 0.56125 0.111875 0.14916666666666667
0 0.6303125 0.3254166666666667 0.109375 0.14583333333333334
0 0.8925 0.605 0.1025 0.13666666666666666
0 0.31625 0.7575 0.10875 0.145
0 0.2234375 0.8629166666666667 0.113125 0.15083333333333335
0 0.723125 0.6129166666666667 0.09 0.12083333333333333
0 0.8721875 0.19708333333333333 0.128125 0.17083333333333334