0 0.411875 0.7279166666666667 0.075 0.0975
0 0.4790625 0.82375 0.078125 0.08416666666666667
0 0.79 0.10458333333333333 0.055 0.07083333333333333
0 0.876875 0.07583333333333334 0.08125 0.10666666666666667
0 0.9003125 0.83 0.076875 0.09833333333333333
0 0.9153125 0.14583333333333334 0.073125 0.1
1 0.266875 0.835 0.0925 0.125
0 0.093125 0.6220833333333333 0.07375 0.09916666666666667
0 0.2259375 0.5483333333333333 0.070625 0.09166666666666666
0 0.4065625 0.07791666666666666 0.076875 0.09583333333333334
0 0.5778125 0.605 0.083125 0.10333333333333333
0 0.06625 0.7916666666666666 0.0775 0.11333333333333333
0 0.27 0.6520833333333333 0.08 0.1025
0 0.1909375 0.90125 0.080625 0.1025
0 0.713125 0.69125 0.08 0.10416666666666667
0 0.943125 0.6729166666666667 0.0775 0.10583333333333333
0 0.5525 0.8958333333333334 0.08 0.11833333333333333
0 0.4034375 0.24625 0.078125 0.1025
0 0.59625 0.12833333333333333 0.065 0.08666666666666667
0 0.79375 0.9345833333333333 0.07375 0.0975
0 0.96125 0.36333333333333334 0.07625 0.095
0 0.2815625 0.051666666666666666 0.075625 0.09666666666666666
0 0.6940625 0.36125 0.070625 0.09083333333333334
0 0.7746875 0.6695833333333333 0.080625 0.09916666666666667
0 0.1371875 0.8120833333333334 0.069375 0.11916666666666667
0 0.94875 0.9170833333333334 0.08375 0.10916666666666666
0 0.3225 0.7375 0.07875 0.09833333333333333
0 0.75125 0.84 0.07375 0.09333333333333334
0 0.379375 0.5379166666666667 0.0675 0.08416666666666667
0 0.5028125 0.5170833333333333 0.086875 0.10416666666666667
0 0.7021875 0.4633333333333333 0.075625 0.10333333333333333
0 0.7675 0.45416666666666666 0.085 0.10666666666666667
0 0.368125 0.3904166666666667 0.08375 0.1075
0 0.7015625 0.885 0.074375 0.09166666666666666
0 0.87 0.6691666666666667 0.07125 0.10333333333333333
0 0.300625 0.19208333333333333 0.0675 0.10916666666666666
0 0.6534375 0.07375 0.080625 0.08916666666666667
0 0.1 0.32083333333333336 0.06625 0.10333333333333333
0 0.8990625 0.5 0.071875 0.105
0 0.2428125 0.21166666666666667 0.069375 0.09833333333333333
0 0.3690625 0.92875 0.073125 0.10583333333333333
0 0.139375 0.325 0.0725 0.12166666666666667
0 0.829375 0.59 0.06125 0.08666666666666667
0 0.679375 0.0425 0.055 0.07666666666666666
0 0.51125 0.46375 0.07375 0.0925