0 0.3146875 0.3491666666666667 0.073125 0.08833333333333333
0 0.1759375 0.88375 0.074375 0.09583333333333334
0 0.1915625 0.7291666666666666 0.068125 0.09166666666666666
0 0.3453125 0.7204166666666667 0.069375 0.0925
0 0.6084375 0.6641666666666667 0.060625 0.08666666666666667
0 0.2990625 0.7729166666666667 0.070625 0.09416666666666666
0 0.1065625 0.65875 0.073125 0.09916666666666667
0 0.853125 0.30791666666666667 0.06375 0.10083333333333333
0 0.5165625 0.16416666666666666 0.081875 0.10833333333333334
0 0.8565625 0.76375 0.073125 0.0975
0 0.449375 0.8254166666666667 0.0725 0.0975
0 0.0725 0.3933333333333333 0.07125 0.11
0 0.2840625 0.08083333333333333 0.065625 0.07166666666666667
0 0.3759375 0.8054166666666667 0.065625 0.09916666666666667
0 0.8990625 0.5895833333333333 0.068125 0.09583333333333334
0 0.5621875 0.8925 0.073125 0.07833333333333334
0 0.545 0.33458333333333334 0.07875 0.07916666666666666
0 0.2221875 0.47625 0.070625 0.1025
0 0.6303125 0.31125 0.070625 0.09583333333333334
0 0.21 0.34791666666666665 0.0675 0.0975
0 0.8090625 0.5083333333333333 0.073125 0.08333333333333333
0 0.633125 0.17708333333333334 0.0775 0.08083333333333333
0 0.884375 0.1125 0.06625 0.08833333333333333
0 0.2421875 0.5716666666666667 0.069375 0.08
0 0.3403125 0.5633333333333334 0.070625 0.1
0 0.1815625 0.6270833333333333 0.068125 0.0925
0 0.108125 0.315 0.07 0.08666666666666667
0 0.84875 0.6670833333333334 0.06 0.0825
0 0.95125 0.5329166666666667 0.07 0.06583333333333333
0 0.674375 0.92625 0.08375 0.0725
0 0.7075 0.7395833333333334 0.07125 0.10083333333333333
0 0.2721875 0.4083333333333333 0.071875 0.09166666666666666
0 0.444375 0.5795833333333333 0.07 0.08583333333333333
0 0.415625 0.43041666666666667 0.07625 0.09916666666666667
0 0.4015625 0.6375 0.075625 0.09833333333333333
0 0.681875 0.5895833333333333 0.075 0.10083333333333333
0 0.895 0.0425 0.0875 0.075
0 0.668125 0.3858333333333333 0.07 0.09833333333333333
0 0.6234375 0.5575 0.065625 0.10166666666666667
0 0.13625 0.7754166666666666 0.07 0.09583333333333334
0 0.6503125 0.2679166666666667 0.073125 0.09083333333333334
0 0.7240625 0.23 0.081875 0.09333333333333334
0 0.7778125 0.9525 0.069375 0.09166666666666666
0 0.721875 0.46458333333333335 0.07 0.10416666666666667
0 0.3103125 0.16208333333333333 0.085625 0.08583333333333333
0 0.053125 0.06458333333333334 0.075 0.09583333333333334
0 0.7378125 0.6954166666666667 0.064375 0.10583333333333333
0 0.665625 0.48041666666666666 0.07625 0.10083333333333333
0 0.7565625 0.2708333333333333 0.095625 0.065
0 0.8334375 0.59375 0.073125 0.1075
0 0.82 0.06666666666666667 0.06 0.09833333333333333
0 0.788125 0.15708333333333332 0.065 0.08583333333333333
0 0.433125 0.245 0.07875 0.09833333333333333
0 0.214375 0.175 0.06 0.08333333333333333
0 0.2746875 0.6758333333333333 0.074375 0.09166666666666666
0 0.76125 0.8620833333333333 0.07625 0.0925
0 0.4728125 0.5220833333333333 0.069375 0.09083333333333334
0 0.90375 0.88125 0.0825 0.09916666666666667
0 0.06 0.5708333333333333 0.05375 0.07833333333333334
0 0.25125 0.6379166666666667 0.07125 0.09583333333333334
0 0.348125 0.91375 0.06875 0.09083333333333334
0 0.1565625 0.27666666666666667 0.075625 0.08
0 0.60375 0.04708333333333333 0.0775 0.08916666666666667
0 0.955625 0.46291666666666664 0.0725 0.08416666666666667
0 0.1903125 0.057916666666666665 0.071875 0.08916666666666667
0 0.14 0.20291666666666666 0.0775 0.08916666666666667
0 0.9571875 0.41625 0.066875 0.0925
0 0.068125 0.13458333333333333 0.09 0.08583333333333333
0 0.5553125 0.59125 0.073125 0.08916666666666667
0 0.2878125 0.9279166666666666 0.073125 0.09916666666666667
0 0.5834375 0.48 0.074375 0.09166666666666666
0 0.4475 0.33666666666666667 0.07875 0.105
0 0.69125 0.8629166666666667 0.06125 0.0975
0 0.2940625 0.49041666666666667 0.078125 0.09916666666666667
0 0.54625 0.5454166666666667 0.07 0.0925
0 0.319375 0.8695833333333334 0.07875 0.07916666666666666
0 0.7259375 0.8316666666666667 0.080625 0.09333333333333334
0 0.205 0.11958333333333333 0.0725 0.0825
0 0.0315625 0.325 0.061875 0.09666666666666666
0 0.0809375 0.9354166666666667 0.061875 0.09583333333333334
0 0.0321875 0.5654166666666667 0.064375 0.1025
0 0.1528125 0.16833333333333333 0.068125 0.09666666666666666
0 0.7584375 0.15916666666666668 0.054375 0.08166666666666667