0 0.4534375 0.7716666666666666 0.066875 0.09333333333333334
0 0.1865625 0.13458333333333333 0.076875 0.06583333333333333
0 0.5934375 0.795 0.076875 0.10166666666666667
0 0.393125 0.42875 0.0725 0.07416666666666667
0 0.724375 0.22458333333333333 0.065 0.09416666666666666
0 0.4146875 0.49291666666666667 0.073125 0.09083333333333334
0 0.3503125 0.6275 0.070625 0.09333333333333334
0 0.505625 0.8375 0.065 0.08
0 0.2453125 0.3516666666666667 0.064375 0.08833333333333333
0 0.291875 0.6720833333333334 0.06125 0.0875
0 0.3509375 0.7166666666666667 0.055625 0.08833333333333333
0 0.59625 0.5604166666666667 0.05875 0.0825
0 0.5671875 0.8920833333333333 0.063125 0.08916666666666667
0 0.0671875 0.8833333333333333 0.063125 0.09666666666666666
0 0.073125 0.29333333333333333 0.07125 0.08
0 0.3815625 0.7883333333333333 0.068125 0.09833333333333333
0 0.420625 0.6225 0.07625 0.09166666666666666
0 0.165 0.7908333333333334 0.055 0.09
0 0.28875 0.9125 0.07375 0.10333333333333333
0 0.6271875 0.91875 0.078125 0.10416666666666667
0 0.5365625 0.47875 0.068125 0.07916666666666666
0 0.5509375 0.5483333333333333 0.064375 0.08333333333333333
0 0.88625 0.22166666666666668 0.06625 0.09833333333333333
0 0.0646875 0.7433333333333333 0.070625 0.08833333333333333
0 0.611875 0.6408333333333334 0.0775 0.06333333333333334
0 0.7834375 0.28625 0.078125 0.1125
0 0.2284375 0.6291666666666667 0.076875 0.095
0 0.90125 0.5875 0.08625 0.07666666666666666
0 0.4665625 0.9304166666666667 0.068125 0.08583333333333333
0 0.3203125 0.45708333333333334 0.068125 0.0775
0 0.2309375 0.5666666666666667 0.066875 0.08333333333333333
0 0.1528125 0.31083333333333335 0.078125 0.07833333333333334
0 0.044375 0.46791666666666665 0.0675 0.0875
0 0.24875 0.785 0.08875 0.07666666666666666
0 0.3040625 0.3858333333333333 0.071875 0.09
0 0.9215625 0.53625 0.074375 0.1075
0 0.205 0.4975 0.055 0.10666666666666667
0 0.379375 0.3016666666666667 0.07625 0.08333333333333333
0 0.1078125 0.5108333333333334 0.064375 0.10666666666666667
0 0.748125 0.15375 0.0775 0.0975
0 0.714375 0.4191666666666667 0.06625 0.09166666666666666
0 0.9340625 0.055 0.063125 0.09833333333333333
0 0.0646875 0.6433333333333333 0.064375 0.09333333333333334
0 0.0640625 0.39875 0.075625 0.10583333333333333
0 0.1965625 0.07166666666666667 0.073125 0.105
0 0.8234375 0.6308333333333334 0.108125 0.07333333333333333
0 0.1553125 0.5091666666666667 0.063125 0.115
0 0.2684375 0.51 0.070625 0.08666666666666667
0 0.48625 0.35541666666666666 0.09 0.0775
0 0.1053125 0.79625 0.073125 0.09583333333333334
0 0.19125 0.8583333333333333 0.07625 0.1
0 0.5253125 0.10291666666666667 0.089375 0.07583333333333334
0 0.6021875 0.4041666666666667 0.073125 0.11333333333333333
0 0.78 0.9208333333333333 0.075 0.07833333333333334
0 0.7234375 0.5045833333333334 0.074375 0.09583333333333334
0 0.1884375 0.9541666666666667 0.070625 0.09
0 0.2771875 0.21833333333333332 0.068125 0.09333333333333334
0 0.4384375 0.23333333333333334 0.076875 0.06666666666666667
0 0.7284375 0.62875 0.079375 0.07583333333333334
0 0.7825 0.5291666666666667 0.09125 0.10166666666666667
0 0.3625 0.9220833333333334 0.07375 0.1025
0 0.6509375 0.42375 0.064375 0.09416666666666666
0 0.7959375 0.10083333333333333 0.076875 0.11333333333333333
0 0.42375 0.05458333333333333 0.06375 0.10583333333333333
0 0.4371875 0.29041666666666666 0.063125 0.0725
0 0.055 0.09291666666666666 0.08375 0.08583333333333333
0 0.680625 0.3425 0.07625 0.09333333333333334
0 0.6440625 0.27708333333333335 0.063125 0.1025
0 0.2190625 0.9020833333333333 0.064375 0.08583333333333333
0 0.529375 0.15708333333333332 0.07875 0.09083333333333334
0 0.7771875 0.20291666666666666 0.074375 0.11083333333333334
0 0.20375 0.38416666666666666 0.09625 0.07833333333333334
0 0.874375 0.8608333333333333 0.09375 0.10166666666666667
0 0.2340625 0.24291666666666667 0.074375 0.0775
0 0.34375 0.18166666666666667 0.07 0.11166666666666666
0 0.4953125 0.22041666666666668 0.094375 0.10416666666666667
0 0.956875 0.3104166666666667 0.075 0.11083333333333334
0 0.6915625 0.9508333333333333 0.079375 0.09666666666666666
0 0.1909375 0.2579166666666667 0.084375 0.07416666666666667
0 0.4946875 0.3929166666666667 0.085625 0.08583333333333333
0 0.6815625 0.6116666666666667 0.065625 0.08333333333333333
0 0.481875 0.3179166666666667 0.07 0.0725
0 0.1053125 0.23875 0.098125 0.08083333333333333
0 0.951875 0.83375 0.07125 0.08416666666666667
0 0.748125 0.4675 0.075 0.11333333333333333
0 0.46875 0.05458333333333333 0.09 0.1025
1 0.7121875 0.8858333333333334 0.069375 0.10166666666666667
0 0.60125 0.19791666666666666 0.0725 0.1125
0 0.3484375 0.1275 0.074375 0.09166666666666666
0 0.309375 0.11041666666666666 0.07875 0.1075
0 0.3025 0.5575 0.07 0.09333333333333334
0 0.9084375 0.94875 0.068125 0.09583333333333334
0 0.671875 0.30875 0.08125 0.09583333333333334
0 0.9434375 0.95 0.075625 0.09333333333333334