0 0.4821875 0.38458333333333333 0.111875 0.14916666666666667
0 0.1003125 0.6108333333333333 0.103125 0.13666666666666666
0 0.7759375 0.45625 0.106875 0.1425
0 0.38 0.6583333333333333 0.105 0.14
0 0.3084375 0.4508333333333333 0.114375 0.15333333333333332
0 0.848125 0.47 0.105 0.14
0 0.139375 0.8066666666666666 0.10125 0.135
0 0.390625 0.36041666666666666 0.10375 0.13916666666666666
0 0.1175 0.40708333333333335 0.095 0.12583333333333332
0 0.5715625 0.1125 0.113125 0.15166666666666667
0 0.861875 0.2808333333333333 0.11125 0.14833333333333334
0 0.29 0.9166666666666666 0.11125 0.14833333333333334
0 0.3715625 0.18791666666666668 0.110625 0.1475
0 0.7590625 0.24541666666666667 0.103125 0.1375
0 0.7646875 0.5645833333333333 0.089375 0.11916666666666667
0 0.390625 0.7583333333333333 0.10125 0.135
0 0.7521875 0.13083333333333333 0.105625 0.14
0 0.49125 0.7391666666666666 0.10375 0.13833333333333334
0 0.200625 0.6054166666666667 0.10375 0.13916666666666666
0 0.2496875 0.7495833333333334 0.099375 0.1325
0 0.4346875 0.215 0.109375 0.14666666666666667
0 0.6225 0.6595833333333333 0.1025 0.1375
0 0.09 0.7179166666666666 0.10875 0.14583333333333334
0 0.803125 0.7070833333333333 0.09875 0.1325
0 0.4715625 0.29875 0.103125 0.1375
0 0.65375 0.5383333333333333 0.11125 0.14833333333333334
0 0.6615625 0.48375 0.106875 0.1425