0 0.2321875 0.7529166666666667 0.083125 0.11083333333333334
0 0.6725 0.8841666666666667 0.09 0.12
0 0.6415625 0.08708333333333333 0.095625 0.1275
0 0.338125 0.7925 0.095 0.12666666666666668
0 0.388125 0.23666666666666666 0.0925 0.12333333333333334
0 0.26625 0.5908333333333333 0.09875 0.13166666666666665
0 0.8203125 0.4270833333333333 0.100625 0.13416666666666666
0 0.669375 0.8108333333333333 0.1025 0.13666666666666666
0 0.5509375 0.20166666666666666 0.103125 0.13833333333333334
0 0.103125 0.4995833333333333 0.1 0.13416666666666666
0 0.6125 0.37375 0.09 0.12083333333333333
0 0.2703125 0.40791666666666665 0.088125 0.1175
0 0.4134375 0.8375 0.083125 0.11166666666666666
0 0.1459375 0.43166666666666664 0.089375 0.12
0 0.32625 0.6508333333333334 0.1025 0.13666666666666666
0 0.8240625 0.69625 0.095625 0.1275
0 0.361875 0.47708333333333336 0.0825 0.11083333333333334
0 0.309375 0.26875 0.0925 0.12416666666666666
0 0.4321875 0.2920833333333333 0.081875 0.10916666666666666
0 0.3040625 0.18958333333333333 0.084375 0.1125
1 0.653125 0.5841666666666666 0.12 0.16
1 0.2771875 0.91125 0.113125 0.15083333333333335
0 0.4225 0.7066666666666667 0.09 0.12
0 0.825625 0.12416666666666666 0.0875 0.11666666666666667
0 0.75375 0.67625 0.09625 0.12916666666666668
1 0.6696875 0.30916666666666665 0.115625 0.15333333333333332
0 0.514375 0.11916666666666667 0.08 0.10666666666666667
0 0.4446875 0.105 0.073125 0.09833333333333333
0 0.9259375 0.5145833333333333 0.093125 0.12416666666666666
0 0.3365625 0.9066666666666666 0.088125 0.11666666666666667
0 0.3959375 0.9154166666666667 0.086875 0.11583333333333333
0 0.4409375 0.18833333333333332 0.081875 0.10833333333333334
0 0.4840625 0.25625 0.068125 0.09083333333333334
1 0.4678125 0.5691666666666667 0.124375 0.16666666666666666
0 0.488125 0.19208333333333333 0.0725 0.0975
0 0.458125 0.7579166666666667 0.0725 0.09583333333333334
0 0.9096875 0.25583333333333336 0.085625 0.115
0 0.548125 0.36541666666666667 0.07875 0.10416666666666667
1 0.48375 0.33541666666666664 0.10625 0.14083333333333334
0 0.4796875 0.7045833333333333 0.091875 0.1225
0 0.5809375 0.6779166666666666 0.083125 0.11083333333333334
0 0.9409375 0.25708333333333333 0.073125 0.0975
0 0.546875 0.60875 0.1725 0.22916666666666666
0 0.623125 0.3095833333333333 0.065 0.0875