0 0.1075 0.495 0.07 0.09166666666666666
0 0.5125 0.0475 0.07 0.085
0 0.243125 0.15875 0.06625 0.08583333333333333
0 0.550625 0.67875 0.07375 0.08083333333333333
0 0.2921875 0.9241666666666667 0.076875 0.08333333333333333
0 0.3296875 0.8220833333333334 0.076875 0.08583333333333333
0 0.7503125 0.95125 0.068125 0.08916666666666667
0 0.2090625 0.3541666666666667 0.076875 0.075
0 0.70125 0.07583333333333334 0.06625 0.09166666666666666
0 0.95625 0.14333333333333334 0.0675 0.10166666666666667
0 0.338125 0.10125 0.07125 0.09583333333333334
0 0.681875 0.19541666666666666 0.07625 0.10083333333333333
0 0.40875 0.7370833333333333 0.0775 0.0875
0 0.4359375 0.044583333333333336 0.076875 0.07583333333333334
0 0.425625 0.20875 0.085 0.0925
0 0.446875 0.5420833333333334 0.08875 0.0875
0 0.4415625 0.4 0.090625 0.07166666666666667
0 0.1284375 0.04958333333333333 0.071875 0.08416666666666667
0 0.35875 0.6016666666666667 0.085 0.07833333333333334
0 0.81375 0.09166666666666666 0.0775 0.10166666666666667
0 0.0371875 0.61 0.070625 0.08833333333333333
0 0.6059375 0.08875 0.083125 0.0875
0 0.506875 0.2525 0.10125 0.07
0 0.929375 0.88375 0.08375 0.08083333333333333
0 0.353125 0.43875 0.08875 0.06416666666666666
0 0.31875 0.6754166666666667 0.095 0.08083333333333333
0 0.3796875 0.13916666666666666 0.074375 0.07666666666666666
0 0.4390625 0.8479166666666667 0.089375 0.0925
0 0.4575 0.12666666666666668 0.07375 0.08833333333333333
0 0.3884375 0.8929166666666667 0.094375 0.0725
0 0.615625 0.33625 0.075 0.10583333333333333
0 0.419375 0.305 0.11125 0.07166666666666667
0 0.1303125 0.15291666666666667 0.074375 0.10083333333333333
0 0.2984375 0.29791666666666666 0.076875 0.1075
0 0.8453125 0.7054166666666667 0.065625 0.0975
0 0.775 0.7325 0.08375 0.08666666666666667
0 0.4975 0.50625 0.07375 0.10583333333333333
0 0.509375 0.16666666666666666 0.06375 0.09333333333333334
0 0.5128125 0.95125 0.081875 0.09083333333333334
0 0.7759375 0.8045833333333333 0.090625 0.08583333333333333
0 0.69125 0.8608333333333333 0.0775 0.10333333333333333
0 0.1803125 0.24916666666666668 0.081875 0.1
0 0.55875 0.3104166666666667 0.0975 0.0625
0 0.8175 0.6304166666666666 0.07875 0.09083333333333334
0 0.51 0.9004166666666666 0.10125 0.0775
0 0.75 0.6125 0.07125 0.10166666666666667
0 0.505 0.79875 0.0725 0.09416666666666666
0 0.27125 0.57 0.07125 0.09333333333333334
0 0.5334375 0.40166666666666667 0.076875 0.09333333333333334
0 0.9378125 0.8016666666666666 0.090625 0.09333333333333334
0 0.17125 0.43125 0.08 0.0825