0 0.268125 0.16875 0.07375 0.1025
0 0.8315625 0.8604166666666667 0.074375 0.10583333333333333
0 0.4765625 0.35541666666666666 0.083125 0.1125
0 0.5565625 0.2725 0.070625 0.09666666666666666
0 0.610625 0.7475 0.07875 0.105
0 0.183125 0.6808333333333333 0.08 0.10666666666666667
0 0.5284375 0.5266666666666666 0.088125 0.10333333333333333
0 0.3946875 0.195 0.084375 0.105
0 0.711875 0.45708333333333334 0.07625 0.1075
0 0.19 0.14125 0.0725 0.0975
0 0.4903125 0.15041666666666667 0.080625 0.09583333333333334
0 0.4946875 0.7691666666666667 0.070625 0.105
0 0.4059375 0.3725 0.071875 0.10166666666666667
0 0.3684375 0.50875 0.083125 0.10083333333333333
0 0.37125 0.77375 0.07875 0.10916666666666666
1 0.2834375 0.405 0.086875 0.12666666666666668
0 0.5584375 0.62625 0.078125 0.1025
0 0.6421875 0.325 0.074375 0.11333333333333333
0 0.80625 0.5345833333333333 0.07 0.1025
0 0.76125 0.82875 0.07125 0.12416666666666666
0 0.45 0.67375 0.08125 0.09916666666666667
0 0.6378125 0.23083333333333333 0.080625 0.095
1 0.5453125 0.06666666666666667 0.080625 0.12666666666666668
0 0.34125 0.39375 0.05375 0.14916666666666667