0 0.779375 0.13833333333333334 0.0725 0.09
0 0.949375 0.82625 0.07875 0.10416666666666667
0 0.74125 0.47125 0.07875 0.10416666666666667
0 0.2784375 0.245 0.084375 0.09666666666666666
0 0.2775 0.7083333333333334 0.07125 0.1
0 0.32125 0.7641666666666667 0.08 0.1
0 0.71 0.8391666666666666 0.08 0.09666666666666666
0 0.9278125 0.16208333333333333 0.079375 0.09916666666666667
0 0.4875 0.86125 0.08 0.0925
0 0.1521875 0.6833333333333333 0.083125 0.1
0 0.6884375 0.05875 0.066875 0.09583333333333334
0 0.4275 0.6195833333333334 0.0725 0.0975
0 0.584375 0.44666666666666666 0.07375 0.08833333333333333
0 0.7 0.56 0.075 0.10166666666666667
0 0.2703125 0.4216666666666667 0.076875 0.08833333333333333
0 0.2328125 0.5116666666666667 0.075625 0.10833333333333334
0 0.2478125 0.6358333333333334 0.074375 0.09333333333333334
0 0.048125 0.7825 0.08375 0.105
0 0.84375 0.7420833333333333 0.085 0.09916666666666667
0 0.16 0.3329166666666667 0.08125 0.10916666666666666
0 0.8240625 0.3304166666666667 0.073125 0.0975
0 0.04375 0.07333333333333333 0.07375 0.095
0 0.1221875 0.5983333333333334 0.074375 0.10666666666666667
0 0.54 0.7945833333333333 0.0775 0.09583333333333334
0 0.4290625 0.48375 0.085625 0.11083333333333334
0 0.19125 0.44 0.07125 0.09833333333333333
0 0.6271875 0.9220833333333334 0.071875 0.0975
0 0.8790625 0.6295833333333334 0.064375 0.11083333333333334
0 0.9103125 0.5425 0.075625 0.09
0 0.4359375 0.29333333333333333 0.069375 0.09333333333333334
0 0.4859375 0.135 0.073125 0.09666666666666666
0 0.82875 0.48791666666666667 0.07375 0.11416666666666667
0 0.5315625 0.4025 0.059375 0.08333333333333333
0 0.5528125 0.06375 0.076875 0.09416666666666666
0 0.3128125 0.5333333333333333 0.078125 0.105
0 0.2134375 0.33541666666666664 0.091875 0.1075
0 0.765 0.3516666666666667 0.0625 0.105
0 0.7034375 0.9366666666666666 0.076875 0.10666666666666667
0 0.3165625 0.8429166666666666 0.069375 0.09416666666666666
0 0.0590625 0.5366666666666666 0.069375 0.09166666666666666
0 0.6321875 0.6770833333333334 0.085625 0.10083333333333333
0 0.4484375 0.80625 0.074375 0.1075
0 0.053125 0.2866666666666667 0.0775 0.08166666666666667
0 0.633125 0.15958333333333333 0.08 0.09916666666666667
0 0.43625 0.92625 0.0725 0.09916666666666667
0 0.373125 0.8845833333333334 0.0775 0.10916666666666666
0 0.14 0.86875 0.07125 0.09583333333333334
0 0.94875 0.07958333333333334 0.07 0.09083333333333334
0 0.6896875 0.7504166666666666 0.064375 0.0925
0 0.5428125 0.9108333333333334 0.060625 0.08
0 0.625625 0.10666666666666667 0.0775 0.10166666666666667
0 0.658125 0.34375 0.065 0.10083333333333333
0 0.3696875 0.08291666666666667 0.080625 0.10416666666666667
0 0.2634375 0.8204166666666667 0.079375 0.09416666666666666
0 0.6234375 0.6183333333333333 0.075625 0.1
0 0.0809375 0.2575 0.073125 0.095
0 0.351875 0.38 0.0775 0.08833333333333333
0 0.83875 0.6308333333333334 0.07125 0.10666666666666667
0 0.9121875 0.43333333333333335 0.071875 0.08833333333333333
0 0.5390625 0.5091666666666667 0.069375 0.09333333333333334
0 0.81875 0.06291666666666666 0.07375 0.10083333333333333
0 0.418125 0.0575 0.0825 0.09833333333333333
0 0.755625 0.059583333333333335 0.0625 0.09583333333333334
0 0.9334375 0.49125 0.074375 0.10083333333333333
0 0.0815625 0.52 0.079375 0.09166666666666666
0 0.6196875 0.36625 0.053125 0.09583333333333334
0 0.3596875 0.33625 0.071875 0.0875
0 0.33625 0.92375 0.085 0.0775
0 0.7071875 0.21208333333333335 0.070625 0.11416666666666667
0 0.7390625 0.22 0.059375 0.08833333333333333
0 0.8821875 0.42375 0.073125 0.09083333333333334
0 0.5475 0.5433333333333333 0.065 0.10333333333333333