0 0.795625 0.6154166666666666 0.05375 0.07916666666666666
0 0.8228125 0.10666666666666667 0.075625 0.09833333333333333
0 0.249375 0.3875 0.0675 0.095
0 0.8225 0.19375 0.0625 0.0825
0 0.7775 0.8225 0.08 0.09833333333333333
0 0.705625 0.11958333333333333 0.05125 0.08083333333333333
0 0.223125 0.9170833333333334 0.06125 0.0775
0 0.5759375 0.8383333333333334 0.061875 0.09666666666666666
0 0.6825 0.8720833333333333 0.06875 0.09583333333333334
0 0.758125 0.47 0.07625 0.08333333333333333
0 0.54125 0.059583333333333335 0.0675 0.08083333333333333
0 0.83375 0.7395833333333334 0.07 0.09083333333333334
0 0.3059375 0.04833333333333333 0.055625 0.085
0 0.3075 0.4533333333333333 0.07875 0.09166666666666666
0 0.1653125 0.47333333333333333 0.060625 0.09666666666666666
0 0.31125 0.5895833333333333 0.0725 0.0875
0 0.198125 0.83375 0.04375 0.07083333333333333
0 0.245 0.46291666666666664 0.07125 0.09916666666666667
0 0.74875 0.7291666666666666 0.0625 0.09833333333333333
0 0.331875 0.7041666666666667 0.06625 0.08333333333333333
0 0.6546875 0.1375 0.054375 0.08333333333333333
0 0.705625 0.6279166666666667 0.05375 0.08416666666666667
0 0.2828125 0.9420833333333334 0.066875 0.0925
0 0.508125 0.74625 0.055 0.0825
0 0.6659375 0.04416666666666667 0.059375 0.085
0 0.338125 0.36541666666666667 0.0625 0.07583333333333334
0 0.249375 0.0675 0.06 0.08166666666666667
0 0.1721875 0.5970833333333333 0.071875 0.1025
0 0.3590625 0.09416666666666666 0.056875 0.07833333333333334
0 0.250625 0.32 0.0575 0.07666666666666666
0 0.21375 0.2529166666666667 0.065 0.0775
0 0.58 0.1025 0.0575 0.09166666666666666
0 0.760625 0.12208333333333334 0.0525 0.0675
0 0.46125 0.2608333333333333 0.06625 0.09
0 0.1990625 0.10458333333333333 0.065625 0.08916666666666667
0 0.3596875 0.7741666666666667 0.059375 0.07833333333333334
0 0.405625 0.4220833333333333 0.05625 0.08916666666666667
0 0.596875 0.39791666666666664 0.07375 0.07416666666666667
0 0.485 0.13875 0.075 0.0925
0 0.36625 0.25333333333333335 0.06125 0.09166666666666666
0 0.5865625 0.4995833333333333 0.063125 0.09083333333333334
0 0.555 0.6183333333333333 0.06625 0.085
0 0.459375 0.47541666666666665 0.065 0.1325
0 0.3515625 0.41291666666666665 0.054375 0.08583333333333333
1 0.2309375 0.58875 0.065625 0.1275
0 0.3909375 0.505 0.058125 0.08
0 0.4971875 0.4483333333333333 0.064375 0.08166666666666667
0 0.805625 0.51875 0.0575 0.0775
0 0.473125 0.64125 0.07125 0.10083333333333333
0 0.60375 0.7325 0.0675 0.075
0 0.2228125 0.7720833333333333 0.058125 0.07416666666666667
0 0.6565625 0.21458333333333332 0.050625 0.07916666666666666
0 0.8290625 0.8866666666666667 0.059375 0.08833333333333333
0 0.3134375 0.2325 0.054375 0.07833333333333334
0 0.7471875 0.87375 0.059375 0.08583333333333333
0 0.679375 0.2825 0.05125 0.065
0 0.5303125 0.34125 0.060625 0.08916666666666667
0 0.5746875 0.7245833333333334 0.070625 0.08416666666666667
0 0.645 0.64125 0.05125 0.0875
0 0.5228125 0.8366666666666667 0.048125 0.11
0 0.534375 0.16333333333333333 0.06125 0.07833333333333334
0 0.3371875 0.16458333333333333 0.054375 0.08083333333333333
0 0.3984375 0.3095833333333333 0.060625 0.06583333333333333
0 0.4128125 0.2175 0.044375 0.07666666666666666
0 0.2815625 0.6683333333333333 0.055625 0.085
0 0.62125 0.28375 0.05 0.06583333333333333
0 0.59875 0.23416666666666666 0.05125 0.06833333333333333
0 0.48625 0.2791666666666667 0.06375 0.08666666666666667
0 0.5346875 0.21375 0.058125 0.0875
0 0.7228125 0.40958333333333335 0.059375 0.060833333333333336
0 0.7425 0.34541666666666665 0.045 0.0825
0 0.796875 0.3883333333333333 0.0725 0.08666666666666667
0 0.843125 0.4870833333333333 0.0625 0.0825
0 0.688125 0.6495833333333333 0.055 0.09416666666666666
0 0.591875 0.7733333333333333 0.0525 0.07333333333333333
0 0.4275 0.39375 0.06625 0.06583333333333333
0 0.1953125 0.36583333333333334 0.045625 0.07333333333333333
0 0.50875 0.5654166666666667 0.045 0.0625
0 0.51375 0.6204166666666666 0.04625 0.0625
1 0.59875 0.6325 0.05 0.11666666666666667
1 0.5578125 0.2604166666666667 0.079375 0.10583333333333333
0 0.3878125 0.8466666666666667 0.040625 0.09