0 0.7621875 0.2529166666666667 0.115625 0.15416666666666667
0 0.235 0.7966666666666666 0.1 0.13333333333333333
0 0.6903125 0.13458333333333333 0.109375 0.14583333333333334
0 0.4590625 0.3620833333333333 0.100625 0.13416666666666666
0 0.5034375 0.09833333333333333 0.094375 0.125
0 0.633125 0.7016666666666667 0.1 0.13333333333333333
0 0.471875 0.6720833333333334 0.105 0.13916666666666666
0 0.59125 0.2966666666666667 0.105 0.14
0 0.7928125 0.15625 0.105625 0.14083333333333334
0 0.2028125 0.32958333333333334 0.093125 0.12416666666666666
0 0.261875 0.6283333333333333 0.09 0.12
0 0.291875 0.7091666666666666 0.1025 0.13666666666666666
0 0.2865625 0.15791666666666668 0.113125 0.15083333333333335
0 0.1946875 0.4295833333333333 0.105625 0.14083333333333334
0 0.555625 0.5216666666666666 0.09875 0.13166666666666665
0 0.57375 0.39458333333333334 0.1075 0.1425
0 0.38 0.7616666666666667 0.1225 0.16333333333333333
0 0.3978125 0.5616666666666666 0.106875 0.14333333333333334
0 0.684375 0.7675 0.10625 0.14166666666666666
0 0.573125 0.18166666666666667 0.10625 0.14166666666666666
0 0.4678125 0.24708333333333332 0.109375 0.14583333333333334
0 0.6946875 0.40791666666666665 0.105625 0.14083333333333334
0 0.109375 0.58375 0.11125 0.1475
0 0.8415625 0.36833333333333335 0.114375 0.15166666666666667
0 0.523125 0.8954166666666666 0.1125 0.15083333333333335
0 0.5246875 0.60875 0.103125 0.1375
0 0.876875 0.565 0.09625 0.12833333333333333
0 0.1646875 0.85875 0.105625 0.14083333333333334
0 0.7178125 0.49125 0.095625 0.1275
0 0.6596875 0.3129166666666667 0.104375 0.13916666666666666
0 0.9225 0.34041666666666665 0.10375 0.13916666666666666
0 0.948125 0.49625 0.09625 0.12916666666666668
0 0.371875 0.2991666666666667 0.1075 0.14333333333333334
0 0.228125 0.925 0.10625 0.14166666666666666
0 0.7965625 0.5454166666666667 0.104375 0.13916666666666666
0 0.3484375 0.6241666666666666 0.085625 0.115
0 0.4428125 0.8483333333333334 0.108125 0.145
1 0.2746875 0.44875 0.106875 0.1425
0 0.719375 0.6533333333333333 0.09 0.12
0 0.3596875 0.8791666666666667 0.101875 0.135
0 0.5759375 0.79 0.115625 0.15333333333333332
0 0.3253125 0.37416666666666665 0.110625 0.14666666666666667
0 0.3478125 0.49833333333333335 0.099375 0.13333333333333333