0 0.106875 0.2604166666666667 0.0775 0.09416666666666666
0 0.9234375 0.50625 0.065625 0.07916666666666666
0 0.805625 0.8958333333333334 0.0625 0.09
0 0.310625 0.35125 0.08125 0.08583333333333333
0 0.0871875 0.13041666666666665 0.081875 0.09416666666666666
0 0.16625 0.34208333333333335 0.07625 0.1025
0 0.731875 0.7920833333333334 0.0725 0.0975
0 0.5459375 0.10916666666666666 0.075625 0.10333333333333333
0 0.32625 0.7575 0.0825 0.10333333333333333
0 0.1884375 0.7883333333333333 0.078125 0.11666666666666667
0 0.588125 0.6441666666666667 0.0725 0.1
0 0.3771875 0.12625 0.073125 0.1025
0 0.6540625 0.23625 0.075625 0.10916666666666666
0 0.6453125 0.6991666666666667 0.066875 0.09166666666666666
0 0.091875 0.5195833333333333 0.06625 0.0925
0 0.399375 0.43125 0.07875 0.0925
0 0.3315625 0.47333333333333333 0.073125 0.1
0 0.8821875 0.41291666666666665 0.070625 0.08916666666666667
0 0.160625 0.14708333333333334 0.0725 0.1025
0 0.2615625 0.5991666666666666 0.069375 0.11166666666666666
0 0.39875 0.3475 0.07 0.09666666666666666
0 0.40875 0.21333333333333335 0.07125 0.09666666666666666
0 0.13375 0.6979166666666666 0.07375 0.09916666666666667
0 0.79 0.74 0.0725 0.105
0 0.53875 0.5720833333333334 0.075 0.1025
0 0.8946875 0.8891666666666667 0.080625 0.10333333333333333
0 0.47375 0.5291666666666667 0.0675 0.10666666666666667
0 0.8140625 0.14458333333333334 0.066875 0.0975
0 0.325625 0.18833333333333332 0.065 0.105
0 0.2071875 0.6625 0.079375 0.105
0 0.0684375 0.24916666666666668 0.073125 0.10166666666666667
0 0.39625 0.5491666666666667 0.0725 0.095
0 0.68625 0.49041666666666667 0.08125 0.1175
0 0.3075 0.12041666666666667 0.0775 0.0975
0 0.7715625 0.2704166666666667 0.075625 0.10583333333333333
0 0.944375 0.20541666666666666 0.0675 0.09083333333333334
0 0.235625 0.31875 0.07125 0.09916666666666667
0 0.8490625 0.6420833333333333 0.078125 0.09416666666666666
0 0.4821875 0.32458333333333333 0.091875 0.1075
0 0.10375 0.6116666666666667 0.0675 0.08833333333333333
0 0.37375 0.6366666666666667 0.0825 0.09666666666666666
0 0.6221875 0.7441666666666666 0.076875 0.09666666666666666
0 0.859375 0.78625 0.0775 0.09583333333333334
0 0.4584375 0.6270833333333333 0.064375 0.09916666666666667
0 0.2578125 0.48541666666666666 0.083125 0.1025
0 0.85625 0.07208333333333333 0.0875 0.08916666666666667
0 0.539375 0.9429166666666666 0.0725 0.11083333333333334
0 0.885625 0.34958333333333336 0.06625 0.09583333333333334
0 0.4796875 0.20791666666666667 0.066875 0.10583333333333333
0 0.863125 0.22958333333333333 0.07125 0.09916666666666667
0 0.275 0.39791666666666664 0.075 0.09083333333333334
0 0.5946875 0.30125 0.080625 0.11083333333333334
0 0.9190625 0.7141666666666666 0.061875 0.10833333333333334
0 0.2653125 0.7758333333333334 0.081875 0.10333333333333333
0 0.745625 0.6554166666666666 0.07 0.10083333333333333
0 0.889375 0.835 0.075 0.09333333333333334
0 0.2509375 0.23875 0.070625 0.0925
0 0.421875 0.7008333333333333 0.06 0.085
0 0.5921875 0.5129166666666667 0.066875 0.1025
0 0.746875 0.12958333333333333 0.07125 0.09416666666666666
0 0.2628125 0.9245833333333333 0.075625 0.1075
0 0.223125 0.9058333333333334 0.07625 0.10666666666666667
0 0.5290625 0.6341666666666667 0.078125 0.09666666666666666
0 0.4946875 0.14583333333333334 0.060625 0.07166666666666667
0 0.0728125 0.65 0.059375 0.08666666666666667
0 0.265 0.8229166666666666 0.07375 0.10583333333333333
0 0.6265625 0.4741666666666667 0.056875 0.10666666666666667
0 0.4434375 0.9395833333333333 0.071875 0.11083333333333334
0 0.40625 0.5141666666666667 0.075 0.11166666666666666
0 0.6859375 0.9183333333333333 0.059375 0.10166666666666667
0 0.0365625 0.6408333333333334 0.056875 0.11333333333333333
0 0.3546875 0.7283333333333334 0.085625 0.09
0 0.6575 0.54375 0.065 0.08583333333333333
0 0.7453125 0.5979166666666667 0.055625 0.11083333333333334
1 0.851875 0.5708333333333333 0.0825 0.11333333333333333
0 0.5134375 0.9366666666666666 0.068125 0.09333333333333334
0 0.5609375 0.48083333333333333 0.070625 0.09333333333333334
0 0.24375 0.47541666666666665 0.0775 0.09916666666666667