0 0.2709375 0.36833333333333335 0.070625 0.09666666666666666
0 0.2125 0.715 0.0675 0.09
0 0.0978125 0.85875 0.070625 0.10583333333333333
0 0.224375 0.5916666666666667 0.07 0.07666666666666666
0 0.5040625 0.8145833333333333 0.080625 0.09083333333333334
0 0.3840625 0.5154166666666666 0.085625 0.0825
0 0.615 0.5516666666666666 0.0775 0.10666666666666667
0 0.6615625 0.18833333333333332 0.065625 0.09166666666666666
0 0.8146875 0.63375 0.088125 0.07583333333333334
0 0.33125 0.4508333333333333 0.07125 0.10333333333333333
0 0.1590625 0.36625 0.070625 0.09083333333333334
0 0.38 0.20666666666666667 0.0775 0.07666666666666666
0 0.709375 0.5508333333333333 0.0775 0.10166666666666667
0 0.6103125 0.1725 0.054375 0.08833333333333333
0 0.93375 0.42583333333333334 0.09375 0.08166666666666667
0 0.159375 0.09208333333333334 0.08125 0.07916666666666666
0 0.5334375 0.8829166666666667 0.088125 0.08583333333333333
0 0.794375 0.30375 0.10375 0.06916666666666667
0 0.1128125 0.55 0.083125 0.08833333333333333
0 0.9053125 0.35083333333333333 0.093125 0.09333333333333334
0 0.4253125 0.86625 0.105625 0.08083333333333333
0 0.8334375 0.19625 0.083125 0.0675
0 0.93 0.8508333333333333 0.08 0.09
0 0.05875 0.30583333333333335 0.07875 0.1
0 0.4428125 0.61875 0.081875 0.10916666666666666
0 0.82875 0.14291666666666666 0.0925 0.07583333333333334
0 0.3884375 0.6733333333333333 0.100625 0.09
0 0.7525 0.6825 0.08375 0.08666666666666667
0 0.59125 0.06958333333333333 0.10125 0.07916666666666666
0 0.8040625 0.3695833333333333 0.094375 0.07583333333333334
0 0.194375 0.4775 0.0875 0.075
0 0.320625 0.69 0.08875 0.095
0 0.5784375 0.48833333333333334 0.081875 0.10666666666666667
0 0.7496875 0.41791666666666666 0.103125 0.07583333333333334
0 0.88875 0.57125 0.09125 0.08583333333333333
0 0.0390625 0.5195833333333333 0.064375 0.09583333333333334
0 0.1740625 0.9054166666666666 0.094375 0.08416666666666667
0 0.7515625 0.9616666666666667 0.078125 0.07333333333333333
0 0.094375 0.7633333333333333 0.07875 0.10666666666666667
0 0.230625 0.22583333333333333 0.07625 0.10666666666666667