0 0.5975 0.8891666666666667 0.0825 0.11
0 0.6021875 0.47625 0.100625 0.13416666666666666
0 0.4275 0.13916666666666666 0.10125 0.135
0 0.3265625 0.45625 0.086875 0.11583333333333333
0 0.94 0.2783333333333333 0.09875 0.13166666666666665
0 0.190625 0.8495833333333334 0.1 0.13416666666666666
0 0.3084375 0.8504166666666667 0.099375 0.1325
0 0.691875 0.7716666666666666 0.09375 0.125
0 0.12875 0.6425 0.085 0.11333333333333333
0 0.5059375 0.6725 0.101875 0.135
0 0.8828125 0.3225 0.086875 0.115
0 0.351875 0.9091666666666667 0.085 0.11333333333333333
0 0.1503125 0.7270833333333333 0.096875 0.12916666666666668
0 0.355625 0.6020833333333333 0.08625 0.11583333333333333
0 0.6665625 0.655 0.091875 0.12166666666666667
0 0.8171875 0.6495833333333333 0.109375 0.14583333333333334
0 0.29875 0.12625 0.09125 0.12083333333333333
0 0.6946875 0.5691666666666667 0.103125 0.13833333333333334
0 0.5765625 0.38625 0.094375 0.12583333333333332
0 0.431875 0.8241666666666667 0.1 0.13333333333333333
0 0.725 0.13666666666666666 0.0975 0.13
0 0.39875 0.6991666666666667 0.1025 0.13666666666666666
0 0.310625 0.33458333333333334 0.09125 0.1225
0 0.8415625 0.5570833333333334 0.089375 0.11916666666666667
0 0.2915625 0.9354166666666667 0.095625 0.1275
0 0.3084375 0.28125 0.094375 0.12583333333333332
0 0.2303125 0.2704166666666667 0.091875 0.1225
0 0.6225 0.5666666666666667 0.09625 0.12833333333333333
0 0.519375 0.7808333333333334 0.11 0.14666666666666667
0 0.8875 0.13708333333333333 0.095 0.12583333333333332
0 0.4075 0.8975 0.08875 0.11833333333333333
0 0.675 0.14833333333333334 0.1025 0.13666666666666666
0 0.8490625 0.18291666666666667 0.089375 0.11916666666666667
0 0.3540625 0.69375 0.100625 0.13416666666666666
0 0.719375 0.8366666666666667 0.09375 0.125
0 0.890625 0.5966666666666667 0.1 0.13333333333333333
0 0.94375 0.37416666666666665 0.09375 0.125
0 0.6578125 0.85125 0.089375 0.11916666666666667