0 0.7821875 0.16375 0.064375 0.08583333333333333
0 0.550625 0.43166666666666664 0.075 0.09166666666666666
0 0.198125 0.2658333333333333 0.08 0.1
0 0.5975 0.37083333333333335 0.065 0.105
0 0.4625 0.65875 0.06125 0.08083333333333333
0 0.289375 0.4225 0.07375 0.095
0 0.4309375 0.7733333333333333 0.078125 0.09666666666666666
0 0.4184375 0.6141666666666666 0.068125 0.09166666666666666
0 0.373125 0.8808333333333334 0.065 0.075
0 0.4484375 0.3858333333333333 0.076875 0.095
0 0.701875 0.9104166666666667 0.0775 0.09583333333333334
0 0.703125 0.7945833333333333 0.07375 0.08916666666666667
0 0.3515625 0.29541666666666666 0.066875 0.0925
0 0.6190625 0.21583333333333332 0.073125 0.095
0 0.5871875 0.9233333333333333 0.071875 0.095
0 0.835625 0.7825 0.06625 0.10166666666666667
1 0.7878125 0.7041666666666667 0.081875 0.10666666666666667
0 0.6540625 0.4 0.069375 0.1
0 0.2996875 0.2579166666666667 0.071875 0.10583333333333333
0 0.821875 0.9308333333333333 0.075 0.10666666666666667
0 0.664375 0.8391666666666666 0.07375 0.10666666666666667
0 0.7175 0.04541666666666667 0.08625 0.06916666666666667
0 0.2134375 0.06125 0.071875 0.0825
0 0.499375 0.8095833333333333 0.05625 0.1025
0 0.8128125 0.29291666666666666 0.088125 0.08083333333333333
0 0.3925 0.075 0.0825 0.08833333333333333
0 0.2671875 0.8245833333333333 0.060625 0.1225
0 0.33625 0.7970833333333334 0.07875 0.10583333333333333
0 0.40625 0.28291666666666665 0.0875 0.10416666666666667
0 0.2340625 0.9454166666666667 0.093125 0.08083333333333333
0 0.23 0.8820833333333333 0.09 0.08583333333333333
0 0.2090625 0.8125 0.083125 0.095
0 0.8234375 0.6575 0.064375 0.12166666666666667