0 0.4546875 0.8858333333333334 0.096875 0.13
0 0.47375 0.7945833333333333 0.0925 0.12416666666666666
0 0.4325 0.31666666666666665 0.095 0.12666666666666668
0 0.2075 0.6008333333333333 0.09125 0.12166666666666667
0 0.298125 0.7333333333333333 0.09875 0.13166666666666665
0 0.815 0.5170833333333333 0.09125 0.1225
0 0.6621875 0.35208333333333336 0.084375 0.1125
0 0.45375 0.7066666666666667 0.085 0.11333333333333333
0 0.7384375 0.36625 0.085625 0.11416666666666667
0 0.78375 0.31333333333333335 0.0875 0.11666666666666667
0 0.13875 0.6229166666666667 0.10375 0.1375
0 0.270625 0.6333333333333333 0.095 0.12666666666666668
0 0.500625 0.6316666666666667 0.095 0.12666666666666668
0 0.1784375 0.7033333333333334 0.101875 0.13666666666666666
0 0.57 0.40875 0.095 0.12583333333333332
0 0.4634375 0.55875 0.093125 0.12416666666666666
0 0.953125 0.34708333333333335 0.085 0.1125
0 0.771875 0.5825 0.0875 0.11666666666666667
0 0.879375 0.555 0.09125 0.12166666666666667
0 0.39625 0.5466666666666666 0.1025 0.13666666666666666
0 0.3584375 0.2975 0.094375 0.125
0 0.4628125 0.23583333333333334 0.104375 0.14
0 0.3021875 0.5470833333333334 0.093125 0.12416666666666666
0 0.445625 0.16541666666666666 0.09 0.11916666666666667
0 0.6796875 0.42291666666666666 0.088125 0.1175
0 0.9190625 0.4820833333333333 0.099375 0.1325
0 0.7715625 0.13375 0.101875 0.13583333333333333
0 0.3784375 0.8991666666666667 0.101875 0.135
0 0.37625 0.73875 0.08875 0.11916666666666667
0 0.6190625 0.8979166666666667 0.086875 0.11583333333333333
0 0.565 0.25125 0.0875 0.1175
0 0.2234375 0.77375 0.088125 0.1175
0 0.52 0.7329166666666667 0.09125 0.1225
0 0.40375 0.8091666666666667 0.10125 0.135
0 0.94 0.27 0.08875 0.11833333333333333
0 0.6009375 0.49291666666666667 0.089375 0.11916666666666667
0 0.8834375 0.32375 0.093125 0.12416666666666666
0 0.7925 0.4266666666666667 0.1075 0.14333333333333334
0 0.7225 0.6570833333333334 0.095 0.12583333333333332
0 0.8109375 0.23458333333333334 0.090625 0.12083333333333333
0 0.5621875 0.15458333333333332 0.093125 0.12416666666666666
0 0.666875 0.2579166666666667 0.095 0.1275
0 0.279375 0.39166666666666666 0.08375 0.11166666666666666
0 0.546875 0.9066666666666666 0.0875 0.11666666666666667
0 0.56375 0.5666666666666667 0.09375 0.125
0 0.3390625 0.60625 0.085625 0.11416666666666667
0 0.610625 0.7970833333333334 0.0975 0.13083333333333333
0 0.27375 0.8304166666666667 0.0875 0.1175
0 0.6690625 0.5704166666666667 0.098125 0.13083333333333333
0 0.37625 0.43166666666666664 0.09375 0.125
0 0.635625 0.6804166666666667 0.09875 0.13083333333333333
0 0.8225 0.6570833333333334 0.09875 0.1325
0 0.5040625 0.3125 0.088125 0.11833333333333333
0 0.525 0.8491666666666666 0.09125 0.12166666666666667
0 0.3309375 0.13541666666666666 0.095625 0.1275
0 0.7565625 0.8 0.093125 0.125
0 0.2453125 0.49916666666666665 0.080625 0.10666666666666667
0 0.2059375 0.25333333333333335 0.099375 0.13333333333333333