0 0.2290625 0.47875 0.113125 0.15083333333333335
0 0.6475 0.38333333333333336 0.10625 0.14166666666666666
0 0.2671875 0.6241666666666666 0.109375 0.14666666666666667
0 0.154375 0.44916666666666666 0.10375 0.13833333333333334
0 0.165625 0.6825 0.085 0.11333333333333333
0 0.294375 0.24541666666666667 0.09125 0.1225
0 0.1134375 0.24625 0.106875 0.1425
0 0.53125 0.845 0.09875 0.13166666666666665
0 0.795625 0.4075 0.10375 0.13833333333333334
0 0.8684375 0.8245833333333333 0.098125 0.13083333333333333
0 0.7984375 0.9145833333333333 0.108125 0.14416666666666667
0 0.4184375 0.82875 0.100625 0.13416666666666666
0 0.1415625 0.5425 0.103125 0.13666666666666666
0 0.65125 0.26416666666666666 0.1175 0.15666666666666668
0 0.5784375 0.4825 0.099375 0.13166666666666665
0 0.22 0.35833333333333334 0.10375 0.13833333333333334
0 0.2484375 0.7320833333333333 0.108125 0.14416666666666667
0 0.3575 0.595 0.1075 0.14333333333333334
0 0.8621875 0.6445833333333333 0.105625 0.14083333333333334
0 0.4721875 0.6625 0.095625 0.12666666666666668
0 0.1621875 0.32875 0.109375 0.14583333333333334
0 0.6034375 0.81875 0.098125 0.13083333333333333
0 0.7371875 0.3570833333333333 0.096875 0.12916666666666668
0 0.40625 0.6291666666666667 0.1025 0.13666666666666666
0 0.06625 0.54125 0.1075 0.1425
0 0.7415625 0.47541666666666665 0.105625 0.14083333333333334
0 0.6903125 0.8779166666666667 0.103125 0.1375
0 0.700625 0.12875 0.0975 0.13083333333333333
0 0.7040625 0.6208333333333333 0.093125 0.125
0 0.446875 0.8725 0.1025 0.13666666666666666
0 0.480625 0.33916666666666667 0.1 0.13333333333333333
0 0.291875 0.8141666666666667 0.1025 0.13666666666666666
0 0.32 0.13416666666666666 0.09625 0.12833333333333333
0 0.1884375 0.10333333333333333 0.091875 0.12333333333333334
1 0.5365625 0.3875 0.126875 0.16833333333333333
0 0.8925 0.4091666666666667 0.09875 0.13166666666666665
0 0.1140625 0.19291666666666665 0.096875 0.12916666666666668
0 0.6428125 0.6741666666666667 0.095625 0.12666666666666668
0 0.3646875 0.24166666666666667 0.110625 0.14666666666666667
0 0.1790625 0.18958333333333333 0.099375 0.1325
0 0.5803125 0.70125 0.090625 0.12083333333333333
0 0.593125 0.33958333333333335 0.10125 0.13416666666666666
0 0.680625 0.8516666666666667 0.1 0.13333333333333333
0 0.3134375 0.8120833333333334 0.099375 0.1325
0 0.634375 0.7225 0.1025 0.13666666666666666
0 0.214375 0.5725 0.09 0.12