0 0.7578125 0.5379166666666667 0.106875 0.1425
0 0.663125 0.51375 0.085 0.1125
0 0.298125 0.43333333333333335 0.10875 0.145
0 0.334375 0.7004166666666667 0.0825 0.11083333333333334
0 0.456875 0.7483333333333333 0.09625 0.12833333333333333
0 0.7084375 0.46 0.101875 0.13666666666666666
0 0.6790625 0.78875 0.089375 0.11916666666666667
0 0.4784375 0.8270833333333333 0.095625 0.1275
0 0.053125 0.2816666666666667 0.08625 0.115
0 0.2059375 0.4370833333333333 0.091875 0.1225
0 0.3396875 0.31958333333333333 0.098125 0.13083333333333333
0 0.0853125 0.48625 0.090625 0.12083333333333333
0 0.6184375 0.10791666666666666 0.091875 0.1225
0 0.890625 0.47541666666666665 0.08875 0.1175
0 0.52 0.5454166666666667 0.10125 0.13416666666666666
0 0.6890625 0.1475 0.079375 0.105
0 0.1865625 0.37625 0.094375 0.12583333333333332
0 0.7865625 0.6341666666666667 0.089375 0.11833333333333333
0 0.3621875 0.8645833333333334 0.093125 0.12416666666666666
0 0.19125 0.295 0.10125 0.135
0 0.8809375 0.6970833333333334 0.083125 0.11083333333333334
0 0.58125 0.54 0.0975 0.13
0 0.408125 0.7158333333333333 0.07875 0.105
0 0.2734375 0.7370833333333333 0.103125 0.1375
0 0.624375 0.7945833333333333 0.10375 0.1375
0 0.5678125 0.845 0.105625 0.14
0 0.43125 0.34041666666666665 0.08875 0.1175
1 0.8065625 0.7233333333333334 0.109375 0.145
0 0.4053125 0.2175 0.086875 0.115
0 0.149375 0.5408333333333334 0.09 0.12
0 0.275625 0.5979166666666667 0.09875 0.13083333333333333
0 0.178125 0.6420833333333333 0.10125 0.13416666666666666
0 0.5253125 0.18166666666666667 0.095625 0.12666666666666668
0 0.1278125 0.21541666666666667 0.106875 0.1425
0 0.769375 0.23666666666666666 0.08125 0.10833333333333334
0 0.950625 0.65 0.0925 0.12333333333333334
0 0.4653125 0.13666666666666666 0.084375 0.11166666666666666
0 0.413125 0.08166666666666667 0.085 0.11333333333333333
0 0.47875 0.3566666666666667 0.0775 0.10333333333333333
0 0.1865625 0.56375 0.098125 0.13083333333333333
0 0.0996875 0.33416666666666667 0.098125 0.13
0 0.4978125 0.29 0.091875 0.12333333333333334
0 0.528125 0.2504166666666667 0.08875 0.11916666666666667
0 0.1740625 0.12041666666666667 0.078125 0.10416666666666667
0 0.5215625 0.13125 0.101875 0.13583333333333333
0 0.0584375 0.5620833333333334 0.078125 0.10416666666666667
0 0.7365625 0.18041666666666667 0.081875 0.10916666666666666
0 0.1403125 0.2679166666666667 0.094375 0.12583333333333332
0 0.290625 0.655 0.1 0.13333333333333333
0 0.4203125 0.17708333333333334 0.091875 0.1225