0 0.6184375 0.44625 0.100625 0.13416666666666666
0 0.833125 0.9016666666666666 0.10125 0.135
0 0.331875 0.5625 0.095 0.12666666666666668
0 0.638125 0.7791666666666667 0.11625 0.155
0 0.3896875 0.25083333333333335 0.101875 0.13666666666666666
0 0.6375 0.205 0.10625 0.14166666666666666
0 0.20875 0.09166666666666666 0.1175 0.15666666666666668
0 0.08125 0.57375 0.10625 0.1425
0 0.4621875 0.365 0.095625 0.12833333333333333
0 0.1646875 0.4945833333333333 0.105625 0.14083333333333334
0 0.5440625 0.42541666666666667 0.105625 0.14083333333333334
0 0.734375 0.21916666666666668 0.10375 0.13833333333333334
0 0.1628125 0.185 0.104375 0.14
0 0.6071875 0.14208333333333334 0.118125 0.1575
0 0.636875 0.66375 0.11625 0.15583333333333332
0 0.3365625 0.6945833333333333 0.113125 0.15083333333333335
0 0.41625 0.48583333333333334 0.1025 0.13666666666666666
0 0.3425 0.3475 0.10625 0.14166666666666666
0 0.7421875 0.33416666666666667 0.109375 0.14666666666666667
0 0.800625 0.43 0.1 0.13333333333333333
0 0.4109375 0.7783333333333333 0.114375 0.15166666666666667
0 0.288125 0.335 0.11375 0.15166666666666667
0 0.36625 0.9070833333333334 0.105 0.13916666666666666
0 0.10125 0.4575 0.1075 0.14333333333333334
0 0.2396875 0.30541666666666667 0.101875 0.13583333333333333
0 0.448125 0.9145833333333333 0.1125 0.14916666666666667
0 0.6471875 0.32666666666666666 0.089375 0.12
0 0.2196875 0.2504166666666667 0.105625 0.14083333333333334
0 0.4834375 0.4870833333333333 0.104375 0.13916666666666666
0 0.319375 0.2475 0.0925 0.12333333333333334
0 0.603125 0.2725 0.09625 0.12833333333333333
0 0.7240625 0.41541666666666666 0.101875 0.13583333333333333
0 0.46625 0.21041666666666667 0.11125 0.14916666666666667
0 0.5759375 0.345 0.110625 0.14833333333333334
0 0.5471875 0.32125 0.099375 0.1325
0 0.685625 0.7175 0.11125 0.14833333333333334
0 0.77625 0.48333333333333334 0.175 0.23333333333333334