0 0.665625 0.9091666666666667 0.095 0.12666666666666668
0 0.1803125 0.12416666666666666 0.090625 0.12
0 0.42375 0.7716666666666666 0.10125 0.135
0 0.3465625 0.7795833333333333 0.090625 0.12083333333333333
0 0.6125 0.625 0.08875 0.11833333333333333
0 0.8340625 0.4058333333333333 0.113125 0.15166666666666667
0 0.515 0.11958333333333333 0.10875 0.14416666666666667
0 0.3034375 0.70375 0.095625 0.1275
0 0.5340625 0.43375 0.103125 0.1375
0 0.3615625 0.09458333333333334 0.094375 0.12583333333333332
0 0.3190625 0.5529166666666666 0.088125 0.1175
0 0.6534375 0.5395833333333333 0.088125 0.1175
0 0.719375 0.5008333333333334 0.1075 0.14333333333333334
0 0.8671875 0.5779166666666666 0.091875 0.1225
0 0.25625 0.4429166666666667 0.0775 0.1025
0 0.1184375 0.5629166666666666 0.096875 0.12916666666666668
0 0.7309375 0.6954166666666667 0.096875 0.12916666666666668
0 0.6721875 0.735 0.093125 0.12333333333333334
0 0.27875 0.8066666666666666 0.09625 0.12833333333333333
0 0.45375 0.93 0.0925 0.12333333333333334
0 0.42375 0.6008333333333333 0.09375 0.125
0 0.4440625 0.4895833333333333 0.093125 0.12416666666666666
0 0.82875 0.30041666666666667 0.08375 0.11083333333333334
0 0.220625 0.37166666666666665 0.09875 0.13166666666666665
1 0.5496875 0.27 0.108125 0.14333333333333334
0 0.486875 0.8791666666666667 0.09 0.12
0 0.110625 0.3408333333333333 0.085 0.11333333333333333
0 0.7671875 0.6229166666666667 0.081875 0.10916666666666666
0 0.70375 0.8883333333333333 0.09375 0.125
0 0.61125 0.39916666666666667 0.0775 0.10333333333333333
0 0.67625 0.20208333333333334 0.09625 0.1275
0 0.2809375 0.21458333333333332 0.081875 0.10916666666666666
0 0.2671875 0.30541666666666667 0.074375 0.09916666666666667
0 0.7196875 0.6054166666666667 0.085625 0.11416666666666667
0 0.749375 0.8208333333333333 0.07875 0.105
0 0.1625 0.6358333333333334 0.08625 0.115
0 0.5465625 0.8604166666666667 0.074375 0.09916666666666667
0 0.69625 0.385 0.08125 0.10833333333333334
0 0.4778125 0.20958333333333334 0.095625 0.1275
0 0.7278125 0.7729166666666667 0.076875 0.1025
0 0.9303125 0.7804166666666666 0.090625 0.12083333333333333
0 0.531875 0.4925 0.07875 0.105
0 0.435625 0.84375 0.0675 0.08916666666666667
0 0.0721875 0.49916666666666665 0.076875 0.10333333333333333
0 0.75875 0.5216666666666666 0.08125 0.10833333333333334
0 0.665 0.44333333333333336 0.0675 0.09
1 0.666875 0.12458333333333334 0.12875 0.1725
1 0.443125 0.21416666666666667 0.13 0.17333333333333334
0 0.8271875 0.8195833333333333 0.076875 0.1025
0 0.7790625 0.66875 0.069375 0.0925
0 0.7778125 0.9004166666666666 0.073125 0.0975
0 0.7065625 0.9354166666666667 0.095625 0.1275
0 0.5271875 0.93375 0.068125 0.09083333333333334
0 0.449375 0.42083333333333334 0.07375 0.09833333333333333
0 0.5990625 0.25958333333333333 0.068125 0.09083333333333334
0 0.0859375 0.15875 0.075625 0.10083333333333333