0 0.1428125 0.28458333333333335 0.095625 0.1275
0 0.4328125 0.4845833333333333 0.100625 0.13416666666666666
0 0.646875 0.8266666666666667 0.0975 0.13
0 0.7834375 0.38958333333333334 0.103125 0.1375
0 0.6121875 0.26958333333333334 0.099375 0.1325
0 0.3778125 0.8170833333333334 0.110625 0.1475
0 0.4371875 0.7129166666666666 0.115625 0.15416666666666667
0 0.3471875 0.2525 0.098125 0.13
0 0.864375 0.3516666666666667 0.11375 0.15166666666666667
0 0.303125 0.415 0.1075 0.14333333333333334
0 0.5534375 0.335 0.108125 0.145
0 0.491875 0.5483333333333333 0.0925 0.12333333333333334
0 0.378125 0.41 0.1 0.13333333333333333
0 0.6309375 0.5291666666666667 0.101875 0.135
0 0.7353125 0.5291666666666667 0.094375 0.12666666666666668
0 0.9075 0.46291666666666664 0.10375 0.13916666666666666
0 0.249375 0.6391666666666667 0.10875 0.145
0 0.6203125 0.9216666666666666 0.106875 0.14333333333333334
0 0.475625 0.32916666666666666 0.095 0.12666666666666668
0 0.3959375 0.32625 0.096875 0.12916666666666668
0 0.1803125 0.45416666666666666 0.099375 0.13166666666666665
0 0.1003125 0.43583333333333335 0.114375 0.15333333333333332
0 0.4984375 0.14333333333333334 0.115625 0.155
0 0.1703125 0.10416666666666667 0.104375 0.13833333333333334
0 0.926875 0.725 0.09625 0.12833333333333333
0 0.3028125 0.5279166666666667 0.100625 0.13416666666666666
0 0.5971875 0.6783333333333333 0.101875 0.135
0 0.4975 0.6504166666666666 0.09875 0.13083333333333333
0 0.521875 0.21166666666666667 0.095 0.12666666666666668
0 0.7446875 0.81625 0.099375 0.1325
0 0.091875 0.345 0.1075 0.14333333333333334
0 0.3153125 0.34125 0.095625 0.1275
0 0.39625 0.07041666666666667 0.105 0.13916666666666666
0 0.7515625 0.6666666666666666 0.098125 0.13166666666666665
1 0.2740625 0.21708333333333332 0.153125 0.20416666666666666
0 0.62375 0.6691666666666667 0.0975 0.13
0 0.5215625 0.6429166666666667 0.099375 0.1325
0 0.3959375 0.1125 0.114375 0.15333333333333332
0 0.551875 0.20416666666666666 0.09125 0.12166666666666667
0 0.2471875 0.35291666666666666 0.090625 0.12083333333333333
0 0.19125 0.4066666666666667 0.08875 0.11833333333333333
0 0.773125 0.22333333333333333 0.10625 0.14166666666666666