0 0.656875 0.5675 0.095 0.12666666666666668
0 0.614375 0.14833333333333334 0.09625 0.12833333333333333
0 0.3378125 0.65875 0.103125 0.1375
0 0.1490625 0.7829166666666667 0.093125 0.12416666666666666
0 0.4225 0.58 0.09625 0.12833333333333333
0 0.69625 0.10416666666666667 0.1 0.13333333333333333
0 0.524375 0.30666666666666664 0.08375 0.11166666666666666
0 0.879375 0.3254166666666667 0.095 0.1275
0 0.82375 0.37666666666666665 0.08875 0.11833333333333333
0 0.486875 0.12166666666666667 0.09125 0.12166666666666667
0 0.420625 0.8158333333333333 0.0975 0.13
0 0.3575 0.39375 0.09125 0.12083333333333333
0 0.609375 0.8670833333333333 0.095 0.12583333333333332
0 0.645625 0.6604166666666667 0.09125 0.1225
0 0.0921875 0.48125 0.104375 0.13916666666666666
0 0.5203125 0.8479166666666667 0.093125 0.12416666666666666
0 0.8190625 0.49375 0.095625 0.1275
0 0.3815625 0.8970833333333333 0.104375 0.13916666666666666
0 0.740625 0.5929166666666666 0.095 0.12583333333333332
0 0.29875 0.9241666666666667 0.105 0.14
0 0.3340625 0.15208333333333332 0.093125 0.12416666666666666
0 0.754375 0.4895833333333333 0.0975 0.12916666666666668
0 0.900625 0.44 0.09 0.12
0 0.535625 0.21083333333333334 0.0925 0.12333333333333334
0 0.3975 0.09416666666666666 0.09 0.12
0 0.3028125 0.33125 0.096875 0.12916666666666668
0 0.3671875 0.26375 0.096875 0.12916666666666668
0 0.4228125 0.32708333333333334 0.090625 0.12083333333333333
0 0.4821875 0.6925 0.110625 0.14666666666666667
0 0.611875 0.74125 0.1025 0.13583333333333333
0 0.1471875 0.4658333333333333 0.099375 0.13333333333333333
0 0.5434375 0.62375 0.098125 0.13083333333333333
0 0.8659375 0.6279166666666667 0.085625 0.11416666666666667
0 0.55125 0.41 0.09375 0.125
0 0.77625 0.73625 0.09625 0.1275
0 0.2246875 0.5058333333333334 0.095625 0.12833333333333333
0 0.174375 0.575 0.1 0.13333333333333333
0 0.2140625 0.9004166666666666 0.093125 0.12416666666666666
0 0.774375 0.29833333333333334 0.0975 0.13
0 0.439375 0.445 0.09 0.12
0 0.7653125 0.19708333333333333 0.085625 0.11416666666666667
0 0.28 0.7225 0.09875 0.13166666666666665
0 0.88125 0.5233333333333333 0.10125 0.135
0 0.275 0.4425 0.08875 0.11833333333333333
0 0.493125 0.545 0.1075 0.14333333333333334
0 0.6628125 0.34625 0.091875 0.1225
0 0.9525 0.49416666666666664 0.0875 0.11666666666666667
0 0.6784375 0.4483333333333333 0.086875 0.115
0 0.69125 0.22666666666666666 0.08875 0.11833333333333333
0 0.1590625 0.6679166666666667 0.084375 0.1125
0 0.6053125 0.5004166666666666 0.086875 0.11583333333333333
0 0.63875 0.23916666666666667 0.085 0.11333333333333333
0 0.7384375 0.8241666666666667 0.093125 0.125
0 0.863125 0.10375 0.0975 0.12916666666666668
0 0.2046875 0.43916666666666665 0.090625 0.12166666666666667
1 0.72375 0.36916666666666664 0.08125 0.10833333333333334
0 0.7378125 0.22958333333333333 0.074375 0.09916666666666667
0 0.215 0.7604166666666666 0.07875 0.10583333333333333