0 0.7834375 0.7804166666666666 0.088125 0.1175
0 0.75375 0.9058333333333334 0.09 0.12
0 0.276875 0.41333333333333333 0.1025 0.13666666666666666
0 0.47 0.65 0.09375 0.125
0 0.61 0.6558333333333334 0.10125 0.135
0 0.696875 0.7420833333333333 0.11 0.14583333333333334
0 0.1871875 0.36875 0.101875 0.13583333333333333
0 0.3334375 0.265 0.093125 0.125
0 0.74125 0.31625 0.09 0.11916666666666667
0 0.0821875 0.5083333333333333 0.084375 0.11333333333333333
0 0.6496875 0.0975 0.094375 0.125
0 0.4478125 0.9095833333333333 0.098125 0.13083333333333333
0 0.7 0.20791666666666667 0.095 0.12583333333333332
0 0.3228125 0.7608333333333334 0.089375 0.11833333333333333
1 0.5609375 0.91375 0.111875 0.14916666666666667
0 0.2046875 0.17125 0.085625 0.11416666666666667
0 0.569375 0.46791666666666665 0.08375 0.1125
0 0.9296875 0.5329166666666667 0.093125 0.12416666666666666
0 0.478125 0.36833333333333335 0.08875 0.11833333333333333
0 0.7853125 0.39875 0.081875 0.10916666666666666
0 0.7725 0.3125 0.09625 0.12833333333333333
0 0.3984375 0.7058333333333333 0.094375 0.125
1 0.5709375 0.31083333333333335 0.118125 0.15666666666666668
0 0.1771875 0.6170833333333333 0.075625 0.10083333333333333
0 0.429375 0.46166666666666667 0.09 0.12
0 0.838125 0.6458333333333334 0.08625 0.115
0 0.385 0.8933333333333333 0.07875 0.105
0 0.241875 0.72375 0.0875 0.1175
0 0.7290625 0.59625 0.095625 0.1275
0 0.810625 0.5045833333333334 0.09375 0.12583333333333332
1 0.5190625 0.4845833333333333 0.121875 0.1625
0 0.8828125 0.68875 0.083125 0.11083333333333334
0 0.3840625 0.4 0.086875 0.11666666666666667
0 0.564375 0.5495833333333333 0.08625 0.11416666666666667
0 0.9228125 0.71625 0.081875 0.10916666666666666
0 0.6621875 0.5929166666666666 0.088125 0.1175
0 0.7009375 0.4841666666666667 0.073125 0.09666666666666666
0 0.1084375 0.5691666666666667 0.080625 0.10666666666666667
0 0.623125 0.5133333333333333 0.0825 0.11
0 0.36375 0.4575 0.08125 0.10833333333333334
0 0.6784375 0.40958333333333335 0.078125 0.10416666666666667
0 0.8278125 0.44208333333333333 0.083125 0.11083333333333334
0 0.17375 0.15333333333333332 0.07875 0.105
0 0.660625 0.5054166666666666 0.08625 0.11583333333333333
0 0.605 0.9275 0.095 0.12666666666666668
0 0.9096875 0.8341666666666666 0.080625 0.10833333333333334
1 0.3971875 0.8095833333333333 0.120625 0.16083333333333333
0 0.1271875 0.63875 0.084375 0.1125
0 0.056875 0.31125 0.08125 0.1075
0 0.2840625 0.29541666666666666 0.071875 0.09583333333333334
0 0.5125 0.21916666666666668 0.08625 0.115
0 0.92 0.765 0.075 0.1
0 0.486875 0.2654166666666667 0.06875 0.09083333333333334