0 0.3978125 0.6391666666666667 0.069375 0.08333333333333333
0 0.5690625 0.32666666666666666 0.065625 0.08666666666666667
0 0.8228125 0.51875 0.066875 0.08583333333333333
0 0.783125 0.5916666666666667 0.07 0.08
0 0.599375 0.7116666666666667 0.065 0.09333333333333334
0 0.2946875 0.6075 0.066875 0.09666666666666666
0 0.754375 0.9366666666666666 0.055 0.10166666666666667
0 0.7525 0.11541666666666667 0.0725 0.08416666666666667
0 0.4146875 0.7158333333333333 0.064375 0.08166666666666667
0 0.271875 0.8091666666666667 0.065 0.08666666666666667
0 0.4965625 0.44416666666666665 0.054375 0.10666666666666667
0 0.7021875 0.8133333333333334 0.073125 0.07833333333333334
0 0.4284375 0.4583333333333333 0.064375 0.09833333333333333
0 0.7903125 0.2920833333333333 0.069375 0.08416666666666667
0 0.2903125 0.5079166666666667 0.068125 0.09083333333333334
0 0.7275 0.5520833333333334 0.06875 0.09916666666666667
0 0.7271875 0.42041666666666666 0.066875 0.09583333333333334
0 0.250625 0.27541666666666664 0.06625 0.10416666666666667
0 0.4753125 0.22375 0.073125 0.1075
0 0.390625 0.13333333333333333 0.0625 0.11166666666666666
0 0.273125 0.21208333333333335 0.05875 0.11916666666666667
0 0.7946875 0.21833333333333332 0.068125 0.09
0 0.4959375 0.3466666666666667 0.068125 0.09
0 0.7334375 0.7379166666666667 0.076875 0.09583333333333334
0 0.6953125 0.6020833333333333 0.068125 0.10583333333333333
0 0.5490625 0.94375 0.063125 0.0975
0 0.496875 0.86625 0.07125 0.09583333333333334
0 0.37 0.81125 0.075 0.10083333333333333
0 0.6215625 0.24791666666666667 0.068125 0.13416666666666666
0 0.814375 0.17083333333333334 0.06625 0.1
0 0.4134375 0.35083333333333333 0.071875 0.09
0 0.6246875 0.09875 0.070625 0.0825
0 0.2115625 0.4820833333333333 0.074375 0.10916666666666666
0 0.3596875 0.135 0.055625 0.10666666666666667