0 0.9178125 0.47333333333333333 0.073125 0.09833333333333333
0 0.58625 0.7520833333333333 0.07125 0.09916666666666667
0 0.5753125 0.49416666666666664 0.061875 0.085
0 0.375625 0.0675 0.0675 0.07833333333333334
0 0.474375 0.6141666666666666 0.07125 0.08333333333333333
0 0.3215625 0.4579166666666667 0.066875 0.08916666666666667
0 0.31875 0.21833333333333332 0.06 0.08166666666666667
0 0.6278125 0.16 0.070625 0.09833333333333333
0 0.166875 0.38208333333333333 0.0725 0.0975
0 0.33125 0.35583333333333333 0.07125 0.09666666666666666
0 0.75875 0.27666666666666667 0.07 0.095
0 0.3875 0.8691666666666666 0.0675 0.085
0 0.0459375 0.6316666666666667 0.070625 0.08666666666666667
0 0.8659375 0.2604166666666667 0.068125 0.0925
0 0.586875 0.6420833333333333 0.05875 0.0825
0 0.9371875 0.21333333333333335 0.064375 0.08833333333333333
0 0.4903125 0.8195833333333333 0.068125 0.09083333333333334
0 0.6890625 0.5920833333333333 0.073125 0.10083333333333333
0 0.23 0.5991666666666666 0.07125 0.09666666666666666
0 0.245625 0.30833333333333335 0.0625 0.08
0 0.10125 0.44 0.07 0.08833333333333333
0 0.4759375 0.3175 0.053125 0.075
0 0.9415625 0.5766666666666667 0.064375 0.08833333333333333
0 0.383125 0.28375 0.05875 0.07583333333333334
0 0.0846875 0.5420833333333334 0.063125 0.0875
0 0.5115625 0.6875 0.074375 0.09833333333333333
0 0.41 0.7579166666666667 0.06 0.0825
0 0.145625 0.7425 0.06125 0.07833333333333334
0 0.3409375 0.5970833333333333 0.066875 0.09083333333333334
0 0.3890625 0.6704166666666667 0.053125 0.0725
0 0.7921875 0.6841666666666667 0.080625 0.10666666666666667
0 0.704375 0.34708333333333335 0.06 0.0775
0 0.7078125 0.4691666666666667 0.075625 0.10333333333333333
0 0.9546875 0.37083333333333335 0.060625 0.08333333333333333
0 0.2915625 0.9275 0.066875 0.085
0 0.809375 0.20458333333333334 0.05 0.0625
0 0.249375 0.7070833333333333 0.07125 0.09583333333333334
0 0.3259375 0.8408333333333333 0.069375 0.10166666666666667
0 0.2453125 0.11291666666666667 0.076875 0.10583333333333333
0 0.5178125 0.5470833333333334 0.065625 0.07583333333333334
0 0.4415625 0.12708333333333333 0.073125 0.0775
0 0.1553125 0.6304166666666666 0.068125 0.08916666666666667
0 0.6203125 0.36875 0.071875 0.1075
0 0.94125 0.9179166666666667 0.06625 0.10083333333333333
0 0.436875 0.21708333333333332 0.0675 0.09083333333333334
0 0.524375 0.38166666666666665 0.0525 0.08
0 0.5559375 0.9491666666666667 0.076875 0.1
0 0.8984375 0.13416666666666666 0.059375 0.08
0 0.634375 0.4575 0.0475 0.06666666666666667
0 0.196875 0.11416666666666667 0.06375 0.07
0 0.33875 0.7158333333333333 0.06875 0.10666666666666667
0 0.880625 0.64 0.06375 0.08