0 0.57375 0.7045833333333333 0.07 0.0875
0 0.835625 0.3433333333333333 0.075 0.1
0 0.47375 0.19875 0.07625 0.0875
0 0.6796875 0.26625 0.065625 0.09916666666666667
0 0.3834375 0.6941666666666667 0.065625 0.105
0 0.3371875 0.6254166666666666 0.066875 0.0875
0 0.8878125 0.8316666666666667 0.065625 0.11
0 0.4440625 0.745 0.069375 0.09666666666666666
0 0.4621875 0.9354166666666667 0.075625 0.0975
0 0.4153125 0.20708333333333334 0.068125 0.09916666666666667
0 0.285 0.5608333333333333 0.07125 0.09833333333333333
0 0.294375 0.80375 0.0825 0.10416666666666667
0 0.7753125 0.6266666666666667 0.071875 0.08666666666666667
0 0.1871875 0.6933333333333334 0.071875 0.08333333333333333
0 0.0709375 0.17541666666666667 0.071875 0.11083333333333334
0 0.149375 0.8058333333333333 0.08125 0.1
0 0.555625 0.9370833333333334 0.065 0.1225
0 0.733125 0.15083333333333335 0.0775 0.10666666666666667
0 0.1875 0.30791666666666667 0.0675 0.0925
0 0.2303125 0.21208333333333335 0.054375 0.1225
0 0.570625 0.7870833333333334 0.07875 0.09083333333333334
0 0.1328125 0.42541666666666667 0.076875 0.09416666666666666
0 0.1365625 0.5075 0.068125 0.07833333333333334
0 0.1940625 0.6116666666666667 0.069375 0.085
0 0.8146875 0.8925 0.075625 0.1
0 0.603125 0.25083333333333335 0.065 0.11
0 0.174375 0.9195833333333333 0.06375 0.09083333333333334
0 0.13375 0.90125 0.06125 0.08583333333333333
0 0.6965625 0.057916666666666665 0.066875 0.1075
0 0.180625 0.5429166666666667 0.07125 0.09416666666666666
0 0.8365625 0.4725 0.076875 0.095
0 0.9421875 0.3975 0.061875 0.11666666666666667
0 0.2628125 0.46208333333333335 0.083125 0.10083333333333333
0 0.2428125 0.6570833333333334 0.073125 0.11083333333333334
0 0.615 0.4220833333333333 0.08125 0.10083333333333333
0 0.06375 0.7025 0.07375 0.09666666666666666
0 0.6559375 0.6816666666666666 0.064375 0.115
0 0.0340625 0.945 0.068125 0.09333333333333334
0 0.0796875 0.5829166666666666 0.096875 0.09583333333333334
0 0.298125 0.16291666666666665 0.045 0.1525