0 0.4021875 0.12958333333333333 0.094375 0.12583333333333332
0 0.7678125 0.8291666666666667 0.098125 0.13166666666666665
0 0.5515625 0.13291666666666666 0.104375 0.13916666666666666
0 0.67125 0.3016666666666667 0.105 0.14
0 0.514375 0.5183333333333333 0.105 0.14
0 0.261875 0.07041666666666667 0.10375 0.13916666666666666
0 0.13875 0.6333333333333333 0.1075 0.14333333333333334
0 0.3615625 0.22625 0.105625 0.14083333333333334
0 0.3615625 0.37958333333333333 0.103125 0.1375
0 0.318125 0.12791666666666668 0.095 0.12583333333333332
0 0.2975 0.21291666666666667 0.1075 0.14416666666666667
0 0.5275 0.3425 0.11 0.14666666666666667
0 0.5659375 0.78625 0.106875 0.1425
0 0.3446875 0.495 0.106875 0.14333333333333334
0 0.7503125 0.8920833333333333 0.100625 0.13416666666666666
0 0.2571875 0.7579166666666667 0.108125 0.14416666666666667
0 0.135 0.20916666666666667 0.1025 0.13666666666666666
0 0.2034375 0.5545833333333333 0.113125 0.15083333333333335
0 0.2790625 0.62625 0.110625 0.1475
0 0.064375 0.36666666666666664 0.12125 0.16166666666666665
0 0.5528125 0.8645833333333334 0.099375 0.1325
0 0.855625 0.5991666666666666 0.095 0.12666666666666668
0 0.640625 0.6533333333333333 0.11625 0.155
0 0.88 0.5391666666666667 0.10125 0.135
0 0.4446875 0.8766666666666667 0.101875 0.13666666666666666
0 0.671875 0.9125 0.1 0.13333333333333333
0 0.7571875 0.38708333333333333 0.105625 0.14083333333333334
0 0.7540625 0.29125 0.109375 0.14583333333333334
0 0.5625 0.6145833333333334 0.11125 0.14916666666666667