0 0.3159375 0.5608333333333333 0.079375 0.10333333333333333
0 0.403125 0.78125 0.0725 0.09916666666666667
0 0.8234375 0.6675 0.073125 0.10666666666666667
0 0.3265625 0.7095833333333333 0.070625 0.0975
0 0.2278125 0.5058333333333334 0.074375 0.09333333333333334
0 0.7784375 0.5066666666666667 0.050625 0.085
0 0.3371875 0.175 0.070625 0.09333333333333334
0 0.7846875 0.5075 0.065625 0.095
0 0.26 0.23166666666666666 0.08 0.09166666666666666
1 0.7865625 0.37916666666666665 0.088125 0.10666666666666667
0 0.746875 0.6208333333333333 0.0775 0.11
0 0.7803125 0.26458333333333334 0.078125 0.09583333333333334
0 0.7059375 0.9016666666666666 0.065625 0.09833333333333333
0 0.5628125 0.40166666666666667 0.075625 0.09833333333333333
0 0.5190625 0.9475 0.074375 0.1
0 0.458125 0.8308333333333333 0.06875 0.1
0 0.8340625 0.4504166666666667 0.068125 0.0975
0 0.7371875 0.11333333333333333 0.075625 0.09833333333333333
0 0.74875 0.4191666666666667 0.075 0.09666666666666666
0 0.1721875 0.3883333333333333 0.080625 0.09
0 0.6475 0.73875 0.065 0.0825
0 0.841875 0.06666666666666667 0.065 0.08333333333333333
0 0.560625 0.8725 0.0825 0.09166666666666666
0 0.6125 0.2941666666666667 0.07 0.08666666666666667
0 0.1815625 0.21333333333333335 0.066875 0.07833333333333334
1 0.7484375 0.855 0.079375 0.14333333333333334
1 0.2496875 0.059166666666666666 0.123125 0.09833333333333333
1 0.3875 0.37875 0.14375 0.08916666666666667
1 0.5915625 0.9220833333333334 0.080625 0.14083333333333334
1 0.6221875 0.8529166666666667 0.096875 0.0975
1 0.6740625 0.3283333333333333 0.116875 0.10166666666666667
0 0.2821875 0.6608333333333334 0.070625 0.085
0 0.2003125 0.3275 0.060625 0.07166666666666667
0 0.1796875 0.7945833333333333 0.058125 0.08083333333333333
0 0.779375 0.07708333333333334 0.065 0.10583333333333333
0 0.70875 0.5616666666666666 0.0625 0.085
0 0.6859375 0.6125 0.076875 0.07333333333333333
0 0.7134375 0.71 0.055625 0.08666666666666667
0 0.721875 0.7545833333333334 0.06625 0.0775
0 0.6709375 0.8795833333333334 0.071875 0.09083333333333334
0 0.5303125 0.7266666666666667 0.070625 0.10166666666666667
0 0.571875 0.77375 0.06375 0.09083333333333334
0 0.6428125 0.7854166666666667 0.071875 0.0725
0 0.700625 0.805 0.055 0.07
0 0.4578125 0.7183333333333334 0.065625 0.09666666666666666
0 0.243125 0.7379166666666667 0.06375 0.08083333333333333
0 0.19375 0.6595833333333333 0.06625 0.07916666666666666
0 0.2053125 0.7408333333333333 0.069375 0.075
0 0.220625 0.6775 0.0575 0.085
0 0.4734375 0.7495833333333334 0.070625 0.09083333333333334
0 0.3478125 0.34375 0.066875 0.0925