0 0.8978125 0.37333333333333335 0.083125 0.11
0 0.7734375 0.6554166666666666 0.093125 0.12416666666666666
0 0.531875 0.74 0.10375 0.13833333333333334
0 0.3640625 0.7970833333333334 0.101875 0.13583333333333333
0 0.5215625 0.5945833333333334 0.101875 0.13583333333333333
0 0.22875 0.8958333333333334 0.07875 0.105
0 0.6525 0.6508333333333334 0.095 0.12666666666666668
0 0.6878125 0.4320833333333333 0.103125 0.1375
0 0.0825 0.4945833333333333 0.09625 0.1275
0 0.80625 0.3120833333333333 0.08875 0.11916666666666667
0 0.81125 0.5083333333333333 0.08375 0.11166666666666666
0 0.635625 0.3 0.075 0.1
0 0.47375 0.79375 0.0925 0.1225
0 0.2609375 0.4425 0.098125 0.13166666666666665
0 0.59375 0.72 0.0825 0.11
0 0.255 0.6425 0.07875 0.105
0 0.08125 0.7658333333333334 0.08125 0.10833333333333334
0 0.8121875 0.17333333333333334 0.083125 0.11
0 0.1165625 0.3879166666666667 0.090625 0.12083333333333333
0 0.3128125 0.73875 0.083125 0.11083333333333334
0 0.46 0.8666666666666667 0.09 0.12
0 0.69875 0.09583333333333334 0.08125 0.10833333333333334
0 0.2928125 0.19666666666666666 0.085625 0.11333333333333333
0 0.2671875 0.7345833333333334 0.085625 0.11416666666666667
0 0.0690625 0.7170833333333333 0.083125 0.11083333333333334
1 0.5484375 0.39375 0.116875 0.15583333333333332
0 0.620625 0.5158333333333334 0.095 0.12666666666666668
0 0.22 0.3275 0.0825 0.11
0 0.824375 0.6191666666666666 0.0875 0.11666666666666667
0 0.6059375 0.23291666666666666 0.100625 0.13416666666666666
0 0.46875 0.36666666666666664 0.08875 0.11833333333333333
0 0.3696875 0.37125 0.079375 0.10583333333333333
0 0.473125 0.20916666666666667 0.09125 0.12166666666666667
0 0.70875 0.68875 0.085 0.11416666666666667
0 0.7053125 0.18125 0.074375 0.09916666666666667
1 0.5384375 0.1975 0.101875 0.135
0 0.4790625 0.44708333333333333 0.086875 0.11583333333333333
0 0.8621875 0.56375 0.088125 0.1175
0 0.666875 0.7995833333333333 0.09125 0.12083333333333333
1 0.6146875 0.57125 0.109375 0.14583333333333334
0 0.8765625 0.13208333333333333 0.079375 0.10583333333333333
0 0.8315625 0.10458333333333333 0.081875 0.10916666666666666
0 0.180625 0.42333333333333334 0.08625 0.115
0 0.3490625 0.8954166666666666 0.094375 0.12583333333333332
0 0.218125 0.5308333333333334 0.08125 0.10833333333333334
0 0.664375 0.7295833333333334 0.0825 0.10916666666666666
0 0.6303125 0.3591666666666667 0.073125 0.09666666666666666
0 0.404375 0.8783333333333333 0.07375 0.09833333333333333
0 0.388125 0.44458333333333333 0.07 0.09416666666666666
0 0.1765625 0.31833333333333336 0.085625 0.115
0 0.66625 0.9333333333333333 0.0725 0.09666666666666666
0 0.5553125 0.26458333333333334 0.071875 0.09583333333333334