0 0.825625 0.88375 0.08 0.10416666666666667
0 0.57875 0.33125 0.07125 0.09583333333333334
0 0.8078125 0.2916666666666667 0.071875 0.09166666666666666
0 0.6709375 0.315 0.071875 0.09833333333333333
0 0.73 0.06708333333333333 0.07625 0.0975
0 0.6440625 0.6583333333333333 0.079375 0.095
0 0.73125 0.8183333333333334 0.065 0.09666666666666666
0 0.466875 0.6545833333333333 0.07375 0.1175
0 0.495 0.8525 0.0825 0.1
0 0.3940625 0.93375 0.086875 0.11416666666666667
1 0.6059375 0.48583333333333334 0.090625 0.10666666666666667
0 0.735625 0.39958333333333335 0.0825 0.1025
0 0.3628125 0.8320833333333333 0.075625 0.1025
0 0.2521875 0.85125 0.075625 0.09416666666666666
0 0.3971875 0.25833333333333336 0.085625 0.10833333333333334
0 0.3896875 0.7170833333333333 0.076875 0.10583333333333333
0 0.191875 0.4404166666666667 0.08125 0.0925
0 0.265625 0.6925 0.0675 0.09666666666666666
0 0.179375 0.31333333333333335 0.08 0.12
0 0.5696875 0.74375 0.061875 0.09916666666666667
0 0.5084375 0.7116666666666667 0.069375 0.105
0 0.810625 0.4995833333333333 0.07875 0.09583333333333334
0 0.218125 0.5866666666666667 0.07625 0.09833333333333333
0 0.3696875 0.3491666666666667 0.081875 0.1
0 0.500625 0.7708333333333334 0.08 0.085
0 0.4690625 0.3925 0.083125 0.10666666666666667
0 0.675 0.17208333333333334 0.07375 0.1075
0 0.5128125 0.6116666666666667 0.059375 0.09333333333333334
0 0.7303125 0.6308333333333334 0.079375 0.10333333333333333
0 0.3315625 0.7591666666666667 0.094375 0.105
0 0.2678125 0.5920833333333333 0.069375 0.1025
0 0.5084375 0.9366666666666666 0.078125 0.12
0 0.366875 0.5725 0.07125 0.12166666666666667
0 0.3890625 0.5379166666666667 0.070625 0.09583333333333334
0 0.8190625 0.5491666666666667 0.081875 0.10166666666666667
0 0.6971875 0.5379166666666667 0.065625 0.08583333333333333
0 0.6440625 0.8583333333333333 0.066875 0.07833333333333334
0 0.298125 0.5566666666666666 0.07875 0.10166666666666667
0 0.74125 0.6091666666666666 0.07375 0.09
0 0.3103125 0.1075 0.080625 0.09166666666666666
0 0.47 0.49083333333333334 0.07625 0.09166666666666666
0 0.6909375 0.49416666666666664 0.096875 0.07833333333333334
0 0.418125 0.4583333333333333 0.10875 0.06333333333333334