0 0.340625 0.385 0.09125 0.12166666666666667
0 0.7534375 0.28958333333333336 0.088125 0.1175
0 0.9534375 0.4633333333333333 0.089375 0.11833333333333333
0 0.3040625 0.5720833333333334 0.084375 0.1125
0 0.2896875 0.7466666666666667 0.085625 0.115
0 0.51875 0.7883333333333333 0.08875 0.11833333333333333
0 0.81 0.5120833333333333 0.10125 0.13583333333333333
0 0.453125 0.15583333333333332 0.09875 0.13166666666666665
0 0.33125 0.67 0.10125 0.135
0 0.123125 0.5441666666666667 0.1 0.13333333333333333
0 0.16875 0.5083333333333333 0.08625 0.115
0 0.233125 0.42125 0.09 0.11916666666666667
0 0.4271875 0.51375 0.083125 0.11083333333333334
0 0.7271875 0.62375 0.098125 0.13083333333333333
0 0.6246875 0.3804166666666667 0.091875 0.1225
0 0.3528125 0.12375 0.085625 0.11416666666666667
0 0.7625 0.7858333333333334 0.08875 0.11833333333333333
0 0.6259375 0.16791666666666666 0.093125 0.12416666666666666
0 0.7390625 0.12041666666666667 0.089375 0.11916666666666667
0 0.75375 0.6691666666666667 0.0925 0.12333333333333334
0 0.451875 0.35041666666666665 0.08875 0.11916666666666667
0 0.5778125 0.07541666666666667 0.083125 0.11083333333333334
0 0.8275 0.27791666666666665 0.1 0.13416666666666666
0 0.425625 0.4075 0.08375 0.11166666666666666
0 0.576875 0.6679166666666667 0.0825 0.11083333333333334
0 0.15 0.685 0.08125 0.10833333333333334
0 0.8984375 0.55625 0.095625 0.1275
0 0.4003125 0.3020833333333333 0.091875 0.1225
0 0.5625 0.4008333333333333 0.0875 0.11666666666666667
0 0.358125 0.49833333333333335 0.0875 0.11666666666666667
0 0.6234375 0.44333333333333336 0.079375 0.105
0 0.4615625 0.26666666666666666 0.103125 0.13666666666666666
0 0.67 0.5858333333333333 0.0975 0.13
0 0.641875 0.7270833333333333 0.08375 0.1125
1 0.525 0.56375 0.1125 0.15083333333333335
0 0.68875 0.89875 0.075 0.10083333333333333
0 0.19625 0.33416666666666667 0.08625 0.115
0 0.6384375 0.6395833333333333 0.094375 0.12583333333333332
0 0.523125 0.63625 0.085 0.11416666666666667
0 0.2721875 0.8579166666666667 0.078125 0.10416666666666667
0 0.7446875 0.056666666666666664 0.081875 0.11
0 0.5146875 0.3591666666666667 0.079375 0.105
0 0.2178125 0.27458333333333335 0.074375 0.09916666666666667
0 0.4021875 0.07375 0.080625 0.1075
0 0.6675 0.6741666666666667 0.0875 0.11666666666666667
0 0.549375 0.29541666666666666 0.08625 0.11583333333333333
0 0.886875 0.13708333333333333 0.07 0.09416666666666666
0 0.8346875 0.165 0.085625 0.115
0 0.13375 0.8191666666666667 0.095 0.12666666666666668
0 0.8428125 0.6895833333333333 0.089375 0.11916666666666667
0 0.2440625 0.20041666666666666 0.088125 0.1175
0 0.2240625 0.8120833333333334 0.071875 0.09583333333333334
0 0.049375 0.4579166666666667 0.085 0.1125
0 0.689375 0.4579166666666667 0.075 0.10083333333333333
0 0.18 0.81625 0.0725 0.0975
1 0.364375 0.5716666666666667 0.13375 0.17833333333333334