0 0.3021875 0.9208333333333333 0.089375 0.12
0 0.096875 0.6041666666666666 0.09625 0.12833333333333333
0 0.2253125 0.3233333333333333 0.099375 0.13333333333333333
0 0.94 0.36833333333333335 0.1075 0.14333333333333334
0 0.85125 0.35583333333333333 0.09 0.12
0 0.3315625 0.7354166666666667 0.101875 0.13583333333333333
0 0.623125 0.5895833333333333 0.0925 0.1225
0 0.520625 0.835 0.08875 0.11833333333333333
0 0.373125 0.40958333333333335 0.09875 0.1325
0 0.393125 0.7333333333333333 0.105 0.14
0 0.84875 0.6079166666666667 0.08125 0.1075
0 0.67875 0.665 0.09 0.12
0 0.183125 0.3829166666666667 0.1025 0.1375
0 0.546875 0.36 0.10125 0.135
0 0.4546875 0.4920833333333333 0.105625 0.14083333333333334
0 0.26875 0.26666666666666666 0.10125 0.135
0 0.718125 0.5041666666666667 0.1025 0.13666666666666666
0 0.33625 0.10041666666666667 0.09875 0.13083333333333333
0 0.274375 0.45416666666666666 0.09875 0.13166666666666665
0 0.4509375 0.8675 0.106875 0.14333333333333334
0 0.2340625 0.42 0.088125 0.11666666666666667
0 0.658125 0.5208333333333334 0.09875 0.13166666666666665
0 0.265 0.6879166666666666 0.105 0.13916666666666666
0 0.5803125 0.6845833333333333 0.100625 0.13416666666666666
0 0.3565625 0.8529166666666667 0.105625 0.14083333333333334
0 0.5321875 0.17458333333333334 0.095625 0.1275
0 0.893125 0.3 0.11125 0.14833333333333334
0 0.3134375 0.7954166666666667 0.095625 0.1275
0 0.6196875 0.41125 0.100625 0.13416666666666666
0 0.71375 0.37875 0.11 0.1475
0 0.876875 0.48583333333333334 0.1025 0.13666666666666666
0 0.65625 0.33708333333333335 0.095 0.12583333333333332
0 0.1890625 0.67125 0.098125 0.13083333333333333
0 0.1115625 0.6845833333333333 0.098125 0.13083333333333333
0 0.615625 0.8529166666666667 0.10375 0.13916666666666666
0 0.7496875 0.19291666666666665 0.110625 0.1475
0 0.75625 0.7179166666666666 0.11375 0.1525
0 0.3178125 0.47291666666666665 0.100625 0.13416666666666666
0 0.5515625 0.4083333333333333 0.096875 0.13
0 0.4428125 0.8245833333333333 0.099375 0.1325
0 0.5403125 0.5225 0.104375 0.14
0 0.1709375 0.45916666666666667 0.099375 0.13166666666666665
0 0.7990625 0.5229166666666667 0.105625 0.14083333333333334
0 0.551875 0.9291666666666667 0.1025 0.13666666666666666
0 0.516875 0.6125 0.085 0.11333333333333333
0 0.349375 0.18833333333333332 0.10875 0.145
0 0.4565625 0.6591666666666667 0.111875 0.14833333333333334
0 0.241875 0.19416666666666665 0.0925 0.12333333333333334
0 0.5446875 0.2325 0.100625 0.13333333333333333
0 0.7103125 0.5904166666666667 0.099375 0.1325
0 0.448125 0.1925 0.11125 0.14833333333333334
0 0.5959375 0.89375 0.095625 0.1275
0 0.47875 0.5625 0.09625 0.12833333333333333
0 0.81125 0.3875 0.0975 0.13
0 0.80625 0.6591666666666667 0.1025 0.13666666666666666
0 0.395 0.19458333333333333 0.10125 0.13583333333333333
0 0.2421875 0.8183333333333334 0.101875 0.13666666666666666
0 0.3734375 0.48333333333333334 0.109375 0.14666666666666667
0 0.3271875 0.27958333333333335 0.111875 0.14916666666666667
0 0.148125 0.8145833333333333 0.11375 0.1525
0 0.6746875 0.42291666666666666 0.091875 0.1225
0 0.1965625 0.5704166666666667 0.105625 0.14083333333333334
0 0.763125 0.4025 0.10625 0.14166666666666666
0 0.6909375 0.8525 0.104375 0.13833333333333334
0 0.7915625 0.07958333333333334 0.101875 0.13583333333333333
0 0.55125 0.09166666666666666 0.1025 0.13666666666666666
0 0.375625 0.62625 0.0975 0.13083333333333333
0 0.6703125 0.25625 0.106875 0.1425
0 0.6940625 0.10333333333333333 0.098125 0.13
0 0.5940625 0.17041666666666666 0.101875 0.13583333333333333
0 0.0940625 0.5145833333333333 0.120625 0.16083333333333333
0 0.6615625 0.08291666666666667 0.108125 0.14416666666666667
0 0.743125 0.60625 0.08125 0.1075
0 0.788125 0.31166666666666665 0.115 0.15333333333333332
0 0.3784375 0.25375 0.104375 0.13916666666666666
0 0.741875 0.4633333333333333 0.10125 0.135
0 0.849375 0.5041666666666667 0.105 0.14
0 0.891875 0.5366666666666666 0.11375 0.15166666666666667
0 0.7396875 0.6525 0.095625 0.12833333333333333
0 0.4890625 0.83 0.095625 0.12833333333333333
0 0.6571875 0.7745833333333333 0.099375 0.1325
0 0.6359375 0.8004166666666667 0.096875 0.12916666666666668
0 0.1940625 0.6741666666666667 0.104375 0.13833333333333334
0 0.2084375 0.8408333333333333 0.106875 0.14166666666666666
0 0.2040625 0.77 0.101875 0.13666666666666666
0 0.1453125 0.7579166666666667 0.094375 0.12583333333333332
0 0.091875 0.7266666666666667 0.11125 0.14833333333333334
0 0.0828125 0.6391666666666667 0.104375 0.14
0 0.5446875 0.5658333333333333 0.095625 0.12666666666666668
0 0.4996875 0.5179166666666667 0.089375 0.11916666666666667
0 0.0915625 0.41291666666666665 0.105625 0.14083333333333334
0 0.1346875 0.4554166666666667 0.094375 0.12583333333333332