0 0.35 0.5575 0.095 0.12666666666666668
0 0.745 0.58375 0.095 0.12583333333333332
0 0.1634375 0.40458333333333335 0.085625 0.11416666666666667
0 0.0978125 0.39958333333333335 0.093125 0.12416666666666666
0 0.223125 0.6566666666666666 0.0925 0.12333333333333334
0 0.525625 0.2425 0.10625 0.14166666666666666
0 0.6059375 0.6529166666666667 0.089375 0.11916666666666667
0 0.371875 0.4725 0.09625 0.12833333333333333
0 0.6753125 0.6645833333333333 0.101875 0.13583333333333333
0 0.261875 0.5291666666666667 0.095 0.12666666666666668
0 0.2321875 0.7404166666666666 0.089375 0.11916666666666667
0 0.5775 0.18291666666666667 0.0925 0.12416666666666666
0 0.5746875 0.30041666666666667 0.090625 0.12083333333333333
0 0.9490625 0.5720833333333334 0.088125 0.1175
0 0.2503125 0.43583333333333335 0.099375 0.13333333333333333
0 0.1134375 0.15041666666666667 0.091875 0.1225
0 0.3378125 0.92375 0.091875 0.1225
0 0.12125 0.24041666666666667 0.0875 0.1175
0 0.3859375 0.63625 0.098125 0.13083333333333333
0 0.1659375 0.19708333333333333 0.083125 0.11083333333333334
0 0.876875 0.8225 0.0925 0.12333333333333334
0 0.1415625 0.55375 0.101875 0.13583333333333333
0 0.3659375 0.14375 0.089375 0.11916666666666667
0 0.4375 0.07833333333333334 0.09875 0.13166666666666665
0 0.23 0.2125 0.0875 0.11666666666666667
0 0.6096875 0.5104166666666666 0.118125 0.1575
0 0.4596875 0.16625 0.099375 0.1325
0 0.08625 0.4920833333333333 0.09625 0.12916666666666668
0 0.3096875 0.7029166666666666 0.094375 0.12583333333333332
0 0.3165625 0.42875 0.084375 0.1125
0 0.4196875 0.46125 0.090625 0.12083333333333333
0 0.921875 0.6566666666666666 0.10375 0.13833333333333334
0 0.578125 0.3829166666666667 0.095 0.12583333333333332
0 0.55375 0.5683333333333334 0.10875 0.145
0 0.8203125 0.32375 0.089375 0.11916666666666667
0 0.4875 0.3933333333333333 0.1075 0.14333333333333334
0 0.656875 0.17583333333333334 0.095 0.12666666666666668
0 0.5021875 0.68 0.098125 0.13
0 0.681875 0.5191666666666667 0.11 0.14666666666666667
0 0.654375 0.5883333333333334 0.1 0.13333333333333333
0 0.560625 0.73 0.10125 0.135
0 0.154375 0.33458333333333334 0.0875 0.1175
0 0.6325 0.34833333333333333 0.105 0.14
0 0.3659375 0.23375 0.085625 0.11416666666666667
0 0.67125 0.755 0.1075 0.14333333333333334
0 0.5 0.5170833333333333 0.0825 0.11083333333333334
0 0.423125 0.7191666666666666 0.085 0.11333333333333333
0 0.3071875 0.34041666666666665 0.098125 0.13083333333333333
0 0.6375 0.25583333333333336 0.0925 0.12333333333333334
0 0.775 0.6633333333333333 0.09875 0.13166666666666665
0 0.6703125 0.46416666666666667 0.086875 0.11666666666666667
0 0.190625 0.4870833333333333 0.08625 0.11416666666666667
0 0.1928125 0.5625 0.095625 0.12833333333333333
0 0.825 0.875 0.10125 0.135
0 0.31 0.8416666666666667 0.09375 0.125
0 0.284375 0.6158333333333333 0.1025 0.13666666666666666
0 0.8403125 0.6633333333333333 0.101875 0.13666666666666666
0 0.7328125 0.44458333333333333 0.085625 0.11416666666666667
0 0.4390625 0.5920833333333333 0.094375 0.12583333333333332
0 0.8515625 0.63375 0.099375 0.1325
0 0.861875 0.43375 0.0975 0.12916666666666668
0 0.8659375 0.39458333333333334 0.091875 0.1225
0 0.50375 0.6329166666666667 0.0925 0.12416666666666666
0 0.3978125 0.7491666666666666 0.100625 0.13333333333333333
0 0.3190625 0.6379166666666667 0.104375 0.13916666666666666
0 0.165 0.7029166666666666 0.0875 0.1175
0 0.2021875 0.09041666666666667 0.085625 0.11416666666666667
0 0.314375 0.29833333333333334 0.095 0.12666666666666668
0 0.7234375 0.18166666666666667 0.103125 0.13666666666666666
0 0.44625 0.6708333333333333 0.0875 0.11666666666666667
1 0.26125 0.09916666666666667 0.1275 0.17
1 0.4921875 0.15291666666666667 0.119375 0.15916666666666668
1 0.78125 0.42375 0.1125 0.14916666666666667
1 0.790625 0.8991666666666667 0.11625 0.155
1 0.605625 0.8054166666666667 0.13875 0.18583333333333332
0 0.4609375 0.5520833333333334 0.098125 0.13083333333333333
0 0.4965625 0.4554166666666667 0.103125 0.1375
0 0.5278125 0.42875 0.095625 0.1275
0 0.3153125 0.16 0.096875 0.12833333333333333
0 0.30625 0.20291666666666666 0.10125 0.13416666666666666
0 0.29625 0.24958333333333332 0.085 0.11416666666666667
0 0.845 0.81625 0.10125 0.13416666666666666
0 0.7875 0.7895833333333333 0.0825 0.10916666666666666
0 0.7603125 0.7529166666666667 0.091875 0.1225
0 0.73625 0.7466666666666667 0.10125 0.135
0 0.7125 0.755 0.09625 0.12833333333333333
0 0.6975 0.19708333333333333 0.1075 0.14416666666666667
0 0.42125 0.1725 0.095 0.12666666666666668
0 0.8928125 0.39958333333333335 0.098125 0.13083333333333333