0 0.17 0.53 0.08625 0.115
0 0.084375 0.6575 0.095 0.12666666666666668
0 0.62 0.7008333333333333 0.10125 0.135
0 0.5946875 0.22541666666666665 0.098125 0.13083333333333333
0 0.183125 0.41 0.1025 0.13666666666666666
0 0.110625 0.585 0.09625 0.12833333333333333
0 0.669375 0.5245833333333333 0.09375 0.12583333333333332
0 0.876875 0.48083333333333333 0.09375 0.125
0 0.063125 0.5175 0.09875 0.13166666666666665
0 0.3503125 0.8408333333333333 0.101875 0.135
0 0.2796875 0.3254166666666667 0.105625 0.14083333333333334
0 0.4040625 0.11125 0.100625 0.13416666666666666
0 0.4975 0.5554166666666667 0.10625 0.1425
0 0.398125 0.39916666666666667 0.09625 0.12833333333333333
1 0.839375 0.5566666666666666 0.11 0.14666666666666667
0 0.2628125 0.5654166666666667 0.104375 0.13916666666666666
0 0.44875 0.6325 0.1 0.13333333333333333
0 0.215 0.9145833333333333 0.1 0.1325
0 0.1903125 0.74125 0.095625 0.1275
0 0.594375 0.4083333333333333 0.0975 0.13
0 0.669375 0.3570833333333333 0.0975 0.12916666666666668
0 0.2515625 0.8529166666666667 0.103125 0.1375
0 0.4665625 0.18375 0.109375 0.14583333333333334
0 0.15 0.8241666666666667 0.1075 0.14333333333333334
0 0.9353125 0.26708333333333334 0.088125 0.1175
0 0.5115625 0.15291666666666667 0.098125 0.13083333333333333
0 0.296875 0.6108333333333333 0.09375 0.125
0 0.4478125 0.8179166666666666 0.106875 0.1425
0 0.91875 0.18 0.09875 0.13166666666666665
0 0.7178125 0.34833333333333333 0.114375 0.15166666666666667
0 0.785625 0.36041666666666666 0.10125 0.13416666666666666
0 0.8871875 0.29125 0.103125 0.1375
0 0.401875 0.8225 0.10875 0.145
0 0.2740625 0.7866666666666666 0.105625 0.14
0 0.7965625 0.10458333333333333 0.128125 0.17083333333333334