0 0.3075 0.16166666666666665 0.0925 0.12333333333333334
0 0.76625 0.6525 0.10875 0.145
0 0.6125 0.5341666666666667 0.10625 0.14166666666666666
0 0.224375 0.6204166666666666 0.1 0.13416666666666666
0 0.76375 0.235 0.10125 0.135
0 0.83125 0.195 0.10125 0.135
0 0.533125 0.6275 0.10125 0.135
0 0.44 0.33 0.11875 0.15833333333333333
0 0.5775 0.21458333333333332 0.11375 0.1525
0 0.5675 0.7275 0.10625 0.14166666666666666
0 0.540625 0.39791666666666664 0.105 0.14083333333333334
0 0.216875 0.8358333333333333 0.1125 0.15
0 0.13625 0.44875 0.1 0.13416666666666666
0 0.474375 0.5458333333333333 0.11875 0.15833333333333333
0 0.4984375 0.08041666666666666 0.098125 0.13083333333333333
0 0.8246875 0.3729166666666667 0.108125 0.14416666666666667
0 0.5521875 0.5470833333333334 0.100625 0.13416666666666666
0 0.868125 0.4475 0.105 0.14
0 0.6321875 0.35375 0.106875 0.1425
0 0.5425 0.485 0.10375 0.13833333333333334
0 0.630625 0.615 0.1125 0.15
0 0.286875 0.5366666666666666 0.09125 0.12166666666666667
0 0.1003125 0.59875 0.093125 0.12416666666666666
0 0.749375 0.80875 0.0975 0.13083333333333333
0 0.1003125 0.5575 0.103125 0.13666666666666666
0 0.675 0.5691666666666667 0.10625 0.14166666666666666
0 0.425625 0.10791666666666666 0.105 0.14083333333333334
0 0.450625 0.07833333333333334 0.105 0.14