0 0.475625 0.24083333333333334 0.09875 0.13166666666666665
0 0.6871875 0.7808333333333334 0.093125 0.12333333333333334
0 0.5746875 0.28583333333333333 0.095625 0.12666666666666668
0 0.7496875 0.4266666666666667 0.091875 0.12333333333333334
0 0.5875 0.8654166666666666 0.0975 0.13083333333333333
0 0.8096875 0.28791666666666665 0.104375 0.13916666666666666
0 0.5821875 0.4141666666666667 0.109375 0.14666666666666667
0 0.6146875 0.75125 0.098125 0.13083333333333333
0 0.6740625 0.30125 0.114375 0.1525
0 0.8375 0.445 0.11 0.14666666666666667
0 0.8359375 0.58125 0.106875 0.1425
0 0.6753125 0.68875 0.108125 0.14416666666666667
0 0.6378125 0.22458333333333333 0.103125 0.1375
0 0.4621875 0.7704166666666666 0.098125 0.13083333333333333
0 0.9159375 0.19791666666666666 0.089375 0.11916666666666667
0 0.9059375 0.32625 0.110625 0.1475
0 0.605 0.14958333333333335 0.10375 0.1375
0 0.4621875 0.45708333333333334 0.099375 0.1325
0 0.1153125 0.6329166666666667 0.108125 0.14416666666666667
0 0.409375 0.72375 0.10875 0.14416666666666667
0 0.6746875 0.42291666666666666 0.091875 0.1225
0 0.238125 0.7345833333333334 0.10625 0.1425
0 0.7740625 0.3591666666666667 0.109375 0.145
0 0.9140625 0.4608333333333333 0.119375 0.15833333333333333
0 0.3403125 0.8970833333333333 0.091875 0.1225
0 0.7675 0.7704166666666666 0.105 0.13916666666666666
0 0.293125 0.8454166666666667 0.09875 0.13083333333333333
0 0.569375 0.6091666666666666 0.11125 0.14833333333333334
0 0.675625 0.85 0.12875 0.17166666666666666
0 0.391875 0.19666666666666666 0.1025 0.13666666666666666
0 0.5059375 0.8625 0.109375 0.145
0 0.3328125 0.69875 0.099375 0.1325
0 0.680625 0.4975 0.10625 0.14166666666666666
0 0.288125 0.5583333333333333 0.11 0.14666666666666667
0 0.4828125 0.37416666666666665 0.100625 0.135
0 0.139375 0.3525 0.11625 0.155
0 0.275625 0.28375 0.10375 0.13916666666666666
0 0.2446875 0.38166666666666665 0.103125 0.13666666666666666
0 0.2475 0.4775 0.1075 0.14333333333333334
0 0.1396875 0.44333333333333336 0.103125 0.13833333333333334
0 0.375625 0.8175 0.1025 0.13666666666666666
0 0.1171875 0.7158333333333333 0.104375 0.14
0 0.821875 0.14 0.12625 0.16833333333333333
0 0.59625 0.5270833333333333 0.1075 0.14416666666666667