0 0.7409375 0.87875 0.069375 0.0725
0 0.6803125 0.45875 0.064375 0.08583333333333333
0 0.8121875 0.8229166666666666 0.065625 0.08416666666666667
0 0.7690625 0.4554166666666667 0.066875 0.08583333333333333
0 0.6665625 0.22583333333333333 0.061875 0.09333333333333334
0 0.6384375 0.33666666666666667 0.058125 0.08333333333333333
0 0.6253125 0.7004166666666667 0.053125 0.0875
0 0.740625 0.6191666666666666 0.07 0.09666666666666666
0 0.4309375 0.41083333333333333 0.065625 0.09333333333333334
0 0.8221875 0.5391666666666667 0.055625 0.085
0 0.4634375 0.5354166666666667 0.068125 0.08583333333333333
0 0.6225 0.7941666666666667 0.06 0.08166666666666667
0 0.571875 0.13666666666666666 0.07125 0.07333333333333333
0 0.5928125 0.21125 0.068125 0.08583333333333333
0 0.228125 0.5508333333333333 0.06875 0.095
0 0.3371875 0.2775 0.041875 0.08333333333333333
0 0.4765625 0.7583333333333333 0.063125 0.09333333333333334
0 0.76125 0.24125 0.06 0.08083333333333333
0 0.699375 0.7345833333333334 0.0725 0.0975
0 0.4840625 0.1125 0.050625 0.08
0 0.633125 0.15833333333333333 0.06 0.08
0 0.8003125 0.195 0.063125 0.08333333333333333
0 0.2146875 0.6833333333333333 0.075625 0.10333333333333333
0 0.5303125 0.7991666666666667 0.054375 0.08166666666666667
0 0.7134375 0.24708333333333332 0.049375 0.08916666666666667
1 0.6921875 0.5525 0.078125 0.11666666666666667
0 0.5028125 0.6070833333333333 0.054375 0.08583333333333333
0 0.7490625 0.11666666666666667 0.069375 0.09333333333333334
0 0.5890625 0.6241666666666666 0.060625 0.09666666666666666
0 0.605625 0.07208333333333333 0.06375 0.09083333333333334
0 0.6290625 0.5295833333333333 0.056875 0.0775
0 0.2675 0.75875 0.05375 0.08583333333333333
0 0.431875 0.6916666666666667 0.05875 0.07
0 0.6225 0.8870833333333333 0.06 0.0925
0 0.1896875 0.28958333333333336 0.064375 0.11083333333333334
0 0.165 0.4375 0.07375 0.07833333333333334
0 0.3484375 0.41 0.084375 0.08333333333333333
0 0.6328125 0.9358333333333333 0.065625 0.08666666666666667
1 0.5328125 0.075 0.088125 0.1
0 0.209375 0.37 0.07125 0.09166666666666666
0 0.27625 0.36833333333333335 0.065 0.085
0 0.5484375 0.6308333333333334 0.063125 0.08
1 0.2815625 0.30041666666666667 0.081875 0.11583333333333333
1 0.5715625 0.5016666666666667 0.094375 0.09666666666666666
0 0.64125 0.60875 0.0525 0.07916666666666666
0 0.1609375 0.4741666666666667 0.068125 0.08666666666666667
0 0.6725 0.6283333333333333 0.05625 0.085
0 0.7553125 0.14291666666666666 0.069375 0.09083333333333334