0 0.6221875 0.09583333333333334 0.065625 0.07833333333333334
0 0.1303125 0.365 0.059375 0.09166666666666666
0 0.5115625 0.15125 0.068125 0.09583333333333334
0 0.7490625 0.30666666666666664 0.068125 0.09
0 0.8515625 0.31708333333333333 0.070625 0.09083333333333334
0 0.78125 0.645 0.085 0.09833333333333333
0 0.18375 0.675 0.07125 0.09333333333333334
0 0.781875 0.37666666666666665 0.06625 0.075
0 0.4003125 0.5745833333333333 0.064375 0.07916666666666666
0 0.8209375 0.5733333333333334 0.056875 0.09166666666666666
0 0.2928125 0.4483333333333333 0.068125 0.09333333333333334
0 0.9446875 0.3283333333333333 0.063125 0.08833333333333333
0 0.624375 0.55375 0.06625 0.09583333333333334
0 0.2125 0.2941666666666667 0.06375 0.07666666666666666
0 0.2559375 0.8845833333333334 0.075625 0.08916666666666667
0 0.215 0.5754166666666667 0.07 0.08916666666666667
1 0.0675 0.5958333333333333 0.07375 0.11833333333333333
0 0.444375 0.145 0.06 0.08166666666666667
0 0.13375 0.62375 0.06375 0.08083333333333333
0 0.42 0.8008333333333333 0.0725 0.09666666666666666
0 0.4065625 0.4425 0.069375 0.085
0 0.7628125 0.8779166666666667 0.055625 0.08083333333333333
1 0.0584375 0.9475 0.078125 0.1
0 0.05125 0.4375 0.05875 0.08166666666666667
0 0.7003125 0.3695833333333333 0.061875 0.09416666666666666
0 0.905625 0.64 0.06 0.09
0 0.580625 0.5429166666666667 0.06 0.09083333333333334
0 0.75 0.4508333333333333 0.0625 0.07166666666666667
0 0.7340625 0.7033333333333334 0.058125 0.075
0 0.47875 0.53625 0.05375 0.09583333333333334
0 0.53625 0.7704166666666666 0.05875 0.060833333333333336
0 0.5928125 0.20875 0.066875 0.08416666666666667
0 0.1228125 0.88125 0.058125 0.08083333333333333
0 0.3225 0.85 0.0625 0.09
0 0.386875 0.3541666666666667 0.0625 0.08666666666666667
0 0.1071875 0.69375 0.055625 0.07916666666666666
0 0.3075 0.2275 0.05875 0.08
0 0.9409375 0.9454166666666667 0.058125 0.09416666666666666
0 0.685625 0.8179166666666666 0.0675 0.08083333333333333
0 0.8640625 0.23583333333333334 0.055625 0.08833333333333333
0 0.868125 0.5004166666666666 0.06 0.07916666666666666
0 0.1978125 0.8358333333333333 0.074375 0.09
0 0.4371875 0.04375 0.059375 0.0775
0 0.35625 0.5029166666666667 0.06375 0.10583333333333333
0 0.246875 0.19166666666666668 0.0625 0.07833333333333334
0 0.2234375 0.10541666666666667 0.055625 0.0925
0 0.673125 0.6729166666666667 0.05125 0.0725
0 0.86125 0.8983333333333333 0.055 0.08333333333333333
1 0.885 0.42083333333333334 0.07875 0.12166666666666667
0 0.815625 0.9004166666666666 0.05875 0.08083333333333333
0 0.6409375 0.6845833333333333 0.056875 0.08916666666666667
0 0.94 0.8479166666666667 0.0575 0.07916666666666666
1 0.189375 0.0825 0.06875 0.12166666666666667
0 0.2765625 0.2925 0.071875 0.06333333333333334
0 0.6071875 0.425 0.055625 0.08833333333333333
0 0.671875 0.7654166666666666 0.05625 0.07416666666666667
0 0.2575 0.22666666666666666 0.05 0.06666666666666667
0 0.96625 0.5183333333333333 0.05125 0.07166666666666667
0 0.5971875 0.67 0.049375 0.07166666666666667
0 0.93125 0.53375 0.06 0.07916666666666666
0 0.71375 0.9175 0.06125 0.07666666666666666
0 0.466875 0.7279166666666667 0.065 0.0625
0 0.2875 0.35041666666666665 0.04875 0.059166666666666666
0 0.2359375 0.54125 0.055625 0.0675
0 0.568125 0.4066666666666667 0.055 0.1
0 0.6840625 0.8958333333333334 0.050625 0.06833333333333333
0 0.52625 0.7191666666666666 0.055 0.07333333333333333
0 0.2628125 0.9558333333333333 0.049375 0.07
0 0.0240625 0.8745833333333334 0.046875 0.0925
0 0.46375 0.91875 0.05125 0.06916666666666667
0 0.579375 0.6391666666666667 0.05625 0.07666666666666666
0 0.5340625 0.8 0.063125 0.07666666666666666