0 0.6121875 0.3279166666666667 0.106875 0.1425
0 0.3834375 0.17541666666666667 0.089375 0.11916666666666667
0 0.120625 0.61625 0.10375 0.13916666666666666
0 0.25 0.13708333333333333 0.10625 0.1425
0 0.5246875 0.25958333333333333 0.095625 0.1275
0 0.2878125 0.55375 0.086875 0.11583333333333333
0 0.5728125 0.6920833333333334 0.108125 0.14416666666666667
0 0.658125 0.9345833333333333 0.0975 0.12916666666666668
0 0.1321875 0.34208333333333335 0.101875 0.13583333333333333
0 0.6871875 0.16458333333333333 0.108125 0.14416666666666667
0 0.596875 0.15083333333333335 0.11375 0.15166666666666667
0 0.1715625 0.4379166666666667 0.110625 0.1475
0 0.3265625 0.7404166666666666 0.103125 0.1375
0 0.3646875 0.67625 0.113125 0.15083333333333335
1 0.8946875 0.53375 0.133125 0.1775
0 0.6434375 0.7604166666666666 0.106875 0.1425
0 0.613125 0.49416666666666664 0.11125 0.14833333333333334