0 0.585625 0.32458333333333333 0.05875 0.1125
0 0.37875 0.81125 0.08375 0.09083333333333334
0 0.53625 0.46125 0.07875 0.0675
0 0.6496875 0.32875 0.070625 0.10083333333333333
0 0.5309375 0.8675 0.068125 0.11166666666666666
0 0.4134375 0.4625 0.060625 0.11
0 0.324375 0.7758333333333334 0.08375 0.07666666666666666
0 0.5353125 0.9541666666666667 0.076875 0.08166666666666667
0 0.6321875 0.9258333333333333 0.076875 0.085
0 0.3653125 0.30083333333333334 0.080625 0.11
0 0.4478125 0.35625 0.069375 0.09416666666666666
0 0.3340625 0.8966666666666666 0.073125 0.095
0 0.489375 0.31958333333333333 0.05 0.1075
0 0.2453125 0.32083333333333336 0.068125 0.105
0 0.186875 0.25708333333333333 0.06125 0.1075
0 0.453125 0.8408333333333333 0.08 0.10833333333333334
0 0.420625 0.28958333333333336 0.06 0.0825
0 0.42375 0.7641666666666667 0.0725 0.11666666666666667
0 0.7596875 0.36541666666666667 0.053125 0.12583333333333332
0 0.693125 0.8845833333333334 0.08 0.07916666666666666
1 0.6178125 0.83375 0.088125 0.1175
1 0.7478125 0.555 0.049375 0.10166666666666667
1 0.718125 0.7104166666666667 0.0625 0.059166666666666666
1 0.6259375 0.7145833333333333 0.054375 0.0925
1 0.549375 0.55125 0.0525 0.1125
1 0.283125 0.4975 0.075 0.08333333333333333
1 0.18125 0.5941666666666666 0.06375 0.12833333333333333
1 0.405625 0.1225 0.075 0.125
1 0.1584375 0.16875 0.068125 0.0775
1 0.535 0.7666666666666667 0.08 0.04833333333333333