0 0.5584375 0.7433333333333333 0.104375 0.14
0 0.656875 0.7475 0.1 0.13333333333333333
0 0.3315625 0.7916666666666666 0.098125 0.13166666666666665
0 0.2103125 0.28833333333333333 0.105625 0.14
0 0.6109375 0.4995833333333333 0.113125 0.15083333333333335
0 0.4178125 0.82375 0.110625 0.1475
0 0.7521875 0.43375 0.111875 0.14916666666666667
0 0.905 0.20375 0.11125 0.1475
0 0.746875 0.7295833333333334 0.11875 0.15916666666666668
0 0.2975 0.41041666666666665 0.11 0.14583333333333334
0 0.3709375 0.145 0.091875 0.12333333333333334
0 0.938125 0.5295833333333333 0.10375 0.13916666666666666
0 0.108125 0.3875 0.105 0.14
0 0.5634375 0.21791666666666668 0.098125 0.13083333333333333
0 0.7840625 0.36 0.109375 0.14666666666666667
0 0.5003125 0.8345833333333333 0.108125 0.14416666666666667
0 0.8578125 0.5029166666666667 0.101875 0.13583333333333333
0 0.435 0.6395833333333333 0.0925 0.12416666666666666
0 0.51125 0.5079166666666667 0.11625 0.15583333333333332
0 0.6234375 0.28291666666666665 0.108125 0.14416666666666667
0 0.6646875 0.21458333333333332 0.116875 0.15583333333333332
0 0.34875 0.5458333333333333 0.11625 0.155
0 0.84625 0.5816666666666667 0.10125 0.135
0 0.85125 0.27 0.105 0.14
0 0.195625 0.4691666666666667 0.105 0.14
0 0.121875 0.7495833333333334 0.10125 0.13583333333333333
0 0.781875 0.12291666666666666 0.10625 0.1425
0 0.1653125 0.5375 0.100625 0.135
0 0.6346875 0.9258333333333333 0.108125 0.14333333333333334
0 0.1234375 0.8754166666666666 0.100625 0.13416666666666666
0 0.1521875 0.7154166666666667 0.115625 0.15416666666666667
0 0.7803125 0.2520833333333333 0.089375 0.11916666666666667
0 0.48875 0.4625 0.10125 0.135