0 0.6503125 0.44083333333333335 0.089375 0.11833333333333333
0 0.8628125 0.4379166666666667 0.099375 0.1325
0 0.156875 0.765 0.11 0.14666666666666667
0 0.5953125 0.6370833333333333 0.103125 0.1375
0 0.34875 0.8008333333333333 0.0875 0.11666666666666667
0 0.084375 0.47333333333333333 0.08625 0.115
0 0.2634375 0.6858333333333333 0.096875 0.13
0 0.5278125 0.655 0.083125 0.11166666666666666
0 0.5940625 0.5366666666666666 0.075625 0.10166666666666667
0 0.254375 0.9408333333333333 0.07625 0.10166666666666667
0 0.2259375 0.27375 0.083125 0.11083333333333334
0 0.62375 0.3333333333333333 0.08125 0.10833333333333334
0 0.0946875 0.71125 0.103125 0.1375
0 0.3521875 0.3070833333333333 0.101875 0.13583333333333333
0 0.61875 0.7170833333333333 0.08625 0.11416666666666667
0 0.76625 0.31708333333333333 0.09125 0.12083333333333333
0 0.120625 0.36125 0.0925 0.1225
1 0.8421875 0.27 0.116875 0.155
0 0.2675 0.58875 0.10375 0.1375
0 0.2178125 0.5345833333333333 0.075625 0.10083333333333333
0 0.308125 0.38916666666666666 0.1 0.13333333333333333
0 0.3484375 0.16333333333333333 0.083125 0.11
0 0.468125 0.7679166666666667 0.085 0.1125
0 0.5565625 0.43833333333333335 0.088125 0.11833333333333333
0 0.5075 0.23083333333333333 0.1 0.13333333333333333
0 0.431875 0.46958333333333335 0.0775 0.10416666666666667
0 0.1925 0.7175 0.1025 0.13666666666666666
0 0.230625 0.3433333333333333 0.07875 0.105
0 0.76125 0.7704166666666666 0.0975 0.13083333333333333
1 0.3690625 0.46458333333333335 0.100625 0.13416666666666666
0 0.40625 0.7041666666666667 0.09875 0.13166666666666665
0 0.5246875 0.89125 0.098125 0.13083333333333333
0 0.406875 0.0875 0.0975 0.13
0 0.6896875 0.09625 0.100625 0.13416666666666666
0 0.8503125 0.10458333333333333 0.088125 0.1175
1 0.459375 0.4375 0.08625 0.115
0 0.4184375 0.5270833333333333 0.099375 0.1325
0 0.774375 0.04875 0.07375 0.0975
0 0.34 0.6875 0.08125 0.10833333333333334
0 0.5575 0.16833333333333333 0.07875 0.105
0 0.7821875 0.5929166666666666 0.084375 0.1125
0 0.8315625 0.5995833333333334 0.083125 0.11083333333333334
0 0.4834375 0.2995833333333333 0.078125 0.10416666666666667
0 0.8840625 0.1575 0.083125 0.11166666666666666
0 0.5796875 0.7716666666666666 0.074375 0.1
0 0.4821875 0.36291666666666667 0.066875 0.08916666666666667
0 0.2171875 0.465 0.070625 0.095
0 0.90375 0.3045833333333333 0.09125 0.12083333333333333
0 0.8 0.685 0.09 0.12
0 0.5371875 0.38625 0.104375 0.13916666666666666
0 0.7428125 0.15416666666666667 0.075625 0.1
0 0.689375 0.8233333333333334 0.08375 0.11166666666666666
0 0.9196875 0.39375 0.090625 0.12083333333333333
0 0.6578125 0.19541666666666666 0.085625 0.11416666666666667
0 0.6253125 0.8170833333333334 0.071875 0.09583333333333334
0 0.684375 0.7304166666666667 0.08125 0.10916666666666666
0 0.4378125 0.6170833333333333 0.074375 0.09916666666666667
0 0.823125 0.17083333333333334 0.075 0.1
0 0.2284375 0.7858333333333334 0.078125 0.105
0 0.5240625 0.5679166666666666 0.079375 0.10583333333333333
0 0.5240625 0.77 0.088125 0.11666666666666667
1 0.4796875 0.16166666666666665 0.128125 0.17166666666666666
0 0.2475 0.18125 0.08 0.1075
0 0.4534375 0.22041666666666668 0.093125 0.12416666666666666
0 0.5671875 0.08416666666666667 0.089375 0.11833333333333333
0 0.806875 0.4354166666666667 0.07625 0.10083333333333333
0 0.9378125 0.35875 0.093125 0.12416666666666666
0 0.2946875 0.12375 0.084375 0.1125
0 0.4959375 0.5045833333333334 0.094375 0.12583333333333332
1 0.7709375 0.51875 0.101875 0.13583333333333333
0 0.628125 0.11916666666666667 0.08625 0.115
0 0.2546875 0.4270833333333333 0.073125 0.0975
0 0.265625 0.8379166666666666 0.0775 0.10416666666666667
0 0.4328125 0.8670833333333333 0.098125 0.13083333333333333
0 0.4234375 0.3770833333333333 0.078125 0.10416666666666667
0 0.7628125 0.46875 0.071875 0.09583333333333334