0 0.2865625 0.47 0.068125 0.08166666666666667
0 0.5578125 0.08541666666666667 0.053125 0.07416666666666667
0 0.620625 0.06541666666666666 0.0525 0.07583333333333334
0 0.4021875 0.8216666666666667 0.050625 0.08666666666666667
0 0.4328125 0.54875 0.085625 0.09583333333333334
0 0.2628125 0.16625 0.074375 0.0925
0 0.3959375 0.3779166666666667 0.068125 0.08416666666666667
0 0.54375 0.19208333333333333 0.0675 0.08416666666666667
0 0.230625 0.7929166666666667 0.0675 0.07916666666666666
0 0.245 0.70125 0.0675 0.08583333333333333
0 0.55 0.9120833333333334 0.065 0.07416666666666667
0 0.2378125 0.8825 0.066875 0.07666666666666666
0 0.2465625 0.40958333333333335 0.053125 0.06583333333333333
0 0.20375 0.48541666666666666 0.05875 0.08916666666666667
0 0.6040625 0.16666666666666666 0.059375 0.07
0 0.3775 0.6495833333333333 0.05125 0.07083333333333333
0 0.331875 0.37416666666666665 0.06 0.08833333333333333
0 0.719375 0.37958333333333333 0.05625 0.06583333333333333
0 0.525625 0.4554166666666667 0.06 0.0825
0 0.2003125 0.11041666666666666 0.063125 0.0775
0 0.5728125 0.80375 0.060625 0.08916666666666667
0 0.818125 0.95375 0.0625 0.08416666666666667
0 0.35125 0.5633333333333334 0.055 0.07333333333333333
0 0.338125 0.8483333333333334 0.05625 0.08
0 0.4878125 0.6354166666666666 0.068125 0.0875
0 0.4646875 0.7829166666666667 0.065625 0.07416666666666667
0 0.3775 0.23083333333333333 0.06 0.08833333333333333
0 0.4465625 0.87625 0.065625 0.0875
0 0.6653125 0.24458333333333335 0.061875 0.0725
0 0.8221875 0.47375 0.058125 0.08916666666666667
0 0.455 0.175 0.075 0.07333333333333333
0 0.5996875 0.29541666666666666 0.056875 0.0775
0 0.6084375 0.8770833333333333 0.064375 0.08916666666666667
0 0.1759375 0.6591666666666667 0.054375 0.07833333333333334
0 0.8115625 0.35375 0.078125 0.09083333333333334
0 0.74625 0.12625 0.06625 0.07916666666666666
0 0.33125 0.20833333333333334 0.06875 0.09166666666666666
0 0.8290625 0.5720833333333334 0.066875 0.08416666666666667
0 0.726875 0.7708333333333334 0.05625 0.08333333333333333
0 0.3640625 0.4725 0.065625 0.075
0 0.24 0.5904166666666667 0.0625 0.0775
0 0.645625 0.8033333333333333 0.07875 0.105
0 0.575 0.715 0.06875 0.08
0 0.7815625 0.66875 0.060625 0.08916666666666667
0 0.77625 0.15166666666666667 0.07625 0.08
0 0.5190625 0.8825 0.059375 0.08333333333333333
0 0.444375 0.4320833333333333 0.04875 0.06916666666666667
0 0.7125 0.20708333333333334 0.06125 0.060833333333333336
0 0.6209375 0.4220833333333333 0.073125 0.09083333333333334
0 0.4340625 0.7404166666666666 0.070625 0.0875
0 0.62875 0.6920833333333334 0.06875 0.08416666666666667
0 0.8346875 0.3175 0.061875 0.075
0 0.616875 0.6379166666666667 0.07 0.08583333333333333
0 0.483125 0.3591666666666667 0.07125 0.08
0 0.1575 0.75625 0.065 0.0925
0 0.8078125 0.27708333333333335 0.058125 0.08416666666666667
0 0.1903125 0.855 0.059375 0.07333333333333333
0 0.6696875 0.8541666666666666 0.070625 0.09166666666666666
0 0.6965625 0.12333333333333334 0.064375 0.08166666666666667
0 0.6909375 0.7133333333333334 0.053125 0.08833333333333333
0 0.30375 0.06958333333333333 0.06125 0.0725
0 0.54 0.545 0.0625 0.08166666666666667
0 0.2821875 0.2579166666666667 0.064375 0.08083333333333333
0 0.67125 0.16041666666666668 0.05875 0.07583333333333334
0 0.6534375 0.8925 0.068125 0.09
0 0.6996875 0.60625 0.054375 0.0825
0 0.22125 0.36333333333333334 0.06 0.085
0 0.6771875 0.33666666666666667 0.068125 0.08833333333333333
0 0.7328125 0.30333333333333334 0.063125 0.07166666666666667
0 0.8359375 0.83875 0.054375 0.0725
0 0.6471875 0.5283333333333333 0.059375 0.08
0 0.74625 0.9091666666666667 0.05875 0.08
0 0.2965625 0.6491666666666667 0.058125 0.07833333333333334
0 0.80875 0.8083333333333333 0.0575 0.08
0 0.335625 0.7779166666666667 0.05625 0.0675
0 0.36375 0.305 0.06375 0.09
0 0.29375 0.12333333333333334 0.07 0.08666666666666667
0 0.5359375 0.33458333333333334 0.056875 0.08416666666666667
0 0.349375 0.92375 0.0525 0.059166666666666666
0 0.405625 0.06541666666666666 0.0525 0.06916666666666667
0 0.164375 0.8583333333333333 0.065 0.07666666666666666
0 0.179375 0.7516666666666667 0.05625 0.065
0 0.173125 0.58 0.0625 0.06833333333333333
0 0.230625 0.5429166666666667 0.06125 0.0975
0 0.214375 0.5608333333333333 0.05375 0.08333333333333333
0 0.2628125 0.33666666666666667 0.065625 0.05333333333333334
0 0.2696875 0.28375 0.064375 0.07416666666666667
0 0.4771875 0.22166666666666668 0.068125 0.08
0 0.4475 0.14458333333333334 0.04875 0.07083333333333333
0 0.799375 0.6895833333333333 0.0675 0.0675
0 0.83 0.8891666666666667 0.0625 0.09333333333333334
0 0.8103125 0.8604166666666667 0.054375 0.09916666666666667
0 0.52125 0.6333333333333333 0.05125 0.07333333333333333
0 0.574375 0.54875 0.0575 0.059166666666666666
0 0.7309375 0.885 0.053125 0.08
0 0.74 0.85125 0.05125 0.08916666666666667
0 0.739375 0.8058333333333333 0.06375 0.08166666666666667
0 0.4965625 0.4791666666666667 0.064375 0.06833333333333333
0 0.553125 0.5775 0.06 0.07833333333333334
0 0.6121875 0.7316666666666667 0.070625 0.09333333333333334
0 0.71 0.58625 0.06875 0.08583333333333333
0 0.799375 0.6104166666666667 0.06125 0.08416666666666667
0 0.6521875 0.6525 0.069375 0.07166666666666667
0 0.64375 0.5516666666666666 0.05 0.07666666666666666
0 0.383125 0.465 0.0575 0.07
0 0.3771875 0.5175 0.063125 0.08
0 0.65375 0.6058333333333333 0.06125 0.09666666666666666
0 0.6775 0.7054166666666667 0.05125 0.0725
0 0.7978125 0.47208333333333335 0.053125 0.08916666666666667
0 0.7665625 0.4525 0.061875 0.08833333333333333
0 0.718125 0.5058333333333334 0.0525 0.08
0 0.683125 0.415 0.0625 0.08166666666666667
0 0.655625 0.4170833333333333 0.0575 0.07083333333333333
0 0.7859375 0.25958333333333333 0.056875 0.0725
0 0.7525 0.20958333333333334 0.06125 0.10416666666666667
0 0.6578125 0.36 0.061875 0.09666666666666666
0 0.714375 0.2991666666666667 0.065 0.07
0 0.640625 0.24416666666666667 0.0525 0.08166666666666667
0 0.5971875 0.32958333333333334 0.051875 0.06583333333333333
0 0.635 0.20125 0.0675 0.0875
0 0.6303125 0.08666666666666667 0.056875 0.08
0 0.6265625 0.08416666666666667 0.058125 0.07833333333333334
0 0.7021875 0.07333333333333333 0.049375 0.095
0 0.565 0.1025 0.05875 0.07833333333333334
0 0.4634375 0.34791666666666665 0.064375 0.060833333333333336
0 0.3965625 0.29125 0.070625 0.0775
0 0.4184375 0.31708333333333333 0.065625 0.07916666666666666
0 0.429375 0.10083333333333333 0.06375 0.075
0 0.420625 0.06875 0.05 0.0825
0 0.4978125 0.25333333333333335 0.055625 0.07833333333333334
0 0.513125 0.2825 0.0625 0.09166666666666666
0 0.54875 0.29333333333333333 0.07375 0.09
0 0.4271875 0.9104166666666667 0.063125 0.08916666666666667
0 0.415 0.7145833333333333 0.07 0.0625
0 0.2953125 0.83875 0.055625 0.0725
0 0.3865625 0.755 0.075625 0.08333333333333333
0 0.31 0.8554166666666667 0.0575 0.07416666666666667
0 0.33875 0.95125 0.07125 0.08416666666666667
0 0.3178125 0.67125 0.066875 0.0725
0 0.330625 0.69625 0.05 0.06916666666666667
0 0.309375 0.7541666666666667 0.07625 0.09
0 0.2096875 0.08291666666666667 0.064375 0.07583333333333334
0 0.2325 0.08833333333333333 0.05875 0.07666666666666666
0 0.339375 0.05333333333333334 0.06375 0.075
0 0.30375 0.03625 0.06125 0.0675
0 0.84375 0.19875 0.05875 0.07583333333333334
0 0.3278125 0.40208333333333335 0.053125 0.07416666666666667
0 0.7384375 0.6095833333333334 0.054375 0.0775
0 0.195 0.6583333333333333 0.05 0.06833333333333333
0 0.55125 0.83 0.09875 0.05333333333333334