0 0.8709375 0.40458333333333335 0.106875 0.1425
0 0.1828125 0.66125 0.100625 0.13416666666666666
0 0.2253125 0.4870833333333333 0.111875 0.14916666666666667
0 0.0640625 0.7808333333333334 0.105625 0.14166666666666666
0 0.4175 0.6766666666666666 0.105 0.14
0 0.343125 0.4979166666666667 0.10875 0.14583333333333334
0 0.6303125 0.8404166666666667 0.093125 0.12416666666666666
0 0.8209375 0.6554166666666666 0.095625 0.1275
0 0.36875 0.7845833333333333 0.11125 0.14916666666666667
0 0.0890625 0.43875 0.106875 0.1425
0 0.2709375 0.7879166666666667 0.114375 0.1525
0 0.5653125 0.81375 0.099375 0.1325
0 0.5415625 0.37916666666666665 0.113125 0.15166666666666667
0 0.65625 0.5204166666666666 0.10375 0.13916666666666666
0 0.2075 0.35 0.11125 0.14833333333333334
0 0.4521875 0.49375 0.100625 0.13416666666666666
0 0.2775 0.23333333333333334 0.11375 0.15166666666666667
0 0.3715625 0.9141666666666667 0.103125 0.13833333333333334
0 0.3890625 0.2604166666666667 0.091875 0.1225
0 0.1365625 0.7733333333333333 0.103125 0.13833333333333334
0 0.57 0.32666666666666666 0.10375 0.13833333333333334
0 0.28 0.4554166666666667 0.105 0.13916666666666666
0 0.5009375 0.56 0.110625 0.14833333333333334
0 0.6828125 0.23791666666666667 0.104375 0.13916666666666666
0 0.82375 0.5166666666666667 0.09875 0.13166666666666665
0 0.533125 0.725 0.10875 0.145
0 0.6065625 0.7104166666666667 0.108125 0.14416666666666667
0 0.6546875 0.14458333333333334 0.108125 0.14416666666666667
0 0.7403125 0.2825 0.086875 0.11666666666666667
0 0.7009375 0.5625 0.099375 0.13333333333333333
0 0.5834375 0.5475 0.108125 0.14333333333333334
0 0.86 0.2625 0.11 0.14666666666666667
0 0.3475 0.4083333333333333 0.10375 0.13833333333333334
0 0.171875 0.5033333333333333 0.10125 0.135
0 0.446875 0.38916666666666666 0.1075 0.14333333333333334
0 0.1184375 0.60375 0.114375 0.1525
0 0.7440625 0.10291666666666667 0.108125 0.14416666666666667
0 0.4165625 0.8520833333333333 0.099375 0.1325
0 0.2184375 0.7420833333333333 0.104375 0.13916666666666666
0 0.34375 0.07791666666666666 0.10625 0.14083333333333334
0 0.3659375 0.6529166666666667 0.110625 0.1475
0 0.938125 0.3516666666666667 0.1075 0.14333333333333334
0 0.783125 0.42791666666666667 0.10125 0.13583333333333333
0 0.709375 0.7575 0.0975 0.13
0 0.2703125 0.40291666666666665 0.101875 0.13583333333333333
0 0.315 0.16333333333333333 0.08625 0.115
0 0.69125 0.6329166666666667 0.10125 0.13583333333333333
0 0.59875 0.9233333333333333 0.10625 0.14166666666666666
0 0.73625 0.7754166666666666 0.105 0.14083333333333334
0 0.916875 0.28958333333333336 0.09375 0.12583333333333332
0 0.601875 0.6729166666666667 0.10125 0.13583333333333333
0 0.4465625 0.445 0.104375 0.13833333333333334
0 0.389375 0.22125 0.0975 0.13083333333333333
0 0.346875 0.20666666666666667 0.0975 0.13
0 0.3240625 0.86375 0.085625 0.11416666666666667
0 0.4690625 0.8195833333333333 0.106875 0.1425
0 0.100625 0.6175 0.1075 0.14333333333333334