0 0.76375 0.3925 0.095 0.12666666666666668
0 0.3425 0.16916666666666666 0.105 0.14
0 0.5090625 0.86625 0.086875 0.11583333333333333
0 0.5484375 0.62875 0.090625 0.12083333333333333
0 0.3640625 0.71375 0.083125 0.11083333333333334
0 0.059375 0.3933333333333333 0.08375 0.11166666666666666
0 0.8078125 0.46041666666666664 0.101875 0.13583333333333333
0 0.7334375 0.8341666666666666 0.083125 0.11
0 0.4378125 0.15916666666666668 0.091875 0.12333333333333334
0 0.5809375 0.44708333333333333 0.091875 0.1225
0 0.6490625 0.4083333333333333 0.093125 0.12333333333333334
0 0.4896875 0.61875 0.083125 0.11083333333333334
0 0.1915625 0.5208333333333334 0.083125 0.11166666666666666
0 0.086875 0.5166666666666667 0.0925 0.12333333333333334
0 0.1303125 0.36625 0.098125 0.13083333333333333
0 0.48875 0.455 0.0825 0.11
0 0.5071875 0.16625 0.093125 0.12416666666666666
0 0.6503125 0.7995833333333333 0.108125 0.14416666666666667
0 0.6034375 0.30791666666666667 0.104375 0.13916666666666666
0 0.37125 0.40125 0.08875 0.11916666666666667
0 0.32375 0.265 0.08625 0.115
0 0.6446875 0.58125 0.105625 0.14083333333333334
0 0.8475 0.8191666666666667 0.0875 0.11666666666666667
0 0.56875 0.9329166666666666 0.08875 0.11916666666666667
0 0.706875 0.33541666666666664 0.09625 0.1275
0 0.4765625 0.24208333333333334 0.074375 0.09916666666666667
0 0.43 0.7270833333333333 0.0925 0.12416666666666666
0 0.5975 0.17958333333333334 0.0825 0.11083333333333334
0 0.470625 0.5233333333333333 0.08 0.10666666666666667
0 0.7890625 0.7904166666666667 0.098125 0.13083333333333333
0 0.826875 0.32 0.11625 0.155
0 0.333125 0.8233333333333334 0.08 0.10666666666666667
0 0.5278125 0.40125 0.090625 0.12083333333333333
0 0.8971875 0.76375 0.096875 0.12916666666666668
0 0.4396875 0.9229166666666667 0.103125 0.1375
0 0.3253125 0.5929166666666666 0.078125 0.10416666666666667
0 0.130625 0.5779166666666666 0.0875 0.1175
0 0.4284375 0.37083333333333335 0.095625 0.12833333333333333
0 0.3009375 0.7395833333333334 0.114375 0.1525
0 0.4015625 0.84625 0.089375 0.11916666666666667
0 0.881875 0.49833333333333335 0.10375 0.13833333333333334
0 0.5325 0.31625 0.0925 0.1225
0 0.26 0.22041666666666668 0.09125 0.12083333333333333
0 0.6271875 0.8758333333333334 0.079375 0.105
0 0.844375 0.8941666666666667 0.0875 0.11666666666666667
0 0.780625 0.23958333333333334 0.08875 0.11916666666666667
0 0.3284375 0.3441666666666667 0.108125 0.14333333333333334
0 0.5771875 0.8254166666666667 0.101875 0.13583333333333333
0 0.7203125 0.20708333333333334 0.094375 0.12583333333333332
0 0.5403125 0.5283333333333333 0.103125 0.13666666666666666
0 0.770625 0.5291666666666667 0.1075 0.14333333333333334
0 0.5825 0.10541666666666667 0.09875 0.1325
0 0.5959375 0.6916666666666667 0.091875 0.12333333333333334
0 0.27875 0.08666666666666667 0.09625 0.12833333333333333
0 0.4340625 0.6620833333333334 0.088125 0.1175
0 0.2415625 0.7066666666666667 0.085625 0.11333333333333333
0 0.834375 0.54625 0.085 0.1125
0 0.430625 0.43583333333333335 0.09375 0.125
0 0.3540625 0.46791666666666665 0.094375 0.12583333333333332
0 0.194375 0.14583333333333334 0.10125 0.135
0 0.2759375 0.13958333333333334 0.094375 0.12583333333333332
0 0.2884375 0.3333333333333333 0.088125 0.11666666666666667
0 0.3596875 0.6170833333333333 0.096875 0.12916666666666668
0 0.945 0.6208333333333333 0.10875 0.145
0 0.4225 0.7891666666666667 0.08625 0.115
0 0.79125 0.86375 0.09375 0.12583333333333332
0 0.903125 0.6754166666666667 0.09 0.12083333333333333
0 0.4815625 0.07458333333333333 0.089375 0.11916666666666667
0 0.294375 0.415 0.09125 0.12166666666666667
0 0.2828125 0.4970833333333333 0.089375 0.11916666666666667
0 0.691875 0.8725 0.08125 0.10833333333333334
0 0.598125 0.33916666666666667 0.09625 0.12833333333333333
0 0.6671875 0.09916666666666667 0.093125 0.12333333333333334
0 0.374375 0.9058333333333334 0.07625 0.10166666666666667
0 0.1828125 0.3145833333333333 0.094375 0.12583333333333332
0 0.3165625 0.9054166666666666 0.090625 0.12083333333333333
0 0.474375 0.305 0.1 0.13333333333333333
0 0.32 0.0625 0.0925 0.12333333333333334
0 0.505 0.9295833333333333 0.09375 0.12583333333333332
0 0.568125 0.7879166666666667 0.09125 0.12083333333333333
0 0.6421875 0.11541666666666667 0.090625 0.12083333333333333
0 0.415625 0.49375 0.10875 0.14416666666666667
0 0.200625 0.38416666666666666 0.10625 0.14166666666666666
0 0.5625 0.7191666666666666 0.08375 0.11166666666666666
0 0.486875 0.7279166666666667 0.08875 0.1175
1 0.2471875 0.6095833333333334 0.139375 0.18583333333333332
0 0.8428125 0.62125 0.085625 0.11416666666666667
0 0.839375 0.6508333333333334 0.0875 0.11666666666666667
0 0.7384375 0.29041666666666666 0.091875 0.1225
0 0.7815625 0.32625 0.095625 0.1275
0 0.236875 0.11958333333333333 0.095 0.12583333333333332
0 0.198125 0.20333333333333334 0.1025 0.13666666666666666
0 0.2640625 0.2375 0.089375 0.11833333333333333
0 0.2528125 0.38875 0.095625 0.1275
0 0.0675 0.28041666666666665 0.09625 0.1275
0 0.0934375 0.26125 0.085625 0.11416666666666667
0 0.1571875 0.27541666666666664 0.095625 0.1275
0 0.134375 0.24166666666666667 0.09375 0.125
0 0.476875 0.355 0.09375 0.125
0 0.348125 0.505 0.105 0.14
0 0.4209375 0.5754166666666667 0.099375 0.1325
0 0.39875 0.60625 0.07875 0.10583333333333333
0 0.4753125 0.7120833333333333 0.090625 0.12083333333333333
0 0.7878125 0.56375 0.095625 0.1275