0 0.819375 0.3754166666666667 0.07875 0.10416666666666667
0 0.8309375 0.6283333333333333 0.075625 0.09
0 0.695625 0.16833333333333333 0.08 0.10333333333333333
0 0.8640625 0.3016666666666667 0.068125 0.1
0 0.330625 0.10833333333333334 0.085 0.09833333333333333
0 0.9584375 0.8233333333333334 0.070625 0.11666666666666667
0 0.8875 0.5808333333333333 0.065 0.115
0 0.7484375 0.31375 0.079375 0.08916666666666667
0 0.8971875 0.8404166666666667 0.074375 0.10083333333333333
0 0.7846875 0.8133333333333334 0.069375 0.095
0 0.54625 0.8870833333333333 0.0975 0.07416666666666667
0 0.426875 0.35083333333333333 0.07125 0.1
0 0.320625 0.20458333333333334 0.06875 0.1125
0 0.1084375 0.08125 0.075625 0.09083333333333334
0 0.264375 0.36833333333333335 0.07375 0.1
0 0.396875 0.33416666666666667 0.08 0.10166666666666667
0 0.499375 0.6658333333333334 0.065 0.08333333333333333
0 0.465 0.7158333333333333 0.06625 0.09666666666666666
0 0.458125 0.8641666666666666 0.05 0.11166666666666666