0 0.2 0.16416666666666666 0.0675 0.08333333333333333
0 0.538125 0.8204166666666667 0.07 0.08083333333333333
0 0.6096875 0.485 0.071875 0.08
1 0.771875 0.6183333333333333 0.08625 0.10833333333333334
0 0.6753125 0.36583333333333334 0.069375 0.09166666666666666
0 0.8009375 0.48291666666666666 0.075625 0.08583333333333333
0 0.2528125 0.041666666666666664 0.061875 0.07833333333333334
0 0.570625 0.11916666666666667 0.06375 0.08666666666666667
0 0.69375 0.12833333333333333 0.065 0.09333333333333334
0 0.351875 0.6279166666666667 0.06375 0.08583333333333333
0 0.55 0.5541666666666667 0.07125 0.09833333333333333
0 0.7246875 0.25875 0.074375 0.0975
0 0.60875 0.7008333333333333 0.06875 0.09
0 0.8378125 0.82625 0.068125 0.09583333333333334
0 0.4075 0.4075 0.0825 0.095
0 0.725 0.465 0.07125 0.09666666666666666
0 0.1821875 0.7420833333333333 0.065625 0.09083333333333334
0 0.2490625 0.40958333333333335 0.061875 0.07083333333333333
0 0.5209375 0.27625 0.065625 0.07916666666666666
0 0.194375 0.5004166666666666 0.06 0.0825
0 0.5296875 0.20583333333333334 0.064375 0.085
0 0.4421875 0.1025 0.066875 0.08
0 0.691875 0.76 0.055 0.085
0 0.47125 0.82375 0.06125 0.07916666666666666
0 0.7096875 0.9283333333333333 0.061875 0.07833333333333334
0 0.5484375 0.735 0.064375 0.10166666666666667
0 0.224375 0.29375 0.06625 0.09083333333333334
0 0.53625 0.6558333333333334 0.05 0.07333333333333333
0 0.3125 0.3754166666666667 0.06625 0.0875
0 0.4403125 0.5483333333333333 0.064375 0.075
0 0.2775 0.34291666666666665 0.0575 0.0725
0 0.6584375 0.6654166666666667 0.056875 0.06916666666666667
0 0.5403125 0.8945833333333333 0.065625 0.08416666666666667
0 0.5728125 0.9183333333333333 0.054375 0.08666666666666667
0 0.2334375 0.6391666666666667 0.074375 0.095
0 0.699375 0.5708333333333333 0.05125 0.06333333333333334
0 0.240625 0.4945833333333333 0.0725 0.1025
0 0.3778125 0.7825 0.058125 0.08
0 0.2134375 0.675 0.065625 0.09166666666666666
0 0.4421875 0.24583333333333332 0.068125 0.07666666666666666
0 0.8371875 0.39708333333333334 0.053125 0.08416666666666667
0 0.3865625 0.8516666666666667 0.053125 0.07333333333333333
0 0.3978125 0.5979166666666667 0.065625 0.10083333333333333
0 0.6334375 0.79125 0.064375 0.09416666666666666
0 0.6478125 0.5829166666666666 0.048125 0.08916666666666667
0 0.4609375 0.55125 0.065625 0.07916666666666666
0 0.3415625 0.9608333333333333 0.064375 0.07666666666666666
0 0.6490625 0.4195833333333333 0.056875 0.0975
0 0.845625 0.3095833333333333 0.05875 0.0875
0 0.37125 0.9004166666666666 0.05375 0.08916666666666667