0 0.13875 0.525 0.08625 0.115
0 0.2871875 0.72125 0.090625 0.12083333333333333
0 0.9434375 0.2970833333333333 0.090625 0.12083333333333333
0 0.6478125 0.7895833333333333 0.091875 0.1225
0 0.33125 0.6625 0.08625 0.115
0 0.7875 0.3233333333333333 0.09 0.12
0 0.376875 0.5983333333333334 0.085 0.11333333333333333
0 0.14125 0.3516666666666667 0.09625 0.12833333333333333
0 0.3478125 0.79125 0.105625 0.14083333333333334
0 0.9321875 0.3775 0.090625 0.12
0 0.448125 0.5654166666666667 0.08875 0.11916666666666667
0 0.2728125 0.36041666666666666 0.096875 0.12916666666666668
0 0.3975 0.9295833333333333 0.0925 0.1225
0 0.720625 0.4816666666666667 0.095 0.12666666666666668
0 0.2096875 0.7458333333333333 0.091875 0.12166666666666667
0 0.8259375 0.5420833333333334 0.081875 0.10916666666666666
0 0.5778125 0.5666666666666667 0.101875 0.13666666666666666
0 0.1740625 0.8920833333333333 0.084375 0.1125
0 0.7565625 0.58875 0.096875 0.12916666666666668
0 0.4803125 0.23875 0.086875 0.11583333333333333
0 0.2240625 0.6345833333333334 0.084375 0.1125
0 0.271875 0.8691666666666666 0.09625 0.12833333333333333
0 0.2184375 0.5129166666666667 0.093125 0.12416666666666666
0 0.8078125 0.47708333333333336 0.084375 0.1125
0 0.2640625 0.28541666666666665 0.090625 0.12083333333333333
0 0.5865625 0.6129166666666667 0.084375 0.1125
1 0.6634375 0.12583333333333332 0.116875 0.15666666666666668
0 0.735 0.16208333333333333 0.085 0.1125
0 0.4378125 0.6979166666666666 0.103125 0.1375
0 0.149375 0.67 0.0775 0.10333333333333333
0 0.6675 0.62125 0.08125 0.1075
0 0.34875 0.9158333333333334 0.09125 0.12166666666666667
0 0.1328125 0.8408333333333333 0.098125 0.13166666666666665
0 0.48875 0.8204166666666667 0.08625 0.11416666666666667
0 0.9203125 0.56375 0.086875 0.11583333333333333
0 0.379375 0.42375 0.09375 0.12416666666666666
0 0.6896875 0.69625 0.096875 0.12916666666666668
0 0.7484375 0.6845833333333333 0.080625 0.1075
0 0.3271875 0.5395833333333333 0.083125 0.11083333333333334
0 0.884375 0.6258333333333334 0.075 0.1
0 0.5309375 0.6983333333333334 0.089375 0.11833333333333333
0 0.581875 0.6758333333333333 0.08375 0.11166666666666666
0 0.5275 0.2783333333333333 0.0775 0.10333333333333333
0 0.901875 0.23416666666666666 0.085 0.11333333333333333
0 0.5765625 0.34 0.089375 0.11833333333333333
0 0.59375 0.0875 0.0875 0.11666666666666667
0 0.203125 0.34208333333333335 0.0925 0.1225
0 0.91 0.4225 0.08625 0.115
0 0.556875 0.7516666666666667 0.07875 0.105
0 0.6265625 0.9220833333333334 0.081875 0.10916666666666666
0 0.2759375 0.93125 0.086875 0.11583333333333333
0 0.8309375 0.17833333333333334 0.074375 0.1
0 0.4125 0.20666666666666667 0.085 0.11333333333333333
0 0.40375 0.17833333333333334 0.09375 0.125
0 0.8015625 0.6454166666666666 0.080625 0.1075
0 0.51375 0.9145833333333333 0.085 0.1125
0 0.4971875 0.75375 0.075625 0.10083333333333333
0 0.5090625 0.6145833333333334 0.084375 0.1125
0 0.8246875 0.585 0.079375 0.105
0 0.3046875 0.5095833333333334 0.080625 0.1075
0 0.370625 0.1525 0.07875 0.105
0 0.7928125 0.7516666666666667 0.084375 0.11333333333333333
0 0.8525 0.6829166666666666 0.07375 0.09916666666666667
0 0.4559375 0.83375 0.086875 0.11583333333333333
0 0.7984375 0.65125 0.078125 0.10416666666666667