0 0.323125 0.27208333333333334 0.09 0.11916666666666667
0 0.8984375 0.4479166666666667 0.090625 0.12083333333333333
0 0.87 0.3179166666666667 0.0975 0.13083333333333333
0 0.4603125 0.17125 0.098125 0.13083333333333333
0 0.5178125 0.33375 0.080625 0.1075
0 0.609375 0.46166666666666667 0.10125 0.135
0 0.1878125 0.82875 0.096875 0.12916666666666668
0 0.6671875 0.26666666666666666 0.093125 0.125
0 0.10875 0.69375 0.09 0.11916666666666667
0 0.5484375 0.8870833333333333 0.084375 0.1125
0 0.3640625 0.33125 0.090625 0.12083333333333333
0 0.8065625 0.3854166666666667 0.103125 0.1375
0 0.6809375 0.8254166666666667 0.090625 0.12083333333333333
0 0.76875 0.22083333333333333 0.1025 0.13666666666666666
0 0.0565625 0.5979166666666667 0.090625 0.12083333333333333
0 0.4009375 0.4979166666666667 0.090625 0.12083333333333333
0 0.745 0.2975 0.08875 0.11833333333333333
0 0.608125 0.70875 0.11 0.14583333333333334
0 0.2065625 0.62375 0.091875 0.1225
1 0.528125 0.68125 0.09625 0.12916666666666668
0 0.323125 0.5908333333333333 0.095 0.12666666666666668
1 0.735625 0.39666666666666667 0.11125 0.14833333333333334
0 0.1771875 0.46458333333333335 0.103125 0.1375
0 0.2815625 0.8345833333333333 0.090625 0.12083333333333333
0 0.3478125 0.7220833333333333 0.089375 0.11916666666666667
0 0.5484375 0.2920833333333333 0.089375 0.11916666666666667
1 0.1209375 0.77375 0.114375 0.1525
0 0.4703125 0.8454166666666667 0.089375 0.11916666666666667
0 0.106875 0.39166666666666666 0.0875 0.11666666666666667
0 0.7384375 0.7895833333333333 0.099375 0.1325
0 0.308125 0.8216666666666667 0.09875 0.13166666666666665
0 0.49625 0.5554166666666667 0.08 0.1075
0 0.489375 0.6329166666666667 0.09 0.12083333333333333
0 0.523125 0.79375 0.085 0.1125
0 0.451875 0.4945833333333333 0.09 0.12083333333333333
0 0.2265625 0.92375 0.113125 0.15083333333333335
0 0.3590625 0.07083333333333333 0.091875 0.12333333333333334
0 0.5696875 0.9354166666666667 0.093125 0.12416666666666666