0 0.8228125 0.18083333333333335 0.065625 0.10666666666666667
0 0.5084375 0.755 0.078125 0.10333333333333333
0 0.12625 0.9245833333333333 0.07625 0.10083333333333333
0 0.3796875 0.8254166666666667 0.071875 0.10416666666666667
0 0.965 0.6841666666666667 0.0675 0.08666666666666667
0 0.2740625 0.44 0.076875 0.10833333333333334
0 0.88875 0.41333333333333333 0.07375 0.10666666666666667
0 0.640625 0.10708333333333334 0.08125 0.10583333333333333
0 0.854375 0.6875 0.0875 0.085
0 0.796875 0.9191666666666667 0.07875 0.10333333333333333
0 0.0365625 0.35041666666666665 0.071875 0.1025
0 0.7565625 0.48791666666666667 0.074375 0.1025
0 0.9071875 0.5295833333333333 0.061875 0.08916666666666667
0 0.811875 0.33666666666666667 0.0675 0.08
0 0.1890625 0.29291666666666666 0.068125 0.1125
0 0.2609375 0.8429166666666666 0.071875 0.1025
0 0.6453125 0.20375 0.078125 0.09583333333333334
0 0.0771875 0.7154166666666667 0.064375 0.09583333333333334
0 0.62125 0.49 0.075 0.08833333333333333
0 0.1315625 0.5858333333333333 0.078125 0.10166666666666667
0 0.91 0.7654166666666666 0.08125 0.1125
0 0.830625 0.09416666666666666 0.07 0.09833333333333333
0 0.0746875 0.23458333333333334 0.068125 0.10916666666666666
0 0.6259375 0.6966666666666667 0.074375 0.10333333333333333
0 0.76 0.69875 0.07375 0.11083333333333334
0 0.549375 0.56625 0.08 0.10583333333333333
0 0.73375 0.8670833333333333 0.0725 0.09916666666666667
0 0.541875 0.8783333333333333 0.08125 0.09166666666666666
0 0.09875 0.46958333333333335 0.065 0.1075
0 0.92625 0.8783333333333333 0.07875 0.095
0 0.7675 0.6 0.07 0.10666666666666667
0 0.4853125 0.65375 0.079375 0.09416666666666666
0 0.1665625 0.4608333333333333 0.063125 0.10166666666666667
0 0.58875 0.795 0.05875 0.09333333333333334
0 0.51125 0.06833333333333333 0.0875 0.07833333333333334
0 0.70375 0.6579166666666667 0.06375 0.10416666666666667
0 0.309375 0.8875 0.06625 0.12
0 0.6178125 0.5904166666666667 0.069375 0.1025
0 0.85625 0.8491666666666666 0.0675 0.09333333333333334
0 0.1365625 0.7466666666666667 0.066875 0.1
0 0.119375 0.6608333333333334 0.07875 0.115