0 0.7334375 0.2175 0.061875 0.075
0 0.6125 0.6833333333333333 0.06375 0.08333333333333333
0 0.7565625 0.53375 0.055625 0.08416666666666667
0 0.7603125 0.6770833333333334 0.059375 0.08583333333333333
0 0.43875 0.7120833333333333 0.065 0.0875
0 0.4475 0.30333333333333334 0.065 0.1
0 0.1828125 0.9370833333333334 0.066875 0.08083333333333333
0 0.286875 0.20958333333333334 0.065 0.08916666666666667
0 0.19375 0.2225 0.0625 0.08666666666666667
0 0.408125 0.87 0.075 0.09166666666666666
0 0.2903125 0.7754166666666666 0.064375 0.0875
0 0.6190625 0.7929166666666667 0.068125 0.0925
0 0.210625 0.6479166666666667 0.0675 0.0925
0 0.5821875 0.3566666666666667 0.074375 0.09833333333333333
0 0.34375 0.60125 0.07 0.1075
0 0.18 0.45416666666666666 0.06 0.085
0 0.8209375 0.24125 0.065625 0.08583333333333333
0 0.8334375 0.5804166666666667 0.073125 0.0975
0 0.589375 0.12958333333333333 0.05875 0.07583333333333334
0 0.4390625 0.9491666666666667 0.058125 0.08333333333333333
0 0.4996875 0.16 0.063125 0.08166666666666667
0 0.578125 0.22791666666666666 0.0625 0.08916666666666667
0 0.2346875 0.8291666666666667 0.063125 0.09
0 0.5753125 0.5154166666666666 0.063125 0.08583333333333333
0 0.2496875 0.29875 0.069375 0.0975
0 0.2871875 0.3154166666666667 0.059375 0.09083333333333334
0 0.1859375 0.08958333333333333 0.066875 0.07916666666666666
0 0.2221875 0.7470833333333333 0.063125 0.09083333333333334
0 0.696875 0.14125 0.075 0.0925
0 0.1590625 0.7391666666666666 0.064375 0.08666666666666667
0 0.831875 0.6741666666666667 0.0775 0.1
0 0.71625 0.44416666666666665 0.07125 0.09166666666666666
0 0.373125 0.45458333333333334 0.07 0.09083333333333334
0 0.4096875 0.77625 0.061875 0.09083333333333334
0 0.358125 0.8 0.06 0.08
0 0.3775 0.3075 0.06 0.08666666666666667
0 0.616875 0.44375 0.06375 0.09416666666666666
0 0.309375 0.44958333333333333 0.05875 0.08083333333333333
0 0.6278125 0.4791666666666667 0.066875 0.09166666666666666
0 0.339375 0.34791666666666665 0.05625 0.0875
0 0.41625 0.63625 0.07125 0.0625
0 0.16875 0.1175 0.065 0.08833333333333333
0 0.8415625 0.89875 0.066875 0.0875
0 0.380625 0.38625 0.0775 0.0925