0 0.378125 0.12125 0.07375 0.10916666666666666
0 0.2603125 0.1 0.069375 0.10333333333333333
0 0.318125 0.30041666666666667 0.065 0.09583333333333334
0 0.2434375 0.345 0.073125 0.10666666666666667
0 0.194375 0.3104166666666667 0.07375 0.09416666666666666
0 0.2646875 0.47458333333333336 0.076875 0.1125
0 0.31875 0.495 0.07 0.11166666666666666
0 0.3746875 0.48 0.055625 0.10666666666666667
0 0.388125 0.5633333333333334 0.06625 0.10666666666666667
0 0.395625 0.65 0.0575 0.1
0 0.3696875 0.74375 0.074375 0.0875
0 0.28625 0.6770833333333334 0.0625 0.08583333333333333
0 0.2978125 0.8008333333333333 0.079375 0.105
0 0.2090625 0.6616666666666666 0.080625 0.11166666666666666
0 0.1965625 0.5545833333333333 0.066875 0.09916666666666667
0 0.4459375 0.4816666666666667 0.086875 0.09166666666666666
0 0.475 0.6504166666666666 0.08 0.11416666666666667
0 0.5946875 0.6233333333333333 0.069375 0.09333333333333334
0 0.7134375 0.5358333333333334 0.071875 0.10833333333333334
0 0.694375 0.3695833333333333 0.06125 0.08083333333333333
0 0.5128125 0.06791666666666667 0.070625 0.0925
0 0.5265625 0.18791666666666668 0.074375 0.1075
0 0.4221875 0.23041666666666666 0.078125 0.10416666666666667
0 0.48625 0.25958333333333333 0.07875 0.10583333333333333
0 0.5953125 0.12916666666666668 0.068125 0.11166666666666666
0 0.7140625 0.14291666666666666 0.068125 0.09416666666666666
0 0.5415625 0.8004166666666667 0.069375 0.07583333333333334
0 0.5471875 0.5383333333333333 0.068125 0.10666666666666667
0 0.5278125 0.4533333333333333 0.069375 0.10333333333333333
0 0.5353125 0.35125 0.078125 0.09416666666666666
0 0.57875 0.2625 0.06625 0.105
0 0.6028125 0.4241666666666667 0.084375 0.11166666666666666
0 0.77375 0.2633333333333333 0.08125 0.10666666666666667
1 0.661875 0.24083333333333334 0.0975 0.13333333333333333
0 0.7496875 0.7491666666666666 0.051875 0.08
0 0.1703125 0.9029166666666667 0.075625 0.09583333333333334
0 0.174375 0.82375 0.07125 0.1075
0 0.613125 0.8691666666666666 0.0775 0.10666666666666667
0 0.835625 0.14666666666666667 0.06625 0.10166666666666667
0 0.8321875 0.5416666666666666 0.070625 0.12
0 0.7953125 0.38208333333333333 0.068125 0.09583333333333334
0 0.7715625 0.41333333333333333 0.071875 0.10166666666666667
0 0.630625 0.73 0.06875 0.10333333333333333
0 0.6040625 0.7491666666666666 0.076875 0.10166666666666667