0 0.6690625 0.5133333333333333 0.104375 0.13833333333333334
0 0.3171875 0.32458333333333333 0.081875 0.10916666666666666
0 0.7653125 0.40791666666666665 0.083125 0.11083333333333334
0 0.776875 0.8091666666666667 0.095 0.12666666666666668
0 0.193125 0.5925 0.095 0.12666666666666668
0 0.555625 0.6758333333333333 0.08125 0.10833333333333334
0 0.8353125 0.4241666666666667 0.088125 0.11833333333333333
0 0.6096875 0.5229166666666667 0.085625 0.11416666666666667
0 0.586875 0.9233333333333333 0.095 0.12666666666666668
0 0.2146875 0.22166666666666668 0.099375 0.13166666666666665
1 0.4740625 0.10625 0.104375 0.13916666666666666
0 0.2178125 0.07958333333333334 0.096875 0.12916666666666668
0 0.6475 0.37041666666666667 0.08625 0.11416666666666667
0 0.823125 0.755 0.0875 0.11666666666666667
0 0.445625 0.18791666666666668 0.09375 0.12416666666666666
0 0.70625 0.7066666666666667 0.09 0.12
0 0.55125 0.06583333333333333 0.08125 0.10833333333333334
0 0.1215625 0.18375 0.079375 0.10583333333333333
0 0.3334375 0.8445833333333334 0.088125 0.1175
0 0.2315625 0.47125 0.094375 0.12583333333333332
0 0.2471875 0.3695833333333333 0.090625 0.12083333333333333
0 0.5515625 0.7675 0.084375 0.11166666666666666
1 0.39875 0.6345833333333334 0.1125 0.14916666666666667
0 0.610625 0.30083333333333334 0.1025 0.13666666666666666
0 0.0625 0.28833333333333333 0.08125 0.10833333333333334
0 0.4478125 0.6008333333333333 0.079375 0.105
0 0.375 0.31916666666666665 0.07875 0.105
0 0.4678125 0.815 0.089375 0.11833333333333333
0 0.886875 0.5208333333333334 0.07875 0.105
0 0.4265625 0.08458333333333333 0.085625 0.11416666666666667
0 0.44 0.7191666666666666 0.07625 0.10166666666666667
0 0.506875 0.25875 0.085 0.1125
0 0.81625 0.28 0.09 0.12
0 0.406875 0.87875 0.0875 0.1175
0 0.90875 0.46166666666666667 0.085 0.11333333333333333
0 0.1875 0.15416666666666667 0.0875 0.11666666666666667
0 0.4334375 0.35791666666666666 0.080625 0.1075
0 0.6596875 0.27375 0.079375 0.10583333333333333
0 0.59875 0.3908333333333333 0.09125 0.12166666666666667
0 0.1159375 0.5670833333333334 0.089375 0.11916666666666667
0 0.520625 0.5616666666666666 0.08375 0.11166666666666666
0 0.4103125 0.7945833333333333 0.076875 0.1025
0 0.3753125 0.07083333333333333 0.074375 0.09833333333333333
0 0.5628125 0.4795833333333333 0.080625 0.1075
0 0.26 0.5533333333333333 0.0775 0.10333333333333333
0 0.8165625 0.93125 0.098125 0.13083333333333333
0 0.6775 0.5958333333333333 0.08375 0.11166666666666666
0 0.7721875 0.2891666666666667 0.088125 0.11666666666666667
0 0.7415625 0.3441666666666667 0.079375 0.10666666666666667
0 0.115 0.6366666666666667 0.085 0.11333333333333333
0 0.785625 0.88 0.09125 0.12166666666666667
0 0.7509375 0.8691666666666666 0.071875 0.095
0 0.673125 0.6533333333333333 0.07625 0.10166666666666667
0 0.921875 0.65 0.0925 0.12333333333333334
0 0.94875 0.6 0.09625 0.12833333333333333
0 0.9459375 0.5391666666666667 0.100625 0.135
0 0.9475 0.4825 0.07875 0.105