0 0.36125 0.53125 0.10875 0.14416666666666667
0 0.32625 0.39166666666666666 0.10875 0.145
0 0.2540625 0.31875 0.110625 0.1475
0 0.7271875 0.7945833333333333 0.113125 0.15083333333333335
0 0.544375 0.3883333333333333 0.10875 0.145
0 0.4240625 0.6858333333333333 0.094375 0.12666666666666668
0 0.245625 0.7891666666666667 0.11125 0.14833333333333334
0 0.626875 0.18083333333333335 0.1175 0.15666666666666668
0 0.4375 0.11416666666666667 0.0875 0.11666666666666667
0 0.2784375 0.4895833333333333 0.103125 0.1375
0 0.1090625 0.44416666666666665 0.095625 0.12833333333333333
0 0.4740625 0.7741666666666667 0.111875 0.15
0 0.8771875 0.3908333333333333 0.116875 0.155
0 0.22375 0.42083333333333334 0.10625 0.14166666666666666
0 0.84625 0.21333333333333335 0.10125 0.135
0 0.73125 0.4995833333333333 0.10375 0.1375
0 0.7184375 0.1825 0.100625 0.13333333333333333
0 0.4109375 0.29791666666666666 0.089375 0.11916666666666667
0 0.780625 0.69625 0.1075 0.1425
0 0.8284375 0.5 0.100625 0.13333333333333333
0 0.800625 0.11291666666666667 0.105 0.13916666666666666
0 0.42375 0.2125 0.1075 0.14333333333333334
0 0.051875 0.7379166666666667 0.09625 0.1275
0 0.7525 0.3375 0.105 0.14
0 0.14125 0.8854166666666666 0.09375 0.12583333333333332
0 0.1103125 0.7995833333333333 0.103125 0.1375
0 0.300625 0.67625 0.1125 0.15083333333333335
0 0.378125 0.22583333333333333 0.08375 0.11166666666666666
0 0.776875 0.4816666666666667 0.11 0.14666666666666667
0 0.055625 0.49291666666666667 0.0975 0.13083333333333333
0 0.676875 0.3625 0.11 0.14666666666666667
1 0.614375 0.48333333333333334 0.11875 0.15833333333333333