0 0.7953125 0.9033333333333333 0.088125 0.11833333333333333
0 0.444375 0.21625 0.1025 0.1375
0 0.3471875 0.07333333333333333 0.108125 0.145
0 0.5084375 0.925 0.103125 0.13666666666666666
0 0.7396875 0.26708333333333334 0.108125 0.14416666666666667
0 0.2396875 0.5179166666666667 0.113125 0.15083333333333335
0 0.12625 0.41 0.1175 0.15666666666666668
0 0.485625 0.685 0.10375 0.13833333333333334
0 0.61125 0.12 0.10625 0.14166666666666666
0 0.7484375 0.45875 0.110625 0.1475
0 0.4965625 0.7775 0.095625 0.12833333333333333
0 0.2003125 0.12875 0.095625 0.1275
0 0.465 0.3566666666666667 0.105 0.14
0 0.3946875 0.3225 0.105625 0.14
0 0.8159375 0.7983333333333333 0.096875 0.13
0 0.278125 0.345 0.10875 0.145
0 0.5090625 0.2970833333333333 0.100625 0.13416666666666666
0 0.5871875 0.21166666666666667 0.101875 0.135
0 0.1353125 0.2941666666666667 0.104375 0.14
0 0.48875 0.5879166666666666 0.1075 0.1425
0 0.4659375 0.49625 0.104375 0.13916666666666666
0 0.91 0.5445833333333333 0.09875 0.1325
0 0.5415625 0.115 0.100625 0.135
0 0.2059375 0.33875 0.111875 0.14916666666666667
0 0.4003125 0.4370833333333333 0.101875 0.13583333333333333
0 0.63625 0.6683333333333333 0.12 0.16
0 0.813125 0.5933333333333334 0.11 0.14666666666666667
0 0.4084375 0.12208333333333334 0.103125 0.1375
0 0.6709375 0.9291666666666667 0.105625 0.14
0 0.5803125 0.3595833333333333 0.121875 0.1625
0 0.16 0.205 0.095 0.12666666666666668
0 0.3378125 0.4775 0.109375 0.14666666666666667
0 0.4565625 0.7879166666666667 0.105625 0.14083333333333334
0 0.4028125 0.5508333333333333 0.098125 0.13
0 0.3359375 0.26125 0.113125 0.15083333333333335
0 0.2925 0.85 0.11 0.14666666666666667
0 0.851875 0.7566666666666667 0.0975 0.13
0 0.6403125 0.27458333333333335 0.103125 0.1375
0 0.8996875 0.6508333333333334 0.103125 0.13666666666666666
0 0.394375 0.21541666666666667 0.10125 0.13416666666666666
0 0.6721875 0.44916666666666666 0.115625 0.155
0 0.1871875 0.47333333333333333 0.113125 0.15
0 0.590625 0.84125 0.1025 0.1375
0 0.461875 0.08041666666666666 0.09875 0.13083333333333333
0 0.3375 0.5683333333333334 0.0875 0.11666666666666667
0 0.558125 0.59625 0.10125 0.13583333333333333
0 0.8703125 0.47041666666666665 0.100625 0.13416666666666666
0 0.1065625 0.57625 0.110625 0.1475
0 0.0884375 0.5254166666666666 0.110625 0.1475
0 0.4490625 0.6225 0.105625 0.14166666666666666
0 0.6840625 0.245 0.080625 0.10833333333333334
0 0.1178125 0.20291666666666666 0.088125 0.1175
0 0.1621875 0.50625 0.108125 0.14416666666666667
0 0.6028125 0.6008333333333333 0.096875 0.12833333333333333
0 0.22625 0.7570833333333333 0.11 0.14583333333333334
0 0.4259375 0.4220833333333333 0.111875 0.14916666666666667
0 0.096875 0.1625 0.1 0.13333333333333333
0 0.2753125 0.5241666666666667 0.108125 0.145
0 0.5878125 0.6795833333333333 0.090625 0.12083333333333333
0 0.6209375 0.8004166666666667 0.098125 0.13083333333333333
1 0.710625 0.8816666666666667 0.11875 0.15833333333333333
0 0.2775 0.82125 0.0975 0.13083333333333333
0 0.5528125 0.5445833333333333 0.099375 0.1325
0 0.33125 0.24083333333333334 0.1075 0.14333333333333334