0 0.7415625 0.44083333333333335 0.086875 0.115
0 0.365 0.50375 0.095 0.1275
0 0.6665625 0.25125 0.095625 0.1275
0 0.454375 0.475 0.1025 0.13666666666666666
0 0.5359375 0.3779166666666667 0.104375 0.13916666666666666
0 0.671875 0.3516666666666667 0.095 0.12666666666666668
0 0.780625 0.6345833333333334 0.09375 0.12583333333333332
0 0.35125 0.28375 0.1 0.13416666666666666
0 0.3875 0.645 0.09875 0.13166666666666665
0 0.6559375 0.6645833333333333 0.106875 0.1425
1 0.099375 0.37 0.0975 0.13
0 0.6784375 0.7879166666666667 0.096875 0.12916666666666668
0 0.516875 0.9345833333333333 0.0875 0.11583333333333333
0 0.634375 0.8758333333333334 0.08125 0.10833333333333334
0 0.4296875 0.14333333333333334 0.094375 0.12666666666666668
0 0.1921875 0.37583333333333335 0.084375 0.11333333333333333
0 0.55875 0.6025 0.08875 0.11833333333333333
0 0.773125 0.5233333333333333 0.1 0.13333333333333333
0 0.7096875 0.16125 0.091875 0.1225
0 0.88 0.3779166666666667 0.10375 0.1375
0 0.5671875 0.45458333333333334 0.098125 0.13083333333333333
0 0.309375 0.6216666666666667 0.09125 0.12166666666666667
0 0.280625 0.29333333333333333 0.08375 0.11166666666666666
0 0.4921875 0.5970833333333333 0.084375 0.1125
0 0.7178125 0.6041666666666666 0.091875 0.12166666666666667
1 0.5878125 0.7420833333333333 0.116875 0.15583333333333332
0 0.939375 0.5091666666666667 0.0925 0.12333333333333334
1 0.1371875 0.4429166666666667 0.115625 0.15416666666666667
0 0.72 0.8916666666666667 0.07875 0.105
0 0.408125 0.5445833333333333 0.09625 0.12916666666666668
0 0.235 0.36666666666666664 0.09375 0.125
0 0.2940625 0.7558333333333334 0.076875 0.10333333333333333
0 0.466875 0.23375 0.08125 0.10916666666666666
0 0.194375 0.6895833333333333 0.095 0.1275
0 0.283125 0.23 0.0925 0.12333333333333334
0 0.0909375 0.15541666666666668 0.088125 0.1175
0 0.4309375 0.7320833333333333 0.093125 0.12416666666666666
0 0.9003125 0.5675 0.104375 0.13833333333333334
0 0.9434375 0.64625 0.106875 0.1425
0 0.4159375 0.28208333333333335 0.080625 0.1075
0 0.3809375 0.9275 0.073125 0.09833333333333333
0 0.7284375 0.70125 0.093125 0.12416666666666666
0 0.535625 0.195 0.0825 0.11
0 0.8259375 0.47375 0.075625 0.10083333333333333
0 0.8146875 0.39 0.074375 0.09833333333333333
0 0.6315625 0.07458333333333333 0.095625 0.1275
0 0.6484375 0.13125 0.090625 0.12083333333333333
0 0.4734375 0.72375 0.094375 0.12583333333333332
0 0.2640625 0.55375 0.083125 0.11083333333333334
0 0.76625 0.8145833333333333 0.085 0.11416666666666667
0 0.7409375 0.5604166666666667 0.096875 0.12916666666666668
0 0.426875 0.7933333333333333 0.08875 0.11833333333333333
0 0.3303125 0.11875 0.076875 0.1025
0 0.4346875 0.8566666666666667 0.074375 0.1
0 0.8040625 0.7729166666666667 0.089375 0.11916666666666667
0 0.766875 0.9258333333333333 0.0775 0.10333333333333333
0 0.5365625 0.80375 0.090625 0.12083333333333333
0 0.7140625 0.5070833333333333 0.080625 0.1075
0 0.1590625 0.32125 0.075625 0.10083333333333333
0 0.31875 0.8933333333333333 0.07 0.09333333333333334
0 0.229375 0.105 0.06625 0.08833333333333333
0 0.0540625 0.23625 0.089375 0.11916666666666667
1 0.2584375 0.67875 0.116875 0.15583333333333332
0 0.87 0.4970833333333333 0.0725 0.09583333333333334
0 0.65375 0.4166666666666667 0.07125 0.095
0 0.635 0.58375 0.0675 0.09083333333333334
0 0.624375 0.30833333333333335 0.07375 0.09833333333333333
0 0.7496875 0.2075 0.073125 0.09833333333333333
0 0.39625 0.4041666666666667 0.08125 0.10833333333333334
0 0.3940625 0.33958333333333335 0.076875 0.1025
0 0.5528125 0.12208333333333334 0.071875 0.09583333333333334
0 0.6159375 0.19583333333333333 0.075625 0.10166666666666667
0 0.595625 0.14208333333333334 0.08375 0.1125
1 0.12875 0.18166666666666667 0.12 0.16
0 0.07125 0.30583333333333335 0.0825 0.11
0 0.73375 0.72625 0.09625 0.1275
1 0.4975 0.8129166666666666 0.11 0.1475
0 0.0384375 0.41625 0.068125 0.09083333333333334