0 0.2571875 0.23 0.065625 0.08833333333333333
0 0.7653125 0.9233333333333333 0.063125 0.08333333333333333
0 0.386875 0.5908333333333333 0.06375 0.07833333333333334
0 0.3753125 0.2275 0.066875 0.08333333333333333
0 0.213125 0.8929166666666667 0.06125 0.0925
0 0.515 0.32916666666666666 0.0675 0.10333333333333333
0 0.7246875 0.2504166666666667 0.063125 0.10416666666666667
0 0.776875 0.5841666666666666 0.06125 0.09833333333333333
0 0.5528125 0.09958333333333333 0.080625 0.1025
0 0.46375 0.20208333333333334 0.0825 0.08916666666666667
0 0.70125 0.3929166666666667 0.0625 0.08583333333333333
0 0.701875 0.6025 0.07375 0.09666666666666666
0 0.38625 0.7070833333333333 0.075 0.0925
0 0.4046875 0.9025 0.058125 0.07333333333333333
0 0.265 0.4025 0.0725 0.10833333333333334
0 0.580625 0.6675 0.06625 0.1
0 0.545 0.9358333333333333 0.075 0.09166666666666666
0 0.669375 0.51625 0.0625 0.08083333333333333
0 0.835625 0.16166666666666665 0.0725 0.09666666666666666
0 0.78 0.6745833333333333 0.07 0.08916666666666667
0 0.2834375 0.8604166666666667 0.065625 0.09583333333333334
0 0.2778125 0.7154166666666667 0.053125 0.09583333333333334
0 0.6640625 0.9070833333333334 0.069375 0.08416666666666667
0 0.6775 0.10583333333333333 0.07625 0.08
0 0.48375 0.58 0.06625 0.08666666666666667
1 0.636875 0.20083333333333334 0.08125 0.11333333333333333
1 0.3525 0.8629166666666667 0.0725 0.11416666666666667
0 0.1765625 0.6829166666666666 0.065625 0.09416666666666666
0 0.61375 0.7616666666666667 0.0625 0.08166666666666667
0 0.8396875 0.5558333333333333 0.069375 0.09
0 0.3290625 0.5820833333333333 0.063125 0.09916666666666667
0 0.52375 0.6479166666666667 0.07375 0.08916666666666667
0 0.5946875 0.80625 0.071875 0.08916666666666667
0 0.5584375 0.21916666666666668 0.061875 0.1
1 0.2275 0.7295833333333334 0.06375 0.15916666666666668
0 0.8475 0.8166666666666667 0.05125 0.07
0 0.46 0.6333333333333333 0.05 0.10833333333333334
0 0.2765625 0.6004166666666667 0.073125 0.0625
0 0.6240625 0.33791666666666664 0.053125 0.12083333333333333