0 0.4396875 0.11708333333333333 0.065625 0.09583333333333334
0 0.6828125 0.8120833333333334 0.060625 0.08083333333333333
0 0.6553125 0.6 0.060625 0.08166666666666667
0 0.2125 0.7820833333333334 0.0575 0.08416666666666667
0 0.8065625 0.2733333333333333 0.056875 0.08
0 0.4525 0.9108333333333334 0.05875 0.07666666666666666
0 0.360625 0.10375 0.06 0.09083333333333334
0 0.7621875 0.6683333333333333 0.053125 0.07833333333333334
0 0.456875 0.4216666666666667 0.05875 0.085
0 0.6078125 0.09916666666666667 0.060625 0.08333333333333333
0 0.2959375 0.12333333333333334 0.060625 0.07833333333333334
0 0.3003125 0.4554166666666667 0.071875 0.0875
0 0.2921875 0.9216666666666666 0.058125 0.08666666666666667
0 0.5984375 0.2075 0.060625 0.09333333333333334
0 0.2971875 0.34125 0.065625 0.0925
0 0.56875 0.43916666666666665 0.07125 0.1
0 0.546875 0.17166666666666666 0.0575 0.08666666666666667
0 0.20875 0.23333333333333334 0.06375 0.085
0 0.5315625 0.2679166666666667 0.065625 0.0825
0 0.743125 0.8991666666666667 0.065 0.08
0 0.3271875 0.2275 0.063125 0.08833333333333333
0 0.5790625 0.31583333333333335 0.059375 0.08333333333333333
0 0.17875 0.6904166666666667 0.06875 0.09416666666666666
0 0.44125 0.55375 0.065 0.0825
0 0.6046875 0.6870833333333334 0.060625 0.09583333333333334
1 0.3834375 0.42916666666666664 0.074375 0.10833333333333334
0 0.6471875 0.36916666666666664 0.058125 0.1
0 0.2325 0.4125 0.06625 0.08
0 0.838125 0.47625 0.06125 0.07916666666666666
0 0.330625 0.6658333333333334 0.0675 0.105
0 0.496875 0.5083333333333333 0.06 0.08666666666666667
0 0.2296875 0.9308333333333333 0.060625 0.08
0 0.8096875 0.9208333333333333 0.070625 0.09166666666666666
0 0.3765625 0.6158333333333333 0.066875 0.11666666666666667
0 0.5046875 0.9345833333333333 0.061875 0.07416666666666667
0 0.4284375 0.7483333333333333 0.054375 0.09166666666666666
0 0.4 0.6366666666666667 0.065 0.09
0 0.548125 0.5279166666666667 0.06 0.1075
0 0.49375 0.8591666666666666 0.0725 0.09333333333333334
0 0.2421875 0.34291666666666665 0.050625 0.09083333333333334
0 0.659375 0.68625 0.05375 0.07916666666666666
0 0.38375 0.7816666666666666 0.05 0.095
0 0.1571875 0.8808333333333334 0.063125 0.095
0 0.5609375 0.6891666666666667 0.060625 0.08
1 0.725625 0.18416666666666667 0.1075 0.1