0 0.3475 0.6779166666666666 0.0875 0.11583333333333333
0 0.4209375 0.6179166666666667 0.091875 0.1225
0 0.1559375 0.15208333333333332 0.111875 0.14916666666666667
0 0.3046875 0.54375 0.093125 0.12416666666666666
0 0.3375 0.7558333333333334 0.07875 0.105
0 0.9090625 0.47625 0.111875 0.14916666666666667
0 0.686875 0.505 0.10625 0.14166666666666666
0 0.2603125 0.465 0.104375 0.13833333333333334
0 0.49125 0.92625 0.10875 0.14416666666666667
0 0.685 0.14333333333333334 0.1075 0.14333333333333334
0 0.3809375 0.8191666666666667 0.090625 0.12166666666666667
0 0.4840625 0.7075 0.103125 0.13666666666666666
0 0.2890625 0.37666666666666665 0.103125 0.13833333333333334
0 0.3478125 0.47041666666666665 0.075625 0.10083333333333333
0 0.1175 0.49833333333333335 0.09625 0.12833333333333333
0 0.5234375 0.3441666666666667 0.098125 0.13166666666666665
0 0.1990625 0.41041666666666665 0.089375 0.11916666666666667
0 0.2921875 0.6220833333333333 0.090625 0.12083333333333333
0 0.5309375 0.6070833333333333 0.099375 0.1325
0 0.6465625 0.3075 0.105625 0.14
0 0.69 0.39166666666666666 0.09375 0.125
0 0.4196875 0.7095833333333333 0.096875 0.12916666666666668
0 0.6303125 0.60375 0.093125 0.12416666666666666
0 0.078125 0.51625 0.1025 0.1375
1 0.425 0.23875 0.1125 0.14916666666666667
0 0.615 0.46291666666666664 0.095 0.1275
0 0.5171875 0.79875 0.113125 0.15083333333333335
0 0.59375 0.14125 0.09625 0.12916666666666668
0 0.7346875 0.5754166666666667 0.099375 0.1325
0 0.2128125 0.09458333333333334 0.106875 0.1425
0 0.19125 0.5458333333333333 0.09625 0.12833333333333333
0 0.426875 0.3304166666666667 0.095 0.12583333333333332
0 0.1440625 0.5408333333333334 0.103125 0.13833333333333334
0 0.3740625 0.5970833333333333 0.086875 0.11583333333333333
0 0.7703125 0.41625 0.100625 0.13416666666666666
0 0.3309375 0.3070833333333333 0.105625 0.14083333333333334
0 0.6284375 0.2633333333333333 0.105625 0.14
1 0.4975 0.43 0.11875 0.15833333333333333
0 0.391875 0.5095833333333334 0.09 0.11916666666666667
1 0.8578125 0.73125 0.150625 0.20083333333333334
1 0.76 0.6883333333333334 0.155 0.20666666666666667
1 0.5990625 0.78 0.125625 0.16666666666666666
1 0.630625 0.07916666666666666 0.11375 0.15166666666666667
0 0.5740625 0.21458333333333332 0.093125 0.12416666666666666
0 0.8371875 0.38958333333333334 0.086875 0.11583333333333333
0 0.8053125 0.3441666666666667 0.083125 0.11
0 0.6965625 0.9120833333333334 0.089375 0.11916666666666667
0 0.4475 0.85625 0.09375 0.12416666666666666
0 0.4278125 0.8920833333333333 0.086875 0.11583333333333333
0 0.5553125 0.9216666666666666 0.076875 0.10333333333333333
0 0.2159375 0.5595833333333333 0.094375 0.12583333333333332
0 0.1809375 0.6820833333333334 0.091875 0.1225
0 0.59 0.37666666666666665 0.08625 0.115
0 0.4421875 0.3591666666666667 0.104375 0.13833333333333334
0 0.6465625 0.3804166666666667 0.075625 0.10083333333333333
0 0.56375 0.5025 0.10125 0.135
0 0.5725 0.5525 0.1 0.13333333333333333
0 0.506875 0.5604166666666667 0.09875 0.1325
0 0.439375 0.45 0.08125 0.10833333333333334
0 0.448125 0.5041666666666667 0.08 0.10666666666666667
0 0.3175 0.5458333333333333 0.09625 0.12833333333333333
0 0.2859375 0.7454166666666666 0.090625 0.12083333333333333
0 0.2240625 0.4920833333333333 0.081875 0.10916666666666666
0 0.29 0.8445833333333334 0.09125 0.12083333333333333
0 0.6103125 0.8745833333333334 0.086875 0.11583333333333333
0 0.555625 0.3883333333333333 0.0925 0.12333333333333334
0 0.6671875 0.75625 0.094375 0.12583333333333332
0 0.64125 0.7929166666666667 0.0925 0.1225
0 0.3765625 0.8470833333333333 0.090625 0.12083333333333333
0 0.2784375 0.7720833333333333 0.090625 0.12083333333333333
0 0.2315625 0.72125 0.081875 0.10916666666666666
0 0.0621875 0.43583333333333335 0.085625 0.11333333333333333
0 0.1746875 0.09291666666666666 0.101875 0.13583333333333333
0 0.449375 0.6929166666666666 0.095 0.12583333333333332