0 0.586875 0.8741666666666666 0.08625 0.115
0 0.37875 0.8991666666666667 0.0825 0.11
0 0.325625 0.8716666666666667 0.0925 0.12333333333333334
0 0.4546875 0.5891666666666666 0.099375 0.13333333333333333
0 0.0703125 0.34041666666666665 0.090625 0.12083333333333333
1 0.6184375 0.1275 0.106875 0.14333333333333334
0 0.2259375 0.17625 0.090625 0.12083333333333333
0 0.949375 0.6583333333333333 0.09375 0.125
0 0.294375 0.6991666666666667 0.0825 0.11
0 0.6584375 0.23625 0.101875 0.13583333333333333
0 0.460625 0.18708333333333332 0.0925 0.1225
0 0.1646875 0.18375 0.099375 0.1325
0 0.5221875 0.7870833333333334 0.110625 0.1475
0 0.3784375 0.18083333333333335 0.110625 0.14833333333333334
0 0.7128125 0.5504166666666667 0.099375 0.1325
0 0.238125 0.2791666666666667 0.11375 0.15166666666666667
0 0.3053125 0.26166666666666666 0.093125 0.12333333333333334
0 0.88625 0.7683333333333333 0.09 0.12
0 0.3834375 0.44375 0.104375 0.13916666666666666
0 0.7278125 0.6983333333333334 0.085625 0.115
0 0.844375 0.68 0.08875 0.11833333333333333
0 0.3065625 0.07916666666666666 0.085625 0.11333333333333333
0 0.7115625 0.26208333333333333 0.084375 0.1125
0 0.1896875 0.7020833333333333 0.099375 0.1325
0 0.671875 0.8258333333333333 0.0875 0.11666666666666667
0 0.4884375 0.52625 0.089375 0.11916666666666667
0 0.8396875 0.9116666666666666 0.095625 0.12666666666666668
0 0.468125 0.2783333333333333 0.085 0.11333333333333333
0 0.1090625 0.18208333333333335 0.094375 0.12583333333333332
0 0.583125 0.395 0.08375 0.11166666666666666
0 0.1671875 0.5541666666666667 0.094375 0.125
0 0.243125 0.6441666666666667 0.095 0.12666666666666668
0 0.398125 0.5141666666666667 0.09 0.12
0 0.773125 0.4170833333333333 0.07875 0.10583333333333333
0 0.69125 0.45458333333333334 0.095 0.12583333333333332
0 0.31625 0.41041666666666665 0.10625 0.1425
0 0.575625 0.22833333333333333 0.085 0.11333333333333333
0 0.83625 0.8 0.1 0.13333333333333333
0 0.5234375 0.23958333333333334 0.076875 0.1025
0 0.5915625 0.7216666666666667 0.098125 0.13
0 0.2946875 0.59625 0.080625 0.1075
0 0.28 0.38333333333333336 0.09625 0.12833333333333333
0 0.1715625 0.42291666666666666 0.093125 0.12416666666666666
0 0.215625 0.37958333333333333 0.09125 0.12083333333333333
1 0.5578125 0.12291666666666666 0.121875 0.1625
0 0.5490625 0.4870833333333333 0.075625 0.10083333333333333
0 0.101875 0.2683333333333333 0.085 0.11333333333333333
0 0.495625 0.7 0.075 0.1
0 0.346875 0.5658333333333333 0.08375 0.11166666666666666
1 0.540625 0.36291666666666667 0.11375 0.1525
0 0.6125 0.8008333333333333 0.07875 0.105
0 0.9465625 0.7654166666666666 0.084375 0.1125
0 0.8840625 0.6675 0.091875 0.12166666666666667
0 0.3253125 0.1525 0.086875 0.11666666666666667
0 0.65875 0.42833333333333334 0.0725 0.09666666666666666
0 0.7309375 0.33791666666666664 0.083125 0.11083333333333334
0 0.409375 0.11333333333333333 0.07125 0.095
0 0.7159375 0.3695833333333333 0.081875 0.10916666666666666
1 0.54625 0.6729166666666667 0.095 0.1275
0 0.7853125 0.71125 0.075625 0.10083333333333333
0 0.19125 0.48541666666666666 0.07625 0.1025
0 0.1034375 0.5579166666666666 0.103125 0.1375
0 0.774375 0.27416666666666667 0.0725 0.09666666666666666
0 0.0615625 0.47291666666666665 0.100625 0.13416666666666666
0 0.6615625 0.08958333333333333 0.081875 0.10916666666666666
0 0.66 0.3675 0.075 0.1
0 0.7778125 0.82125 0.078125 0.10416666666666667
0 0.489375 0.4216666666666667 0.0925 0.12333333333333334
0 0.791875 0.8566666666666667 0.07 0.09333333333333334
0 0.936875 0.5733333333333334 0.0925 0.12333333333333334
0 0.60625 0.6141666666666666 0.08 0.10666666666666667
0 0.4434375 0.6716666666666666 0.070625 0.095
0 0.5340625 0.5620833333333334 0.074375 0.09916666666666667
0 0.118125 0.6466666666666666 0.08 0.10666666666666667
0 0.403125 0.755 0.06375 0.085
0 0.33875 0.6504166666666666 0.06625 0.08916666666666667
0 0.395 0.6541666666666667 0.07125 0.095
0 0.43625 0.7929166666666667 0.0675 0.09083333333333334
0 0.470625 0.9158333333333334 0.08 0.10666666666666667
0 0.53125 0.8616666666666667 0.08625 0.115
0 0.56625 0.5983333333333334 0.07875 0.105
0 0.440625 0.44875 0.0675 0.09083333333333334