0 0.49 0.26625 0.06875 0.0925
0 0.81125 0.8683333333333333 0.05625 0.08833333333333333
0 0.495 0.4175 0.0725 0.085
0 0.2625 0.4 0.06875 0.10833333333333334
0 0.27375 0.8125 0.06625 0.1
0 0.5565625 0.44666666666666666 0.071875 0.09833333333333333
0 0.4496875 0.46125 0.074375 0.09083333333333334
0 0.8253125 0.7641666666666667 0.065625 0.085
0 0.2184375 0.35333333333333333 0.073125 0.09666666666666666
0 0.4609375 0.10333333333333333 0.071875 0.08166666666666667
0 0.7703125 0.19208333333333333 0.080625 0.09083333333333334
0 0.7665625 0.115 0.074375 0.095
0 0.2009375 0.8183333333333334 0.075625 0.08666666666666667
0 0.3428125 0.7979166666666667 0.076875 0.10583333333333333
0 0.7425 0.8483333333333334 0.07375 0.09166666666666666
0 0.4390625 0.23958333333333334 0.080625 0.11083333333333334
0 0.3909375 0.05 0.098125 0.06833333333333333
0 0.6646875 0.2783333333333333 0.079375 0.08166666666666667
0 0.2365625 0.13791666666666666 0.063125 0.0975
0 0.42 0.57125 0.0825 0.09583333333333334
0 0.5046875 0.35125 0.081875 0.07916666666666666
0 0.3834375 0.7541666666666667 0.084375 0.08666666666666667
0 0.1640625 0.4075 0.073125 0.09666666666666666
0 0.788125 0.43833333333333335 0.0775 0.08833333333333333
0 0.2546875 0.28583333333333333 0.076875 0.105
0 0.368125 0.9 0.08125 0.10333333333333333
0 0.6653125 0.6316666666666667 0.073125 0.07666666666666666
0 0.4459375 0.81375 0.083125 0.11083333333333334
0 0.4025 0.1275 0.08125 0.09833333333333333
0 0.83875 0.6383333333333333 0.06125 0.09333333333333334
0 0.8090625 0.55375 0.063125 0.0725
0 0.2371875 0.53 0.075625 0.10333333333333333
0 0.5375 0.6970833333333334 0.09125 0.07416666666666667
0 0.485 0.63875 0.10875 0.07583333333333334
0 0.406875 0.8620833333333333 0.0725 0.11916666666666667
0 0.76125 0.73875 0.07375 0.0575
0 0.68375 0.8845833333333334 0.07375 0.09416666666666666
0 0.7565625 0.795 0.085625 0.05
0 0.195625 0.4766666666666667 0.07625 0.10166666666666667
0 0.770625 0.5204166666666666 0.07625 0.0725
0 0.300625 0.7195833333333334 0.08875 0.09916666666666667
0 0.695625 0.5445833333333333 0.0725 0.08583333333333333
0 0.5034375 0.5820833333333333 0.088125 0.06416666666666666
0 0.3496875 0.23166666666666666 0.088125 0.08166666666666667