0 0.4903125 0.29625 0.098125 0.13083333333333333
0 0.6153125 0.8983333333333333 0.096875 0.12833333333333333
0 0.151875 0.57375 0.09375 0.12583333333333332
0 0.6934375 0.86375 0.099375 0.1325
0 0.5071875 0.19375 0.093125 0.12416666666666666
0 0.5946875 0.455 0.094375 0.12666666666666668
0 0.32625 0.35083333333333333 0.095 0.12666666666666668
0 0.24125 0.29791666666666666 0.10375 0.13916666666666666
0 0.4425 0.9220833333333334 0.10625 0.1425
0 0.2159375 0.5695833333333333 0.098125 0.13083333333333333
0 0.684375 0.5579166666666666 0.09375 0.12416666666666666
0 0.1025 0.49166666666666664 0.09 0.12
0 0.6303125 0.38708333333333333 0.101875 0.13583333333333333
0 0.3553125 0.6204166666666666 0.099375 0.1325
0 0.873125 0.77 0.09125 0.12166666666666667
0 0.7859375 0.53625 0.104375 0.13916666666666666
0 0.2784375 0.8179166666666666 0.099375 0.1325
0 0.924375 0.7966666666666666 0.10125 0.135
0 0.2765625 0.73125 0.094375 0.12583333333333332
0 0.0771875 0.3545833333333333 0.093125 0.12416666666666666
0 0.748125 0.7308333333333333 0.10375 0.13833333333333334
0 0.6509375 0.49833333333333335 0.096875 0.12833333333333333
0 0.4021875 0.3875 0.103125 0.13666666666666666
0 0.749375 0.8283333333333334 0.08125 0.10833333333333334
0 0.7459375 0.5045833333333334 0.094375 0.12583333333333332
0 0.2678125 0.07291666666666667 0.099375 0.1325
0 0.5515625 0.2808333333333333 0.103125 0.13666666666666666
0 0.295 0.5425 0.095 0.12666666666666668
0 0.1871875 0.12875 0.089375 0.11916666666666667
0 0.138125 0.27958333333333335 0.1025 0.1375
0 0.2434375 0.4608333333333333 0.105625 0.14166666666666666
0 0.7884375 0.8254166666666667 0.098125 0.13083333333333333
0 0.3321875 0.8591666666666666 0.098125 0.13166666666666665
0 0.7003125 0.37583333333333335 0.106875 0.14166666666666666
0 0.5646875 0.17291666666666666 0.096875 0.12916666666666668
0 0.6209375 0.12791666666666668 0.101875 0.13583333333333333
0 0.5209375 0.70875 0.101875 0.13583333333333333
0 0.5484375 0.9179166666666667 0.104375 0.13916666666666666
0 0.28 0.61375 0.10625 0.1425
0 0.3675 0.295 0.1025 0.13666666666666666
0 0.606875 0.2375 0.1075 0.14333333333333334
0 0.5909375 0.7995833333333333 0.105625 0.14083333333333334
0 0.825625 0.69125 0.105 0.14083333333333334
0 0.4125 0.5783333333333334 0.09375 0.125
0 0.3678125 0.5354166666666667 0.085625 0.11416666666666667
0 0.47875 0.8625 0.1025 0.13666666666666666
0 0.2565625 0.21208333333333335 0.095625 0.1275
0 0.7875 0.7241666666666666 0.095 0.12666666666666668
0 0.3890625 0.8366666666666667 0.101875 0.135
0 0.5240625 0.4220833333333333 0.096875 0.12916666666666668
0 0.8071875 0.93375 0.089375 0.11916666666666667
0 0.39125 0.22958333333333333 0.08875 0.11916666666666667
0 0.2234375 0.745 0.098125 0.13
0 0.665 0.1925 0.0925 0.12333333333333334
0 0.710625 0.43166666666666664 0.10125 0.135
0 0.16 0.20708333333333334 0.10375 0.1375
0 0.643125 0.7716666666666666 0.085 0.11333333333333333
0 0.138125 0.45875 0.0975 0.13083333333333333
0 0.3309375 0.7595833333333334 0.096875 0.12916666666666668
0 0.341875 0.19041666666666668 0.0875 0.1175
0 0.593125 0.6583333333333333 0.0975 0.13
0 0.300625 0.17333333333333334 0.09875 0.13166666666666665
0 0.084375 0.21 0.115 0.15333333333333332
0 0.4034375 0.06958333333333333 0.096875 0.12916666666666668
0 0.5659375 0.72875 0.098125 0.13083333333333333
0 0.4053125 0.16416666666666666 0.101875 0.13666666666666666
0 0.771875 0.9220833333333334 0.1025 0.13583333333333333
0 0.453125 0.44166666666666665 0.11375 0.15166666666666667
0 0.3709375 0.76625 0.104375 0.13916666666666666
0 0.4840625 0.7845833333333333 0.104375 0.13916666666666666
0 0.2321875 0.10583333333333333 0.100625 0.13333333333333333
0 0.4190625 0.5291666666666667 0.104375 0.14
0 0.20125 0.38208333333333333 0.1 0.13416666666666666
0 0.5021875 0.6075 0.098125 0.13
0 0.1034375 0.18333333333333332 0.109375 0.14666666666666667
0 0.4246875 0.13416666666666666 0.096875 0.12833333333333333