0 0.79875 0.39708333333333334 0.06125 0.08083333333333333
0 0.591875 0.7875 0.07375 0.085
0 0.8715625 0.15166666666666667 0.078125 0.10166666666666667
0 0.6596875 0.56125 0.075625 0.10583333333333333
0 0.6653125 0.37416666666666665 0.070625 0.08666666666666667
0 0.079375 0.8679166666666667 0.07125 0.08916666666666667
0 0.2228125 0.6054166666666667 0.073125 0.10416666666666667
0 0.8765625 0.42125 0.061875 0.10416666666666667
0 0.7428125 0.67375 0.064375 0.09583333333333334
0 0.9484375 0.20083333333333334 0.063125 0.08
0 0.83625 0.9083333333333333 0.07875 0.1
0 0.498125 0.075 0.06625 0.09166666666666666
0 0.7978125 0.057916666666666665 0.079375 0.10083333333333333
0 0.2340625 0.31916666666666665 0.073125 0.09166666666666666
0 0.7990625 0.49083333333333334 0.066875 0.105
0 0.8296875 0.8158333333333333 0.069375 0.09333333333333334
0 0.9353125 0.73125 0.066875 0.08583333333333333
1 0.38625 0.38666666666666666 0.08 0.10166666666666667
0 0.2659375 0.69875 0.075625 0.09416666666666666
0 0.256875 0.5204166666666666 0.07 0.09083333333333334
0 0.7040625 0.18083333333333335 0.060625 0.1
0 0.2475 0.20625 0.0625 0.1175
0 0.4409375 0.20625 0.064375 0.09916666666666667
0 0.3934375 0.295 0.061875 0.07333333333333333
0 0.18125 0.11625 0.07125 0.07416666666666667
1 0.6259375 0.12375 0.083125 0.10416666666666667
0 0.54875 0.16 0.0575 0.095
0 0.3628125 0.50125 0.068125 0.09583333333333334
0 0.2 0.41291666666666665 0.07125 0.09583333333333334
0 0.4728125 0.7833333333333333 0.058125 0.07666666666666666
0 0.5121875 0.8545833333333334 0.068125 0.09083333333333334
0 0.0315625 0.45208333333333334 0.056875 0.09583333333333334
0 0.3815625 0.65375 0.073125 0.1025
0 0.6421875 0.26958333333333334 0.075625 0.0925
0 0.8440625 0.6320833333333333 0.068125 0.08083333333333333
0 0.1640625 0.3441666666666667 0.083125 0.08333333333333333
1 0.9490625 0.4820833333333333 0.083125 0.1175
0 0.8153125 0.72375 0.066875 0.10416666666666667
0 0.4340625 0.7870833333333334 0.068125 0.08583333333333333
0 0.1725 0.04708333333333333 0.07375 0.0825
0 0.2528125 0.9470833333333334 0.071875 0.10083333333333333
0 0.423125 0.54 0.07125 0.09666666666666666
0 0.2496875 0.042916666666666665 0.074375 0.0825
0 0.94375 0.2808333333333333 0.065 0.09166666666666666
0 0.53875 0.5495833333333333 0.14 0.1475
1 0.051875 0.6991666666666667 0.09625 0.1