0 0.6684375 0.18458333333333332 0.104375 0.13916666666666666
0 0.186875 0.84875 0.0925 0.12416666666666666
0 0.075 0.615 0.1075 0.14333333333333334
0 0.308125 0.885 0.1 0.13333333333333333
0 0.1765625 0.46208333333333335 0.091875 0.1225
0 0.638125 0.2925 0.11 0.14666666666666667
0 0.828125 0.5825 0.10375 0.13833333333333334
0 0.305 0.16958333333333334 0.1 0.13416666666666666
0 0.483125 0.57375 0.09 0.11916666666666667
0 0.3275 0.4370833333333333 0.08875 0.11916666666666667
0 0.66875 0.7175 0.09125 0.12166666666666667
0 0.4690625 0.16583333333333333 0.085625 0.11333333333333333
0 0.35875 0.8083333333333333 0.10375 0.13833333333333334
0 0.21 0.72375 0.085 0.1125
0 0.451875 0.35541666666666666 0.10625 0.14083333333333334
0 0.5884375 0.4270833333333333 0.098125 0.13083333333333333
0 0.37125 0.17916666666666667 0.09 0.12
0 0.145 0.7608333333333334 0.09 0.12
0 0.6771875 0.5429166666666667 0.111875 0.14916666666666667
0 0.625625 0.695 0.0725 0.09666666666666666
0 0.28 0.37583333333333335 0.0975 0.13
0 0.6734375 0.47708333333333336 0.118125 0.1575
0 0.2246875 0.7758333333333334 0.088125 0.11666666666666667
0 0.0853125 0.7270833333333333 0.088125 0.1175
0 0.05625 0.45708333333333334 0.0975 0.13083333333333333
0 0.9434375 0.55375 0.093125 0.12416666666666666
0 0.2853125 0.5920833333333333 0.076875 0.1025
0 0.5146875 0.34625 0.091875 0.1225
0 0.2459375 0.6783333333333333 0.064375 0.08666666666666667
0 0.0890625 0.8183333333333334 0.109375 0.145
0 0.718125 0.85375 0.095 0.12583333333333332
0 0.3553125 0.6608333333333334 0.093125 0.125
1 0.505 0.475 0.12875 0.17166666666666666
0 0.5840625 0.3908333333333333 0.083125 0.11