0 0.6290625 0.8995833333333333 0.109375 0.14583333333333334
0 0.4346875 0.8291666666666667 0.098125 0.13
0 0.453125 0.46708333333333335 0.10625 0.1425
0 0.5240625 0.44625 0.109375 0.14583333333333334
0 0.4628125 0.9304166666666667 0.101875 0.13583333333333333
0 0.671875 0.4691666666666667 0.1 0.13333333333333333
0 0.93 0.42291666666666666 0.10875 0.14583333333333334
0 0.361875 0.13916666666666666 0.1125 0.15
0 0.2725 0.32416666666666666 0.0975 0.13
0 0.6559375 0.28583333333333333 0.106875 0.14333333333333334
0 0.8453125 0.5145833333333333 0.095625 0.1275
0 0.811875 0.28958333333333336 0.105 0.13916666666666666
0 0.1721875 0.53875 0.101875 0.13583333333333333
1 0.8284375 0.5970833333333333 0.135625 0.18083333333333335
0 0.1496875 0.6570833333333334 0.103125 0.1375
0 0.0609375 0.7470833333333333 0.115625 0.15416666666666667
0 0.1953125 0.75375 0.106875 0.1425
0 0.1296875 0.8829166666666667 0.104375 0.13916666666666666
0 0.4140625 0.17375 0.099375 0.1325
0 0.4078125 0.28125 0.105625 0.14083333333333334
0 0.7484375 0.41125 0.103125 0.1375
0 0.91 0.32166666666666666 0.10875 0.145
0 0.2925 0.1625 0.0925 0.12333333333333334
0 0.7140625 0.18333333333333332 0.099375 0.13166666666666665
0 0.7575 0.3225 0.10125 0.135
0 0.5028125 0.5933333333333334 0.116875 0.155
0 0.65625 0.09625 0.11 0.1475
0 0.2325 0.91125 0.11375 0.15083333333333335
0 0.458125 0.2225 0.11375 0.15166666666666667
0 0.6040625 0.60625 0.111875 0.14916666666666667
0 0.280625 0.18916666666666668 0.08875 0.11833333333333333
0 0.681875 0.3725 0.0975 0.13
0 0.7746875 0.5204166666666666 0.105625 0.14083333333333334
0 0.7278125 0.28708333333333336 0.105625 0.14083333333333334
0 0.6153125 0.5129166666666667 0.104375 0.13916666666666666
1 0.335 0.67625 0.14375 0.19083333333333333
0 0.3259375 0.7375 0.091875 0.12333333333333334
0 0.5946875 0.49333333333333335 0.100625 0.135
0 0.7265625 0.435 0.099375 0.13333333333333333
0 0.60625 0.5716666666666667 0.09375 0.125