0 0.6946875 0.09708333333333333 0.089375 0.11916666666666667
0 0.8021875 0.4320833333333333 0.099375 0.1325
0 0.47625 0.90875 0.11125 0.14916666666666667
0 0.3359375 0.53375 0.095625 0.1275
0 0.1990625 0.82875 0.096875 0.12916666666666668
0 0.5153125 0.30041666666666667 0.096875 0.12916666666666668
0 0.675625 0.6679166666666667 0.09 0.11916666666666667
0 0.6309375 0.5341666666666667 0.089375 0.12
0 0.906875 0.4725 0.10375 0.13833333333333334
0 0.0890625 0.7795833333333333 0.089375 0.11916666666666667
0 0.6615625 0.7379166666666667 0.094375 0.12583333333333332
0 0.18875 0.34625 0.10125 0.13416666666666666
0 0.585 0.71625 0.115 0.15416666666666667
0 0.141875 0.44416666666666665 0.09 0.12
0 0.923125 0.28291666666666665 0.0925 0.12416666666666666
0 0.421875 0.5541666666666667 0.09125 0.12166666666666667
0 0.5071875 0.8016666666666666 0.098125 0.13
0 0.5809375 0.49041666666666667 0.093125 0.12416666666666666
0 0.806875 0.7083333333333334 0.095 0.12666666666666668
0 0.0540625 0.7333333333333333 0.081875 0.10833333333333334
0 0.706875 0.3545833333333333 0.0875 0.11583333333333333
0 0.5271875 0.13583333333333333 0.086875 0.11666666666666667
0 0.68375 0.45666666666666667 0.09875 0.13166666666666665
0 0.7803125 0.28375 0.094375 0.12583333333333332
0 0.855 0.30583333333333335 0.08375 0.11166666666666666
0 0.495625 0.255 0.095 0.12666666666666668
0 0.12125 0.5583333333333333 0.09375 0.125
0 0.75625 0.7708333333333334 0.09625 0.12833333333333333
0 0.443125 0.6391666666666667 0.095 0.12666666666666668
0 0.390625 0.3983333333333333 0.0875 0.11666666666666667
0 0.5065625 0.6395833333333333 0.109375 0.14583333333333334
0 0.2725 0.6916666666666667 0.08375 0.11166666666666666
0 0.555625 0.8983333333333333 0.09625 0.12833333333333333
0 0.736875 0.5920833333333333 0.09625 0.1275
0 0.786875 0.5708333333333333 0.08125 0.10833333333333334
0 0.245625 0.6575 0.09625 0.12833333333333333
0 0.28875 0.5916666666666667 0.1075 0.14333333333333334
0 0.8440625 0.11583333333333333 0.099375 0.13333333333333333
0 0.6809375 0.6016666666666667 0.090625 0.12
0 0.47 0.07583333333333334 0.09375 0.125
0 0.4853125 0.6008333333333333 0.094375 0.125
0 0.0603125 0.6554166666666666 0.089375 0.11916666666666667
0 0.94375 0.20458333333333334 0.09 0.12083333333333333