0 0.45875 0.3308333333333333 0.08375 0.11166666666666666
0 0.3671875 0.32958333333333334 0.099375 0.1325
0 0.85 0.39125 0.09375 0.12416666666666666
0 0.5684375 0.34958333333333336 0.094375 0.12583333333333332
0 0.7921875 0.52625 0.109375 0.14583333333333334
0 0.595625 0.7175 0.1 0.13333333333333333
0 0.855625 0.6308333333333334 0.11875 0.15833333333333333
0 0.615625 0.18208333333333335 0.10125 0.13416666666666666
0 0.9315625 0.7416666666666667 0.108125 0.145
0 0.7853125 0.4266666666666667 0.101875 0.135
0 0.5 0.11 0.10875 0.145
0 0.57625 0.0975 0.10125 0.135
0 0.3103125 0.19208333333333333 0.109375 0.14583333333333334
0 0.494375 0.2529166666666667 0.10625 0.14083333333333334
0 0.115 0.26625 0.10875 0.14583333333333334
0 0.783125 0.33166666666666667 0.0925 0.12333333333333334
0 0.4421875 0.41291666666666665 0.094375 0.12583333333333332
0 0.5421875 0.26708333333333334 0.105625 0.14083333333333334
0 0.266875 0.2683333333333333 0.11375 0.15166666666666667
0 0.7265625 0.3016666666666667 0.090625 0.12166666666666667
0 0.1978125 0.25125 0.099375 0.1325
0 0.204375 0.6529166666666667 0.105 0.14083333333333334
0 0.3090625 0.5479166666666667 0.096875 0.12916666666666668
0 0.424375 0.21916666666666668 0.0975 0.13
0 0.8909375 0.4920833333333333 0.090625 0.12083333333333333
0 0.435 0.49125 0.1025 0.1375
0 0.1778125 0.41291666666666665 0.091875 0.1225
0 0.290625 0.3525 0.10625 0.14166666666666666
0 0.2209375 0.45208333333333334 0.098125 0.13083333333333333
0 0.1965625 0.3308333333333333 0.095625 0.12833333333333333
0 0.6434375 0.385 0.108125 0.145
0 0.3834375 0.155 0.076875 0.10333333333333333
0 0.1525 0.175 0.105 0.14
0 0.815625 0.7975 0.11625 0.155
0 0.589375 0.8075 0.10875 0.145
0 0.6721875 0.09541666666666666 0.099375 0.1325
0 0.376875 0.24625 0.085 0.11416666666666667
0 0.9303125 0.5383333333333333 0.094375 0.125
0 0.515 0.495 0.11 0.14666666666666667
0 0.20125 0.5616666666666666 0.09625 0.12833333333333333
0 0.4509375 0.9095833333333333 0.089375 0.11916666666666667
0 0.1734375 0.13083333333333333 0.110625 0.14666666666666667
0 0.4309375 0.87875 0.105625 0.14083333333333334
1 0.2675 0.7258333333333333 0.16 0.21333333333333335
0 0.199375 0.72625 0.08625 0.11583333333333333
0 0.249375 0.5158333333333334 0.0925 0.12333333333333334
0 0.2615625 0.3570833333333333 0.086875 0.11583333333333333
0 0.4709375 0.5158333333333334 0.095625 0.12833333333333333
0 0.3865625 0.07208333333333333 0.090625 0.12083333333333333
0 0.6759375 0.25666666666666665 0.076875 0.10166666666666667
0 0.665625 0.17833333333333334 0.07625 0.10166666666666667
0 0.6303125 0.31125 0.086875 0.11583333333333333