0 0.125 0.86625 0.06625 0.07916666666666666
0 0.8521875 0.16791666666666666 0.071875 0.09083333333333334
0 0.1096875 0.22041666666666668 0.080625 0.10583333333333333
0 0.5775 0.17166666666666666 0.065 0.085
0 0.66875 0.57875 0.065 0.0875
0 0.6009375 0.07166666666666667 0.075625 0.095
0 0.9521875 0.61875 0.071875 0.10083333333333333
0 0.4278125 0.7891666666666667 0.058125 0.08
0 0.584375 0.7141666666666666 0.0625 0.09666666666666666
1 0.3334375 0.4320833333333333 0.069375 0.0975
0 0.16 0.7466666666666667 0.0625 0.085
0 0.6978125 0.23375 0.059375 0.08583333333333333
0 0.38875 0.6329166666666667 0.07375 0.09916666666666667
0 0.888125 0.115 0.0625 0.08
0 0.359375 0.24791666666666667 0.0625 0.07583333333333334
0 0.283125 0.13416666666666666 0.06875 0.09166666666666666
0 0.5028125 0.235 0.073125 0.08666666666666667
0 0.083125 0.10958333333333334 0.07375 0.10083333333333333
0 0.8940625 0.39708333333333334 0.060625 0.07916666666666666
0 0.338125 0.8320833333333333 0.0575 0.0825
0 0.7140625 0.7695833333333333 0.061875 0.0875
0 0.5125 0.08333333333333333 0.06875 0.08833333333333333
0 0.2296875 0.75875 0.068125 0.09416666666666666
0 0.9053125 0.7166666666666667 0.060625 0.07666666666666666
0 0.4059375 0.4404166666666667 0.070625 0.09583333333333334
0 0.2728125 0.8195833333333333 0.058125 0.08416666666666667
0 0.231875 0.27375 0.06625 0.0925
0 0.1915625 0.07875 0.071875 0.08916666666666667
0 0.7609375 0.12625 0.069375 0.08583333333333333
0 0.61125 0.85375 0.06625 0.07916666666666666
1 0.6803125 0.9120833333333334 0.061875 0.0875
0 0.7275 0.3329166666666667 0.075 0.09416666666666666
0 0.0825 0.51375 0.06375 0.07916666666666666
0 0.190625 0.33916666666666667 0.06625 0.09333333333333334
0 0.1503125 0.30083333333333334 0.066875 0.07833333333333334
0 0.804375 0.6504166666666666 0.06875 0.10083333333333333
0 0.6490625 0.4533333333333333 0.068125 0.11333333333333333
0 0.3553125 0.5175 0.060625 0.085
0 0.155 0.12291666666666666 0.065 0.09916666666666667
0 0.7565625 0.2225 0.065625 0.09166666666666666
0 0.59625 0.5666666666666667 0.07125 0.105
0 0.56375 0.25875 0.06875 0.08916666666666667
0 0.473125 0.5445833333333333 0.07125 0.08416666666666667
0 0.2903125 0.2425 0.071875 0.1
0 0.48375 0.15666666666666668 0.0625 0.08833333333333333
0 0.4853125 0.6083333333333333 0.064375 0.085
0 0.1709375 0.4479166666666667 0.065625 0.0825
0 0.8359375 0.6225 0.071875 0.09666666666666666
0 0.0415625 0.3983333333333333 0.064375 0.09666666666666666
0 0.38375 0.8379166666666666 0.05625 0.08083333333333333
0 0.88625 0.6116666666666667 0.0575 0.1
0 0.7425 0.9016666666666666 0.06625 0.08666666666666667
0 0.7834375 0.9458333333333333 0.060625 0.08666666666666667
0 0.6721875 0.41041666666666665 0.073125 0.09416666666666666
0 0.1190625 0.44583333333333336 0.068125 0.085
0 0.1428125 0.5175 0.056875 0.07333333333333333
0 0.59625 0.9504166666666667 0.06625 0.09583333333333334
0 0.225625 0.5266666666666666 0.06125 0.11
0 0.83125 0.9475 0.0675 0.1