0 0.280625 0.8566666666666667 0.06 0.08166666666666667
0 0.751875 0.74375 0.06125 0.0925
0 0.56 0.4454166666666667 0.065 0.09583333333333334
0 0.5978125 0.3475 0.064375 0.08666666666666667
0 0.6171875 0.74625 0.066875 0.08583333333333333
0 0.74375 0.1 0.06875 0.09166666666666666
0 0.18125 0.9129166666666667 0.06875 0.0875
0 0.310625 0.5866666666666667 0.06125 0.085
0 0.5028125 0.8658333333333333 0.060625 0.08666666666666667
0 0.2275 0.8625 0.06 0.09166666666666666
0 0.815 0.15166666666666667 0.065 0.08833333333333333
0 0.7978125 0.8954166666666666 0.056875 0.10083333333333333
0 0.6725 0.28458333333333335 0.07375 0.0875
0 0.3871875 0.7070833333333333 0.069375 0.1075
0 0.626875 0.64375 0.07 0.10583333333333333
0 0.6334375 0.28625 0.053125 0.10583333333333333
1 0.606875 0.07416666666666667 0.085 0.11333333333333333
0 0.8046875 0.5358333333333334 0.074375 0.09166666666666666