0 0.298125 0.38958333333333334 0.0675 0.1075
0 0.1875 0.34291666666666665 0.06875 0.08583333333333333
0 0.5184375 0.47791666666666666 0.070625 0.09416666666666666
0 0.2403125 0.7004166666666667 0.073125 0.09416666666666666
0 0.5946875 0.11458333333333333 0.079375 0.11083333333333334
0 0.8425 0.22583333333333333 0.05875 0.08166666666666667
0 0.8259375 0.7120833333333333 0.079375 0.11083333333333334
0 0.7346875 0.27125 0.071875 0.1075
0 0.196875 0.21333333333333335 0.0675 0.09333333333333334
0 0.8115625 0.84375 0.078125 0.0925
0 0.635625 0.43083333333333335 0.07 0.11333333333333333
0 0.64 0.6441666666666667 0.085 0.08666666666666667
0 0.5540625 0.8783333333333333 0.063125 0.105
0 0.485 0.9225 0.08125 0.11166666666666666
0 0.7378125 0.105 0.069375 0.09333333333333334
0 0.23875 0.18791666666666668 0.06875 0.10083333333333333
0 0.434375 0.86 0.0725 0.1
0 0.2165625 0.7979166666666667 0.068125 0.0925
0 0.6203125 0.53625 0.073125 0.0925
0 0.79375 0.6083333333333333 0.07125 0.095
0 0.183125 0.8883333333333333 0.05625 0.07666666666666666
0 0.5278125 0.385 0.075625 0.105
0 0.403125 0.07041666666666667 0.06875 0.08916666666666667
0 0.34625 0.6979166666666666 0.08 0.09416666666666666
0 0.8034375 0.4775 0.074375 0.10666666666666667
0 0.8040625 0.3541666666666667 0.068125 0.08333333333333333
0 0.495 0.21208333333333335 0.08 0.1075
1 0.258125 0.06541666666666666 0.0825 0.11083333333333334
0 0.446875 0.6741666666666667 0.075 0.09666666666666666
0 0.3846875 0.6616666666666666 0.061875 0.095
0 0.57375 0.38916666666666666 0.08 0.09833333333333333
0 0.3646875 0.8279166666666666 0.070625 0.08583333333333333
0 0.76 0.8995833333333333 0.05625 0.10083333333333333
0 0.803125 0.11541666666666667 0.06375 0.10916666666666666
0 0.6403125 0.6283333333333333 0.059375 0.08666666666666667