0 0.82875 0.4683333333333333 0.08625 0.115
0 0.914375 0.3408333333333333 0.095 0.12666666666666668
0 0.37875 0.2975 0.10125 0.135
0 0.4040625 0.7729166666666667 0.098125 0.13083333333333333
0 0.815625 0.5883333333333334 0.1025 0.13666666666666666
0 0.888125 0.41333333333333333 0.09625 0.12833333333333333
0 0.329375 0.47375 0.09375 0.12583333333333332
0 0.121875 0.5175 0.09375 0.125
0 0.935625 0.48083333333333333 0.09875 0.13166666666666665
0 0.6484375 0.1575 0.101875 0.135
0 0.7190625 0.6729166666666667 0.105625 0.14083333333333334
0 0.5946875 0.8870833333333333 0.100625 0.13416666666666666
0 0.50125 0.4429166666666667 0.10625 0.1425
0 0.600625 0.5991666666666666 0.09625 0.12833333333333333
1 0.159375 0.44166666666666665 0.11 0.14666666666666667
0 0.7359375 0.43291666666666667 0.104375 0.13916666666666666
0 0.55 0.36583333333333334 0.1 0.13333333333333333
0 0.78375 0.08375 0.1 0.1325
0 0.8084375 0.25708333333333333 0.095625 0.1275
0 0.404375 0.59 0.0975 0.13
0 0.329375 0.64125 0.0975 0.12916666666666668
0 0.7471875 0.14541666666666667 0.103125 0.1375
0 0.5321875 0.8145833333333333 0.109375 0.14583333333333334
0 0.84875 0.17416666666666666 0.1075 0.14333333333333334
0 0.0634375 0.73125 0.088125 0.1175
0 0.4871875 0.8454166666666667 0.098125 0.13083333333333333
0 0.701875 0.3875 0.09375 0.125
0 0.5509375 0.18041666666666667 0.106875 0.1425
0 0.08 0.8183333333333334 0.09875 0.13166666666666665
0 0.2809375 0.65 0.114375 0.15166666666666667
0 0.213125 0.6379166666666667 0.10125 0.13416666666666666
0 0.1115625 0.7070833333333333 0.103125 0.1375
0 0.596875 0.17583333333333334 0.10875 0.145
0 0.7246875 0.21166666666666667 0.105625 0.14
0 0.2021875 0.89375 0.128125 0.17083333333333334