0 0.494375 0.6325 0.06625 0.09333333333333334
0 0.48875 0.4170833333333333 0.055 0.0775
0 0.9153125 0.08625 0.071875 0.09083333333333334
0 0.885 0.6675 0.0675 0.08166666666666667
0 0.505 0.79375 0.0575 0.08583333333333333
0 0.773125 0.5604166666666667 0.0675 0.07916666666666666
0 0.5396875 0.38333333333333336 0.055625 0.085
0 0.2625 0.1325 0.0575 0.07666666666666666
0 0.175 0.9429166666666666 0.06125 0.08583333333333333
0 0.274375 0.6754166666666667 0.07 0.08916666666666667
0 0.8590625 0.24916666666666668 0.058125 0.07666666666666666
0 0.9175 0.28208333333333335 0.05625 0.0925
0 0.6728125 0.7779166666666667 0.064375 0.0875
0 0.3309375 0.9425 0.060625 0.085
0 0.1725 0.19333333333333333 0.05625 0.07833333333333334
1 0.8959375 0.8595833333333334 0.105625 0.08916666666666667
0 0.3903125 0.34458333333333335 0.066875 0.09583333333333334
0 0.169375 0.7279166666666667 0.075 0.08583333333333333
0 0.1465625 0.6141666666666666 0.066875 0.09333333333333334
0 0.7803125 0.2991666666666667 0.061875 0.07666666666666666
0 0.5121875 0.18833333333333332 0.060625 0.095
0 0.418125 0.13625 0.0725 0.09583333333333334
0 0.6828125 0.95375 0.075625 0.08083333333333333
0 0.70625 0.8595833333333334 0.0675 0.0875
0 0.860625 0.33416666666666667 0.07375 0.095
0 0.635 0.5741666666666667 0.06625 0.08833333333333333
0 0.5975 0.6304166666666666 0.06875 0.0925
0 0.791875 0.3925 0.0675 0.08
0 0.511875 0.095 0.07125 0.07833333333333334
0 0.265625 0.35875 0.065 0.09583333333333334
0 0.2103125 0.24208333333333334 0.066875 0.08916666666666667
0 0.415625 0.6329166666666667 0.075 0.07916666666666666
0 0.4025 0.8366666666666667 0.05625 0.08666666666666667
0 0.3559375 0.51125 0.074375 0.08416666666666667
0 0.2925 0.23458333333333334 0.07125 0.08416666666666667
0 0.1578125 0.8058333333333333 0.061875 0.09166666666666666
0 0.0296875 0.3983333333333333 0.059375 0.085
0 0.330625 0.2025 0.065 0.06833333333333333
0 0.313125 0.29833333333333334 0.06375 0.07666666666666666
0 0.1065625 0.35875 0.063125 0.08083333333333333
0 0.7928125 0.63625 0.056875 0.07916666666666666
0 0.7528125 0.685 0.064375 0.095
0 0.19625 0.6516666666666666 0.0575 0.08
0 0.86625 0.7491666666666666 0.0675 0.08666666666666667
0 0.375 0.7920833333333334 0.06375 0.1025
0 0.3596875 0.68375 0.074375 0.0675
0 0.31875 0.36666666666666664 0.05375 0.07333333333333333
0 0.11375 0.2775 0.05875 0.075
1 0.671875 0.5308333333333334 0.09625 0.11666666666666667
0 0.9278125 0.75625 0.053125 0.07583333333333334
0 0.1271875 0.3575 0.075625 0.09666666666666666