0 0.6659375 0.17333333333333334 0.096875 0.13
0 0.616875 0.125 0.095 0.12666666666666668
0 0.880625 0.6345833333333334 0.105 0.14083333333333334
0 0.185625 0.1575 0.1 0.13333333333333333
0 0.6984375 0.9195833333333333 0.106875 0.1425
0 0.229375 0.68625 0.1075 0.1425
0 0.535625 0.5129166666666667 0.095 0.12583333333333332
0 0.4203125 0.47208333333333335 0.104375 0.13916666666666666
0 0.5853125 0.7020833333333333 0.096875 0.12916666666666668
0 0.3059375 0.7166666666666667 0.121875 0.16333333333333333
0 0.3715625 0.3775 0.108125 0.145
0 0.7934375 0.36625 0.105625 0.14083333333333334
0 0.138125 0.6408333333333334 0.10875 0.145
0 0.7278125 0.19333333333333333 0.100625 0.135
0 0.10875 0.16416666666666666 0.10625 0.14166666666666666
0 0.86875 0.55625 0.11125 0.14916666666666667
0 0.539375 0.7720833333333333 0.10875 0.14583333333333334
0 0.5590625 0.6029166666666667 0.114375 0.1525
0 0.0765625 0.3875 0.119375 0.16
0 0.7225 0.5166666666666667 0.095 0.12666666666666668
0 0.3978125 0.16916666666666666 0.093125 0.12333333333333334
0 0.681875 0.2675 0.11 0.14666666666666667
0 0.46625 0.3358333333333333 0.115 0.15333333333333332
0 0.5415625 0.155 0.104375 0.13833333333333334
0 0.143125 0.325 0.1275 0.17
0 0.3940625 0.66 0.103125 0.13833333333333334