0 0.39875 0.4245833333333333 0.07875 0.10583333333333333
0 0.065 0.2325 0.08875 0.11833333333333333
0 0.4571875 0.7370833333333333 0.096875 0.12916666666666668
0 0.699375 0.17125 0.09375 0.12583333333333332
0 0.421875 0.5466666666666666 0.0975 0.13
0 0.290625 0.2808333333333333 0.1 0.13333333333333333
0 0.6321875 0.23041666666666666 0.081875 0.10916666666666666
0 0.35125 0.07833333333333334 0.09 0.12
0 0.3921875 0.6341666666666667 0.089375 0.11833333333333333
0 0.833125 0.4395833333333333 0.09125 0.12083333333333333
0 0.2384375 0.37166666666666665 0.085625 0.11333333333333333
0 0.2315625 0.6391666666666667 0.099375 0.13333333333333333
0 0.13875 0.28208333333333335 0.08875 0.1175
0 0.6990625 0.4508333333333333 0.093125 0.12333333333333334
0 0.6825 0.6175 0.08625 0.115
0 0.8784375 0.8379166666666666 0.096875 0.12916666666666668
0 0.491875 0.14458333333333334 0.0975 0.12916666666666668
0 0.646875 0.9054166666666666 0.0825 0.11083333333333334
0 0.250625 0.4625 0.09125 0.12166666666666667
0 0.3778125 0.8754166666666666 0.081875 0.10916666666666666
0 0.761875 0.9208333333333333 0.10125 0.135
0 0.8971875 0.5908333333333333 0.103125 0.13666666666666666
0 0.323125 0.6933333333333334 0.0875 0.11666666666666667
0 0.3215625 0.40875 0.076875 0.1025
0 0.818125 0.5233333333333333 0.09625 0.12833333333333333
1 0.8521875 0.6929166666666666 0.110625 0.1475
0 0.4690625 0.3516666666666667 0.094375 0.125
0 0.459375 0.07458333333333333 0.10375 0.13916666666666666
0 0.6459375 0.49916666666666665 0.101875 0.135
0 0.3125 0.7741666666666667 0.0975 0.13
0 0.6634375 0.3858333333333333 0.078125 0.10333333333333333
0 0.6078125 0.5783333333333334 0.083125 0.11
0 0.2053125 0.3045833333333333 0.089375 0.11916666666666667
0 0.7515625 0.6066666666666667 0.088125 0.11666666666666667
0 0.574375 0.3129166666666667 0.08375 0.1125
0 0.9396875 0.5204166666666666 0.090625 0.12083333333333333
0 0.3675 0.49375 0.09125 0.12083333333333333
1 0.186875 0.6675 0.105 0.14
0 0.9003125 0.7175 0.084375 0.11333333333333333
0 0.5990625 0.12208333333333334 0.089375 0.11916666666666667
0 0.6978125 0.9345833333333333 0.094375 0.12583333333333332
0 0.415625 0.8066666666666666 0.095 0.12666666666666668
0 0.7428125 0.72625 0.079375 0.10583333333333333
0 0.2715625 0.83 0.079375 0.105
0 0.376875 0.7075 0.0725 0.09666666666666666
0 0.8509375 0.9091666666666667 0.091875 0.12333333333333334
0 0.7234375 0.66625 0.074375 0.09916666666666667
0 0.648125 0.11416666666666667 0.08375 0.11166666666666666
0 0.4653125 0.85625 0.078125 0.10416666666666667
0 0.7825 0.68875 0.06625 0.08916666666666667
0 0.831875 0.2875 0.07875 0.105