0 0.2 0.39416666666666667 0.07875 0.11
0 0.5703125 0.6083333333333333 0.078125 0.10166666666666667
0 0.3784375 0.7491666666666666 0.069375 0.115
0 0.8028125 0.11333333333333333 0.076875 0.10833333333333334
0 0.3471875 0.32916666666666666 0.070625 0.10333333333333333
0 0.7084375 0.89375 0.070625 0.0975
0 0.6628125 0.12 0.079375 0.11333333333333333
0 0.769375 0.2791666666666667 0.07625 0.085
0 0.2265625 0.4895833333333333 0.066875 0.0875
0 0.783125 0.8175 0.08125 0.12333333333333334
0 0.4559375 0.42375 0.070625 0.1075
0 0.336875 0.16125 0.065 0.1225
0 0.2075 0.11791666666666667 0.08875 0.10416666666666667
0 0.3759375 0.91 0.075625 0.12833333333333333
0 0.3184375 0.75125 0.056875 0.13416666666666666
0 0.2146875 0.72125 0.076875 0.09416666666666666