0 0.1640625 0.4945833333333333 0.100625 0.13416666666666666
0 0.4515625 0.26958333333333334 0.085625 0.11416666666666667
0 0.7965625 0.6729166666666667 0.094375 0.12583333333333332
0 0.1528125 0.8945833333333333 0.114375 0.1525
0 0.3778125 0.44375 0.105625 0.14083333333333334
0 0.8321875 0.2725 0.105625 0.14166666666666666
0 0.470625 0.8675 0.08625 0.115
0 0.8709375 0.42625 0.106875 0.1425
0 0.7709375 0.40625 0.098125 0.13083333333333333
0 0.591875 0.17333333333333334 0.10375 0.13833333333333334
0 0.3484375 0.6304166666666666 0.094375 0.12583333333333332
0 0.34125 0.5358333333333334 0.09125 0.12166666666666667
0 0.655625 0.2808333333333333 0.1025 0.13666666666666666
0 0.6396875 0.6320833333333333 0.089375 0.11916666666666667
0 0.20125 0.4075 0.0875 0.11666666666666667
0 0.269375 0.19125 0.1075 0.1425
0 0.4753125 0.11708333333333333 0.095625 0.1275
0 0.3025 0.7641666666666667 0.1075 0.14333333333333334
0 0.7340625 0.26666666666666666 0.101875 0.13666666666666666
0 0.6565625 0.7845833333333333 0.100625 0.13416666666666666
0 0.8825 0.5654166666666667 0.0975 0.13083333333333333
0 0.5746875 0.28208333333333335 0.101875 0.13583333333333333
0 0.410625 0.3475 0.0825 0.11
0 0.3153125 0.10541666666666667 0.093125 0.12416666666666666
0 0.5359375 0.8070833333333334 0.078125 0.10416666666666667
0 0.544375 0.6583333333333333 0.1075 0.14333333333333334
0 0.1996875 0.7466666666666667 0.085625 0.115
0 0.9253125 0.31666666666666665 0.096875 0.13
0 0.50375 0.2075 0.08875 0.11833333333333333
0 0.3775 0.7166666666666667 0.11 0.14666666666666667
0 0.711875 0.44333333333333336 0.08625 0.115
0 0.5840625 0.41041666666666665 0.113125 0.15083333333333335
0 0.3790625 0.8804166666666666 0.091875 0.1225
0 0.568125 0.9008333333333334 0.0875 0.11666666666666667
0 0.7196875 0.6491666666666667 0.100625 0.13333333333333333
0 0.0634375 0.7104166666666667 0.098125 0.13083333333333333
0 0.623125 0.41333333333333333 0.10125 0.135
0 0.725625 0.8466666666666667 0.08875 0.11833333333333333
0 0.379375 0.8341666666666666 0.08125 0.10833333333333334
0 0.63375 0.84625 0.10875 0.14416666666666667
0 0.269375 0.7179166666666666 0.10875 0.14416666666666667
0 0.158125 0.66 0.08 0.10666666666666667
0 0.1653125 0.3070833333333333 0.099375 0.1325
1 0.634375 0.515 0.12625 0.16833333333333333
1 0.2821875 0.30041666666666667 0.139375 0.18583333333333332
1 0.7828125 0.5420833333333334 0.135625 0.18083333333333335