0 0.0840625 0.61875 0.111875 0.14916666666666667
0 0.7140625 0.25833333333333336 0.116875 0.15666666666666668
0 0.7934375 0.33791666666666664 0.113125 0.15083333333333335
0 0.4653125 0.35375 0.114375 0.1525
0 0.17125 0.68125 0.115 0.1525
0 0.7165625 0.43 0.104375 0.13833333333333334
0 0.29375 0.6425 0.115 0.15333333333333332
0 0.4128125 0.17458333333333334 0.114375 0.1525
0 0.8784375 0.45875 0.106875 0.1425
0 0.6521875 0.78375 0.114375 0.1525
0 0.1434375 0.39375 0.105625 0.14083333333333334
0 0.3703125 0.7445833333333334 0.111875 0.14916666666666667
0 0.3265625 0.6025 0.118125 0.15666666666666668
0 0.365625 0.8783333333333333 0.115 0.15333333333333332
0 0.5425 0.5304166666666666 0.1175 0.1575
0 0.205625 0.44583333333333336 0.11125 0.14833333333333334
0 0.575 0.36666666666666664 0.1125 0.15
1 0.2678125 0.43125 0.129375 0.1725
0 0.195 0.5233333333333333 0.11375 0.15166666666666667
0 0.1234375 0.8095833333333333 0.115625 0.15416666666666667
0 0.3059375 0.7920833333333334 0.109375 0.14583333333333334
0 0.7425 0.8204166666666667 0.1075 0.14416666666666667
0 0.724375 0.5254166666666666 0.11 0.1475
0 0.5621875 0.9075 0.124375 0.16666666666666666
0 0.776875 0.5970833333333333 0.11375 0.1525
0 0.375625 0.33 0.12125 0.16166666666666665
0 0.4125 0.6241666666666666 0.1025 0.13666666666666666
0 0.1834375 0.6129166666666667 0.099375 0.1325
0 0.93125 0.5383333333333333 0.10875 0.145
0 0.0553125 0.5695833333333333 0.110625 0.1475
0 0.3428125 0.26458333333333334 0.103125 0.1375
0 0.39 0.6666666666666666 0.10625 0.14166666666666666
0 0.231875 0.33791666666666664 0.12 0.15916666666666668
0 0.5875 0.46791666666666665 0.10875 0.14416666666666667
0 0.539375 0.8466666666666667 0.10875 0.145