0 0.635 0.6354166666666666 0.09875 0.1325
0 0.8553125 0.31 0.098125 0.13
0 0.7034375 0.6879166666666666 0.094375 0.12583333333333332
0 0.7853125 0.21875 0.099375 0.1325
0 0.1946875 0.93625 0.079375 0.10583333333333333
0 0.426875 0.5433333333333333 0.10375 0.13833333333333334
0 0.355 0.7020833333333333 0.0875 0.1175
0 0.8665625 0.21208333333333335 0.099375 0.1325
0 0.3003125 0.5845833333333333 0.096875 0.12916666666666668
0 0.3821875 0.6033333333333334 0.115625 0.15333333333333332
0 0.3309375 0.8770833333333333 0.103125 0.1375
0 0.1671875 0.7154166666666667 0.105625 0.14083333333333334
0 0.3028125 0.6795833333333333 0.085625 0.11416666666666667
0 0.2415625 0.465 0.083125 0.11
0 0.1965625 0.40041666666666664 0.098125 0.13083333333333333
0 0.33125 0.79 0.09375 0.125
0 0.6809375 0.09666666666666666 0.090625 0.12
0 0.2040625 0.30541666666666667 0.088125 0.1175
0 0.4246875 0.4529166666666667 0.093125 0.12416666666666666
0 0.1928125 0.6216666666666667 0.098125 0.13
0 0.80125 0.5654166666666667 0.095 0.1275
0 0.530625 0.5008333333333334 0.1 0.13333333333333333
0 0.7659375 0.47333333333333333 0.095625 0.12666666666666668
0 0.201875 0.49291666666666667 0.0925 0.1225
0 0.7946875 0.11166666666666666 0.088125 0.11666666666666667
0 0.57625 0.5575 0.10125 0.135
0 0.731875 0.175 0.08375 0.11166666666666666
0 0.1284375 0.81875 0.098125 0.13083333333333333
0 0.76 0.3720833333333333 0.1075 0.14416666666666667
0 0.684375 0.5304166666666666 0.09375 0.12416666666666666
0 0.5678125 0.8320833333333333 0.090625 0.12083333333333333
0 0.9290625 0.25625 0.081875 0.10916666666666666
0 0.84625 0.49541666666666667 0.09125 0.1225
0 0.1828125 0.8045833333333333 0.106875 0.1425
0 0.391875 0.23333333333333334 0.09 0.12
0 0.6471875 0.5479166666666667 0.090625 0.12083333333333333
0 0.7603125 0.7529166666666667 0.095625 0.1275
0 0.664375 0.8791666666666667 0.105 0.14
0 0.6425 0.30583333333333335 0.11 0.14666666666666667
0 0.4775 0.7229166666666667 0.09 0.11916666666666667
0 0.335625 0.45 0.09125 0.12166666666666667
0 0.52125 0.39416666666666667 0.09625 0.12833333333333333
0 0.571875 0.37916666666666665 0.08625 0.115
0 0.9109375 0.47833333333333333 0.111875 0.15
0 0.400625 0.36291666666666667 0.10625 0.1425
0 0.4665625 0.3104166666666667 0.099375 0.1325
0 0.2640625 0.8208333333333333 0.094375 0.12666666666666668
0 0.80375 0.37166666666666665 0.105 0.14
0 0.2496875 0.23166666666666666 0.091875 0.12333333333333334
0 0.9028125 0.3754166666666667 0.084375 0.1125
0 0.2440625 0.63625 0.086875 0.11583333333333333
0 0.695625 0.27958333333333335 0.10125 0.13416666666666666
0 0.1328125 0.43666666666666665 0.094375 0.12666666666666668
0 0.661875 0.77625 0.1125 0.14916666666666667
0 0.8884375 0.5995833333333334 0.098125 0.13083333333333333
0 0.3840625 0.09791666666666667 0.095625 0.1275
0 0.41625 0.91875 0.09875 0.1325
0 0.1253125 0.59 0.083125 0.11
0 0.390625 0.3125 0.0825 0.11
0 0.59375 0.07125 0.09625 0.1275
0 0.3053125 0.16541666666666666 0.088125 0.1175
0 0.046875 0.7608333333333334 0.0825 0.11
0 0.2765625 0.32125 0.099375 0.1325
0 0.61125 0.4708333333333333 0.08375 0.11166666666666666
0 0.5584375 0.6579166666666667 0.104375 0.13916666666666666
0 0.495 0.87625 0.08875 0.1175
0 0.125625 0.7233333333333334 0.1 0.13333333333333333
0 0.265625 0.77625 0.10125 0.13583333333333333
0 0.7671875 0.5404166666666667 0.099375 0.1325
0 0.239375 0.39916666666666667 0.08875 0.11833333333333333
0 0.775 0.3229166666666667 0.09375 0.12583333333333332
0 0.3340625 0.33541666666666664 0.093125 0.12416666666666666
0 0.485625 0.22166666666666668 0.0825 0.11
0 0.5996875 0.7516666666666667 0.096875 0.12833333333333333
0 0.335 0.27958333333333335 0.08875 0.11916666666666667
0 0.290625 0.37083333333333335 0.09125 0.12166666666666667
1 0.5675 0.28 0.09 0.12
0 0.043125 0.5841666666666666 0.07625 0.10166666666666667
0 0.0959375 0.70125 0.085625 0.11416666666666667
0 0.0509375 0.685 0.091875 0.12166666666666667
0 0.108125 0.4625 0.095 0.12666666666666668
0 0.141875 0.5533333333333333 0.08875 0.11833333333333333
0 0.1075 0.5541666666666667 0.085 0.11333333333333333
0 0.2865625 0.5516666666666666 0.085625 0.115
0 0.240625 0.6725 0.08875 0.11833333333333333
0 0.4825 0.07916666666666666 0.08875 0.11833333333333333
0 0.7696875 0.08541666666666667 0.084375 0.1125
0 0.923125 0.18 0.08125 0.10833333333333334
0 0.524375 0.6279166666666667 0.09625 0.12916666666666668
0 0.690625 0.8783333333333333 0.0875 0.11666666666666667
0 0.59 0.8591666666666666 0.095 0.12666666666666668
0 0.4953125 0.8408333333333333 0.093125 0.12333333333333334
0 0.41125 0.6958333333333333 0.085 0.11333333333333333
0 0.3640625 0.4658333333333333 0.086875 0.11666666666666667
0 0.175 0.30583333333333335 0.08625 0.115
0 0.2759375 0.25625 0.080625 0.1075
0 0.3421875 0.23916666666666667 0.098125 0.13166666666666665
0 0.2925 0.23291666666666666 0.0825 0.10916666666666666
0 0.2784375 0.41875 0.091875 0.1225
0 0.400625 0.415 0.09375 0.125
0 0.475625 0.265 0.0925 0.12333333333333334
0 0.6290625 0.10083333333333333 0.100625 0.135
0 0.6334375 0.15541666666666668 0.080625 0.1075
0 0.650625 0.19125 0.08125 0.1075
0 0.649375 0.22708333333333333 0.08125 0.10916666666666666
0 0.6090625 0.22166666666666668 0.088125 0.11833333333333333
0 0.5190625 0.06958333333333333 0.088125 0.1175
0 0.843125 0.0875 0.08875 0.11833333333333333
0 0.71625 0.14958333333333335 0.0925 0.12416666666666666
0 0.63875 0.4583333333333333 0.085 0.11333333333333333
0 0.676875 0.43041666666666667 0.0975 0.13083333333333333
0 0.9471875 0.2833333333333333 0.095625 0.12833333333333333
0 0.8528125 0.6670833333333334 0.081875 0.10916666666666666
0 0.8625 0.6095833333333334 0.09 0.11916666666666667
0 0.8246875 0.6308333333333334 0.090625 0.12166666666666667
0 0.6478125 0.74125 0.093125 0.12416666666666666
0 0.9315625 0.35041666666666665 0.086875 0.11583333333333333
0 0.5984375 0.39625 0.083125 0.11083333333333334
0 0.595625 0.5925 0.09625 0.12833333333333333
0 0.284375 0.8541666666666666 0.0725 0.09666666666666666
0 0.146875 0.4708333333333333 0.08875 0.11833333333333333
0 0.4021875 0.8354166666666667 0.084375 0.1125
0 0.470625 0.805 0.08625 0.115
0 0.534375 0.17333333333333334 0.09 0.12
0 0.5278125 0.11958333333333333 0.090625 0.12083333333333333
0 0.553125 0.09791666666666667 0.1 0.1325
0 0.534375 0.31333333333333335 0.08125 0.10833333333333334
0 0.060625 0.7983333333333333 0.09 0.12
0 0.42875 0.8158333333333333 0.09125 0.12166666666666667
0 0.4565625 0.7070833333333333 0.090625 0.12083333333333333