0 0.3534375 0.17166666666666666 0.064375 0.08833333333333333
0 0.43625 0.33416666666666667 0.07625 0.10333333333333333
0 0.645625 0.7675 0.07375 0.09666666666666666
0 0.2878125 0.8508333333333333 0.071875 0.095
0 0.6665625 0.6558333333333334 0.080625 0.10833333333333334
0 0.2578125 0.3720833333333333 0.065625 0.08583333333333333
0 0.5175 0.8995833333333333 0.0725 0.09416666666666666
0 0.295 0.23291666666666666 0.065 0.0925
0 0.3540625 0.9175 0.075625 0.09833333333333333
0 0.7815625 0.6375 0.069375 0.095
0 0.6471875 0.5333333333333333 0.074375 0.09833333333333333
0 0.1859375 0.45208333333333334 0.075625 0.09583333333333334
0 0.67 0.24375 0.07125 0.1075
0 0.3259375 0.47541666666666665 0.071875 0.1025
0 0.5403125 0.31125 0.074375 0.09416666666666666
0 0.4878125 0.49916666666666665 0.064375 0.09166666666666666
0 0.035 0.86625 0.06 0.07916666666666666
0 0.248125 0.13166666666666665 0.0675 0.105
0 0.1090625 0.7295833333333334 0.060625 0.08916666666666667
0 0.319375 0.05416666666666667 0.075 0.1
0 0.6646875 0.92125 0.060625 0.0825
0 0.8590625 0.9 0.063125 0.08333333333333333
0 0.520625 0.7745833333333333 0.07875 0.09083333333333334
0 0.0653125 0.36875 0.066875 0.10083333333333333
0 0.909375 0.1625 0.07125 0.09
0 0.395 0.4483333333333333 0.0825 0.10166666666666667
0 0.18375 0.71375 0.0675 0.08583333333333333
0 0.7425 0.7379166666666667 0.065 0.08916666666666667
0 0.1884375 0.30125 0.065625 0.0925
0 0.435625 0.6729166666666667 0.07875 0.1025
0 0.56125 0.11583333333333333 0.0725 0.10166666666666667
0 0.15875 0.9541666666666667 0.05875 0.08333333333333333
0 0.64375 0.42541666666666667 0.07875 0.09416666666666666
0 0.8353125 0.115 0.080625 0.075
0 0.691875 0.8758333333333334 0.075 0.095
0 0.3565625 0.28708333333333336 0.061875 0.07916666666666666
0 0.238125 0.7754166666666666 0.0575 0.09083333333333334
0 0.5221875 0.68375 0.070625 0.08416666666666667
0 0.938125 0.6270833333333333 0.0675 0.08583333333333333
0 0.5609375 0.43833333333333335 0.075625 0.1
0 0.4965625 0.23625 0.078125 0.07583333333333334
0 0.51375 0.14791666666666667 0.0775 0.09916666666666667
0 0.1246875 0.2970833333333333 0.076875 0.10583333333333333
0 0.1553125 0.195 0.064375 0.08333333333333333
0 0.1825 0.795 0.06375 0.085
0 0.3171875 0.5325 0.069375 0.09333333333333334
0 0.9196875 0.7833333333333333 0.061875 0.08666666666666667
0 0.55125 0.6245833333333334 0.07125 0.0875
0 0.579375 0.5879166666666666 0.0725 0.09583333333333334
0 0.7653125 0.10083333333333333 0.074375 0.10166666666666667
0 0.95 0.87375 0.06875 0.09416666666666666
0 0.7775 0.19791666666666666 0.09125 0.07416666666666667
0 0.078125 0.43916666666666665 0.075 0.09666666666666666
0 0.8003125 0.8083333333333333 0.055625 0.08333333333333333
0 0.758125 0.38333333333333336 0.0725 0.09666666666666666
0 0.7453125 0.3045833333333333 0.079375 0.09083333333333334
0 0.7121875 0.3425 0.058125 0.06666666666666667
0 0.201875 0.175 0.07 0.12166666666666667
0 0.7809375 0.04375 0.084375 0.0875
0 0.73875 0.7704166666666666 0.07125 0.08916666666666667