0 0.2959375 0.7375 0.109375 0.145
0 0.4603125 0.5370833333333334 0.108125 0.14416666666666667
0 0.3346875 0.18583333333333332 0.113125 0.15166666666666667
0 0.8125 0.17583333333333334 0.10875 0.145
0 0.6625 0.7904166666666667 0.11 0.1475
0 0.7 0.28291666666666665 0.115 0.1525
0 0.711875 0.6308333333333334 0.09375 0.125
0 0.915 0.2675 0.10125 0.135
0 0.5640625 0.46458333333333335 0.119375 0.15916666666666668
0 0.3884375 0.6466666666666666 0.114375 0.15166666666666667
0 0.8690625 0.42041666666666666 0.106875 0.1425
0 0.683125 0.14541666666666667 0.10125 0.13583333333333333
0 0.516875 0.14 0.1175 0.15666666666666668
0 0.650625 0.9245833333333333 0.11 0.14583333333333334
0 0.4865625 0.8145833333333333 0.095625 0.1275
0 0.4171875 0.7670833333333333 0.123125 0.16416666666666666
1 0.615 0.68125 0.12 0.16083333333333333
0 0.669375 0.68625 0.095 0.1275
0 0.389375 0.9258333333333333 0.11 0.14666666666666667
0 0.2428125 0.6208333333333333 0.109375 0.145
0 0.7746875 0.2608333333333333 0.093125 0.125
0 0.455 0.14916666666666667 0.1125 0.15
0 0.9390625 0.3983333333333333 0.101875 0.135
0 0.495625 0.23375 0.10875 0.14583333333333334
0 0.8434375 0.29625 0.106875 0.1425
0 0.175625 0.41458333333333336 0.10375 0.13916666666666666
0 0.6165625 0.59 0.118125 0.15833333333333333