0 0.57 0.5866666666666667 0.05875 0.08
0 0.7675 0.7466666666666667 0.0675 0.08166666666666667
0 0.8009375 0.67625 0.054375 0.08416666666666667
0 0.540625 0.66875 0.0575 0.07916666666666666
0 0.1215625 0.18791666666666668 0.060625 0.07916666666666666
0 0.211875 0.8058333333333333 0.06 0.07166666666666667
0 0.57875 0.28958333333333336 0.07625 0.09916666666666667
0 0.5440625 0.9175 0.068125 0.095
0 0.829375 0.3958333333333333 0.05875 0.08
0 0.360625 0.7479166666666667 0.05875 0.08083333333333333
0 0.34625 0.06333333333333334 0.0625 0.08666666666666667
0 0.9053125 0.3804166666666667 0.073125 0.0975
0 0.8065625 0.8516666666666667 0.066875 0.07833333333333334
0 0.4134375 0.09375 0.068125 0.0975
0 0.9571875 0.6608333333333334 0.071875 0.09
0 0.4296875 0.24083333333333334 0.070625 0.09333333333333334
0 0.751875 0.22916666666666666 0.06625 0.09333333333333334
0 0.4515625 0.49541666666666667 0.066875 0.08583333333333333
0 0.0528125 0.63875 0.061875 0.0725
0 0.6746875 0.35333333333333333 0.064375 0.09
0 0.421875 0.7379166666666667 0.06125 0.07583333333333334
1 0.29125 0.27958333333333335 0.07625 0.1025
0 0.52125 0.20291666666666666 0.06625 0.0925
0 0.6528125 0.145 0.050625 0.095
0 0.5103125 0.41833333333333333 0.051875 0.085
0 0.2115625 0.05625 0.066875 0.0825
0 0.2571875 0.7625 0.060625 0.10166666666666667
0 0.1578125 0.1225 0.056875 0.08
0 0.6953125 0.08333333333333333 0.064375 0.07666666666666666
0 0.7715625 0.14041666666666666 0.063125 0.07916666666666666
0 0.13375 0.8345833333333333 0.075 0.09583333333333334
0 0.8525 0.25625 0.065 0.1025
0 0.3528125 0.3129166666666667 0.063125 0.08083333333333333
0 0.9459375 0.19291666666666665 0.071875 0.09916666666666667
0 0.838125 0.7795833333333333 0.07125 0.0975
1 0.3553125 0.4866666666666667 0.083125 0.10833333333333334
0 0.175625 0.8675 0.07 0.08666666666666667
0 0.4678125 0.6970833333333334 0.058125 0.07583333333333334
0 0.48125 0.07041666666666667 0.0675 0.08416666666666667
0 0.184375 0.19625 0.05875 0.0825
0 0.0403125 0.19625 0.066875 0.08416666666666667
0 0.454375 0.8979166666666667 0.06375 0.07416666666666667
0 0.31375 0.5233333333333333 0.06125 0.07833333333333334
0 0.6971875 0.4320833333333333 0.060625 0.08083333333333333
0 0.6328125 0.92375 0.058125 0.0825
0 0.0971875 0.5441666666666667 0.073125 0.09
0 0.2553125 0.4708333333333333 0.071875 0.075
0 0.074375 0.79125 0.06 0.0825
0 0.701875 0.7129166666666666 0.06125 0.06916666666666667
1 0.8871875 0.8258333333333333 0.071875 0.09666666666666666
0 0.2246875 0.6629166666666667 0.071875 0.0875
0 0.9221875 0.4691666666666667 0.066875 0.085
0 0.2803125 0.68625 0.056875 0.07416666666666667
0 0.478125 0.1225 0.05125 0.07666666666666666
0 0.7071875 0.9070833333333334 0.066875 0.07583333333333334
0 0.09375 0.26666666666666666 0.05875 0.095
0 0.054375 0.8141666666666667 0.07375 0.08666666666666667
0 0.94125 0.8620833333333333 0.05625 0.0875
0 0.2575 0.09458333333333334 0.05125 0.06916666666666667
0 0.5440625 0.07041666666666667 0.056875 0.0725
0 0.6796875 0.22458333333333333 0.070625 0.0825
0 0.9690625 0.28041666666666665 0.056875 0.08083333333333333
0 0.39875 0.36625 0.055 0.06583333333333333
0 0.295625 0.6041666666666666 0.0525 0.07166666666666667
0 0.4690625 0.665 0.056875 0.06833333333333333
0 0.7165625 0.2866666666666667 0.049375 0.06833333333333333
1 0.1996875 0.6191666666666666 0.074375 0.10333333333333333
0 0.3003125 0.7679166666666667 0.069375 0.0925
0 0.8059375 0.3125 0.049375 0.07166666666666667
0 0.504375 0.32208333333333333 0.04875 0.07416666666666667
0 0.9646875 0.45125 0.068125 0.10583333333333333
0 0.9696875 0.7916666666666666 0.049375 0.07166666666666667
0 0.25125 0.52625 0.06375 0.0775
0 0.2484375 0.5958333333333333 0.069375 0.08166666666666667
0 0.196875 0.6733333333333333 0.06 0.08166666666666667