0 0.6575 0.15916666666666668 0.10125 0.135
0 0.601875 0.6179166666666667 0.08625 0.11416666666666667
0 0.4709375 0.5395833333333333 0.098125 0.13083333333333333
0 0.9134375 0.34958333333333336 0.114375 0.1525
0 0.488125 0.7966666666666666 0.09625 0.12833333333333333
0 0.5396875 0.57375 0.103125 0.1375
0 0.379375 0.4575 0.0875 0.11666666666666667
0 0.6815625 0.25458333333333333 0.084375 0.1125
0 0.673125 0.765 0.10625 0.14166666666666666
0 0.069375 0.5675 0.08625 0.115
0 0.545625 0.21916666666666668 0.10625 0.14166666666666666
0 0.3384375 0.7233333333333334 0.105625 0.14166666666666666
0 0.294375 0.8833333333333333 0.08625 0.115
0 0.6309375 0.37375 0.103125 0.1375
0 0.2853125 0.30791666666666667 0.088125 0.1175
0 0.754375 0.6329166666666667 0.085 0.1125
0 0.1346875 0.7129166666666666 0.078125 0.10416666666666667
0 0.5046875 0.12583333333333332 0.108125 0.145
0 0.366875 0.5395833333333333 0.1075 0.1425
0 0.883125 0.5758333333333333 0.11 0.14666666666666667
0 0.365 0.35833333333333334 0.1025 0.13666666666666666
0 0.2009375 0.40625 0.095625 0.1275
0 0.3259375 0.6404166666666666 0.098125 0.13083333333333333
0 0.09875 0.48083333333333333 0.0825 0.11
0 0.351875 0.22916666666666666 0.1075 0.14333333333333334
0 0.219375 0.3129166666666667 0.08375 0.1125
0 0.7690625 0.16291666666666665 0.110625 0.1475
0 0.7053125 0.43916666666666665 0.103125 0.13833333333333334
0 0.0934375 0.6479166666666667 0.094375 0.12583333333333332
0 0.4315625 0.8658333333333333 0.104375 0.14
0 0.674375 0.45666666666666667 0.09625 0.12833333333333333
0 0.16 0.3475 0.08125 0.10833333333333334
0 0.2809375 0.4579166666666667 0.103125 0.1375
0 0.2796875 0.52625 0.108125 0.14416666666666667
0 0.4390625 0.4425 0.094375 0.12666666666666668
0 0.2715625 0.58375 0.110625 0.1475
0 0.210625 0.5454166666666667 0.08625 0.11416666666666667
0 0.299375 0.38083333333333336 0.09625 0.12833333333333333
0 0.7378125 0.17416666666666666 0.083125 0.11
0 0.120625 0.8566666666666667 0.0875 0.11666666666666667
1 0.1534375 0.5966666666666667 0.124375 0.165
1 0.7803125 0.395 0.139375 0.18666666666666668
0 0.5640625 0.33375 0.093125 0.12416666666666666
0 0.1496875 0.83 0.110625 0.14833333333333334