0 0.749375 0.4816666666666667 0.095 0.12666666666666668
0 0.61375 0.1675 0.10125 0.135
0 0.743125 0.7145833333333333 0.09375 0.12583333333333332
0 0.4884375 0.14541666666666667 0.095625 0.1275
0 0.315625 0.6441666666666667 0.10375 0.13833333333333334
0 0.1075 0.3904166666666667 0.1025 0.13583333333333333
0 0.2315625 0.47291666666666665 0.105625 0.14083333333333334
0 0.9590625 0.35875 0.069375 0.0925
0 0.5959375 0.48625 0.103125 0.1375
0 0.2221875 0.7333333333333333 0.089375 0.12
0 0.2175 0.5908333333333333 0.11125 0.14833333333333334
0 0.5875 0.7091666666666666 0.105 0.14
0 0.16625 0.6904166666666667 0.10375 0.13916666666666666
0 0.7278125 0.34291666666666665 0.100625 0.13416666666666666
0 0.2853125 0.40375 0.103125 0.1375
0 0.63625 0.8233333333333334 0.10625 0.14166666666666666
0 0.429375 0.12791666666666668 0.105 0.14083333333333334
0 0.4271875 0.46708333333333335 0.113125 0.15083333333333335
0 0.4090625 0.5670833333333334 0.106875 0.1425
1 0.70375 0.5520833333333334 0.12375 0.16416666666666666