0 0.240625 0.9383333333333334 0.065 0.08666666666666667
0 0.1165625 0.8508333333333333 0.060625 0.075
0 0.5784375 0.8133333333333334 0.059375 0.09166666666666666
0 0.0996875 0.3275 0.071875 0.09333333333333334
0 0.423125 0.19416666666666665 0.0725 0.08666666666666667
0 0.725625 0.8483333333333334 0.0625 0.09333333333333334
0 0.508125 0.08833333333333333 0.07 0.085
1 0.7809375 0.38916666666666666 0.076875 0.09833333333333333
0 0.2040625 0.46125 0.055625 0.0775
0 0.755625 0.12458333333333334 0.075 0.08916666666666667
0 0.8153125 0.0525 0.064375 0.09666666666666666
1 0.634375 0.7879166666666667 0.06125 0.0925
0 0.275625 0.5654166666666667 0.0725 0.09083333333333334
0 0.428125 0.66 0.0575 0.09
0 0.2346875 0.7291666666666666 0.061875 0.07666666666666666
0 0.2846875 0.47541666666666665 0.068125 0.09583333333333334
0 0.315625 0.7508333333333334 0.07 0.085
0 0.8465625 0.42791666666666667 0.064375 0.0825
0 0.8953125 0.55375 0.063125 0.08083333333333333
0 0.715625 0.6591666666666667 0.06625 0.09166666666666666
0 0.655 0.635 0.06625 0.09166666666666666
0 0.1790625 0.5445833333333333 0.071875 0.09583333333333334
0 0.764375 0.205 0.07125 0.08
0 0.8528125 0.86125 0.055625 0.08083333333333333
0 0.32 0.4295833333333333 0.07375 0.10583333333333333
0 0.4075 0.37 0.055 0.08333333333333333
0 0.4984375 0.6016666666666667 0.061875 0.07833333333333334
0 0.16875 0.04416666666666667 0.06625 0.08
0 0.2253125 0.6054166666666667 0.066875 0.09583333333333334
0 0.534375 0.8641666666666666 0.07875 0.09166666666666666
0 0.32625 0.07041666666666667 0.06125 0.08583333333333333
1 0.09125 0.15041666666666667 0.07875 0.0975
0 0.931875 0.23708333333333334 0.06875 0.0975
0 0.4675 0.45958333333333334 0.05875 0.08916666666666667
0 0.75375 0.28541666666666665 0.07375 0.09416666666666666
0 0.895625 0.04583333333333333 0.055 0.085
0 0.089375 0.7691666666666667 0.07625 0.1
0 0.7971875 0.30791666666666667 0.073125 0.0825
0 0.5028125 0.3770833333333333 0.069375 0.1025
0 0.6253125 0.6745833333333333 0.058125 0.0875
0 0.4365625 0.0875 0.065625 0.06666666666666667
0 0.2840625 0.07208333333333333 0.055625 0.07916666666666666
0 0.5634375 0.50375 0.058125 0.0775
0 0.6303125 0.24833333333333332 0.071875 0.07833333333333334
0 0.6559375 0.3908333333333333 0.061875 0.085
0 0.635625 0.46291666666666664 0.0575 0.08416666666666667
0 0.55125 0.4270833333333333 0.0525 0.08083333333333333
0 0.06125 0.7395833333333334 0.095 0.06583333333333333
1 0.6121875 0.395 0.069375 0.10166666666666667
0 0.9584375 0.5220833333333333 0.068125 0.07916666666666666
1 0.4003125 0.4841666666666667 0.074375 0.12833333333333333
0 0.5528125 0.35083333333333333 0.061875 0.085
0 0.6528125 0.3175 0.055625 0.075
0 0.5928125 0.32458333333333333 0.058125 0.06416666666666666