0 0.4678125 0.12333333333333334 0.069375 0.10666666666666667
0 0.58875 0.08125 0.07625 0.0925
0 0.7725 0.26458333333333334 0.075 0.11416666666666667
0 0.7021875 0.42916666666666664 0.070625 0.10833333333333334
0 0.756875 0.505 0.08 0.10833333333333334
0 0.5365625 0.6404166666666666 0.066875 0.10083333333333333
0 0.39125 0.9304166666666667 0.0775 0.10083333333333333
0 0.305625 0.93375 0.0575 0.09416666666666666
0 0.398125 0.78625 0.06875 0.11583333333333333
0 0.2434375 0.7816666666666666 0.086875 0.09833333333333333
0 0.20375 0.6054166666666667 0.0825 0.1125
0 0.4903125 0.5816666666666667 0.074375 0.105
0 0.555625 0.49291666666666667 0.06 0.12916666666666668
0 0.62375 0.48125 0.0625 0.09583333333333334
0 0.5540625 0.3304166666666667 0.070625 0.0925
0 0.48 0.2975 0.075 0.10166666666666667
0 0.8234375 0.1675 0.078125 0.09666666666666666
0 0.703125 0.7458333333333333 0.0875 0.09166666666666666
0 0.60875 0.8191666666666667 0.0775 0.10333333333333333
0 0.733125 0.935 0.07375 0.10166666666666667
0 0.6546875 0.9279166666666666 0.075625 0.11583333333333333
0 0.344375 0.6325 0.0625 0.1
0 0.39875 0.6129166666666667 0.07 0.09583333333333334
0 0.36625 0.13875 0.0675 0.11583333333333333
0 0.2703125 0.19166666666666668 0.065625 0.13666666666666666
0 0.195 0.22125 0.075 0.1075
0 0.2396875 0.33666666666666667 0.070625 0.11
0 0.2428125 0.395 0.066875 0.09166666666666666
0 0.25 0.44708333333333333 0.0675 0.09083333333333334
0 0.3846875 0.5 0.064375 0.13333333333333333
0 0.16375 0.7275 0.075 0.11833333333333333
0 0.4209375 0.455 0.079375 0.10666666666666667
0 0.3203125 0.5266666666666666 0.079375 0.09833333333333333
0 0.8309375 0.7025 0.078125 0.09166666666666666
0 0.836875 0.7908333333333334 0.07375 0.08833333333333333
0 0.7565625 0.8366666666666667 0.074375 0.10666666666666667
0 0.1840625 0.17166666666666666 0.081875 0.09666666666666666
0 0.1646875 0.05291666666666667 0.061875 0.08416666666666667
0 0.1696875 0.09833333333333333 0.071875 0.09166666666666666
0 0.3040625 0.1625 0.091875 0.08833333333333333