0 0.4246875 0.9504166666666667 0.086875 0.0975
0 0.786875 0.2966666666666667 0.07375 0.09833333333333333
0 0.1 0.7191666666666666 0.07875 0.11
0 0.955 0.7516666666666667 0.07375 0.09833333333333333
0 0.8140625 0.45625 0.074375 0.09083333333333334
0 0.6075 0.3545833333333333 0.07625 0.1075
0 0.4071875 0.475 0.074375 0.09166666666666666
0 0.1025 0.56 0.08125 0.10833333333333334
1 0.255 0.50875 0.09375 0.1225
0 0.0390625 0.27208333333333334 0.071875 0.10583333333333333
0 0.05875 0.8058333333333333 0.075 0.09166666666666666
0 0.2009375 0.83875 0.075625 0.10916666666666666
0 0.8865625 0.7041666666666667 0.063125 0.09333333333333334
0 0.395 0.3883333333333333 0.07125 0.09333333333333334
0 0.63625 0.25458333333333333 0.07125 0.0975
0 0.5940625 0.7841666666666667 0.075625 0.10333333333333333
0 0.630625 0.915 0.07625 0.105
0 0.303125 0.7529166666666667 0.075 0.09916666666666667
0 0.811875 0.82125 0.075 0.11083333333333334
0 0.72625 0.8195833333333333 0.07875 0.10583333333333333
0 0.0703125 0.4325 0.090625 0.10166666666666667
0 0.69375 0.19291666666666665 0.08 0.10083333333333333
0 0.5146875 0.7108333333333333 0.071875 0.1
0 0.4784375 0.4866666666666667 0.073125 0.1
0 0.655 0.8225 0.07125 0.1
0 0.5378125 0.14875 0.074375 0.09916666666666667
0 0.8134375 0.5454166666666667 0.078125 0.1025
0 0.6778125 0.055 0.073125 0.10833333333333334
0 0.50375 0.24 0.07625 0.10333333333333333
0 0.3859375 0.6658333333333334 0.085625 0.10833333333333334
0 0.4809375 0.8041666666666667 0.070625 0.09
0 0.55875 0.23333333333333334 0.06125 0.08166666666666667
0 0.8740625 0.5358333333333334 0.069375 0.09666666666666666
0 0.9353125 0.13666666666666666 0.080625 0.09166666666666666
0 0.27125 0.07583333333333334 0.06375 0.11833333333333333
0 0.3915625 0.09333333333333334 0.075625 0.10166666666666667
0 0.741875 0.71625 0.07625 0.10083333333333333
0 0.27 0.8545833333333334 0.0675 0.1125
0 0.44375 0.33458333333333334 0.065 0.0875
0 0.68625 0.7333333333333333 0.075 0.10666666666666667