0 0.5515625 0.3858333333333333 0.068125 0.09666666666666666
0 0.469375 0.4870833333333333 0.06875 0.1025
0 0.1684375 0.4025 0.073125 0.10333333333333333
0 0.1565625 0.8333333333333334 0.066875 0.09166666666666666
0 0.876875 0.38916666666666666 0.0775 0.1
0 0.199375 0.7783333333333333 0.075 0.10166666666666667
0 0.335 0.1375 0.06625 0.10333333333333333
0 0.4821875 0.735 0.061875 0.09333333333333334
0 0.653125 0.43125 0.07375 0.10416666666666667
0 0.291875 0.47208333333333335 0.075 0.08416666666666667
0 0.9015625 0.62125 0.066875 0.12083333333333333
0 0.4128125 0.52 0.059375 0.12
0 0.289375 0.5525 0.0725 0.1
0 0.21625 0.8558333333333333 0.06 0.09666666666666666
0 0.404375 0.8633333333333333 0.07625 0.085
0 0.3571875 0.5091666666666667 0.065625 0.105
0 0.4275 0.7120833333333333 0.06375 0.10083333333333333
0 0.265625 0.7841666666666667 0.0575 0.135
0 0.0525 0.64 0.05625 0.105
0 0.375 0.3416666666666667 0.05375 0.11333333333333333
0 0.45375 0.85625 0.1025 0.1075
0 0.105 0.6220833333333333 0.05625 0.1125
0 0.74375 0.09583333333333334 0.07375 0.10166666666666667
0 0.2159375 0.6395833333333333 0.058125 0.1125
0 0.8309375 0.67 0.079375 0.1
0 0.6409375 0.10666666666666667 0.074375 0.09833333333333333
0 0.66375 0.9229166666666667 0.05625 0.12083333333333333
0 0.3803125 0.7320833333333333 0.068125 0.08916666666666667
0 0.4884375 0.24625 0.090625 0.10083333333333333
0 0.0484375 0.43125 0.078125 0.10583333333333333
0 0.158125 0.6129166666666667 0.05125 0.13916666666666666
0 0.285625 0.33458333333333334 0.0625 0.1375
0 0.486875 0.6016666666666667 0.0625 0.13666666666666666
0 0.4465625 0.7966666666666666 0.076875 0.07833333333333334
0 0.33125 0.35583333333333333 0.0475 0.11
0 0.065625 0.8554166666666667 0.06375 0.0925
0 0.72125 0.9266666666666666 0.0625 0.11666666666666667
0 0.5678125 0.80375 0.071875 0.10083333333333333
0 0.774375 0.5833333333333334 0.07 0.08166666666666667
0 0.87 0.8895833333333333 0.04875 0.16083333333333333
0 0.890625 0.7658333333333334 0.065 0.07833333333333334
0 0.066875 0.11 0.07 0.105
0 0.430625 0.3441666666666667 0.06875 0.12333333333333334
0 0.7371875 0.8366666666666667 0.061875 0.11
0 0.8284375 0.8854166666666666 0.059375 0.1275
0 0.7725 0.8679166666666667 0.0525 0.1375