0 0.510625 0.07833333333333334 0.10375 0.13833333333333334
0 0.1275 0.5591666666666667 0.11375 0.15166666666666667
0 0.4403125 0.35041666666666665 0.074375 0.09916666666666667
0 0.193125 0.485 0.0925 0.12333333333333334
0 0.3490625 0.6608333333333334 0.094375 0.125
0 0.695625 0.2975 0.08875 0.11833333333333333
0 0.273125 0.7108333333333333 0.11 0.14666666666666667
0 0.5790625 0.6020833333333333 0.079375 0.10583333333333333
0 0.954375 0.7583333333333333 0.08625 0.115
0 0.22375 0.5929166666666666 0.0975 0.12916666666666668
0 0.320625 0.49833333333333335 0.0875 0.11666666666666667
0 0.478125 0.14708333333333334 0.09125 0.1225
0 0.91 0.6025 0.09875 0.13166666666666665
0 0.6390625 0.3333333333333333 0.090625 0.12166666666666667
0 0.375 0.885 0.0975 0.13
0 0.0521875 0.48791666666666667 0.098125 0.13083333333333333
0 0.5853125 0.3745833333333333 0.093125 0.12416666666666666
0 0.795 0.9116666666666666 0.09 0.12
0 0.160625 0.6470833333333333 0.1025 0.1375
0 0.5034375 0.5954166666666667 0.090625 0.12083333333333333
0 0.9415625 0.4741666666666667 0.113125 0.15
0 0.63375 0.19833333333333333 0.10875 0.145
0 0.900625 0.8125 0.09625 0.12833333333333333
0 0.495625 0.5708333333333333 0.09375 0.125
0 0.37875 0.37416666666666665 0.1 0.13333333333333333
0 0.4571875 0.7829166666666667 0.106875 0.1425
0 0.271875 0.5433333333333333 0.0925 0.12333333333333334
0 0.508125 0.235 0.105 0.14
0 0.2921875 0.12791666666666668 0.103125 0.1375
0 0.4265625 0.58125 0.105625 0.14083333333333334
0 0.336875 0.7825 0.1075 0.14333333333333334
0 0.8175 0.44375 0.1 0.1325
0 0.4778125 0.41541666666666666 0.099375 0.1325
0 0.895 0.7554166666666666 0.10125 0.13583333333333333
0 0.7646875 0.37625 0.080625 0.1075
0 0.3003125 0.34625 0.104375 0.13916666666666666
0 0.510625 0.34 0.09375 0.125
0 0.83625 0.83125 0.0825 0.11083333333333334
0 0.6884375 0.36916666666666664 0.085625 0.11333333333333333
0 0.244375 0.30833333333333335 0.11 0.14666666666666667
0 0.3609375 0.8054166666666667 0.091875 0.1225
0 0.1346875 0.46375 0.106875 0.1425
0 0.499375 0.47333333333333333 0.0925 0.12333333333333334
0 0.4909375 0.8304166666666667 0.085625 0.11416666666666667
0 0.3971875 0.29041666666666666 0.074375 0.09916666666666667
0 0.3259375 0.58875 0.086875 0.11583333333333333
0 0.769375 0.33 0.08875 0.11833333333333333
0 0.173125 0.07708333333333334 0.11125 0.1475
0 0.7034375 0.49541666666666667 0.086875 0.11583333333333333
0 0.44125 0.26958333333333334 0.09 0.11916666666666667
0 0.23125 0.1075 0.095 0.12666666666666668
0 0.4071875 0.17041666666666666 0.098125 0.13083333333333333
0 0.346875 0.22583333333333333 0.08 0.10666666666666667
0 0.408125 0.21041666666666667 0.09625 0.12916666666666668
0 0.3825 0.105 0.09375 0.125
0 0.325625 0.4041666666666667 0.085 0.11333333333333333
0 0.62875 0.24416666666666667 0.09375 0.125
0 0.7984375 0.32 0.086875 0.115
0 0.6009375 0.26958333333333334 0.098125 0.13083333333333333
0 0.5203125 0.27958333333333335 0.098125 0.13083333333333333
0 0.524375 0.4008333333333333 0.0825 0.11
0 0.5628125 0.2629166666666667 0.093125 0.12416666666666666
1 0.3278125 0.13875 0.126875 0.16916666666666666
1 0.9053125 0.3958333333333333 0.123125 0.165
1 0.8571875 0.4245833333333333 0.110625 0.1475
1 0.7040625 0.4320833333333333 0.138125 0.18416666666666667
0 0.2484375 0.64125 0.086875 0.11583333333333333
0 0.2875 0.4841666666666667 0.0875 0.11666666666666667