0 0.60375 0.3566666666666667 0.0625 0.08333333333333333
1 0.89 0.23666666666666666 0.07125 0.09166666666666666
1 0.5971875 0.17875 0.075625 0.1125
0 0.27625 0.915 0.07375 0.095
0 0.1234375 0.8925 0.059375 0.085
0 0.8 0.5758333333333333 0.06375 0.085
0 0.3796875 0.36583333333333334 0.061875 0.08666666666666667
0 0.6621875 0.5495833333333333 0.065625 0.0975
0 0.349375 0.2275 0.065 0.085
0 0.373125 0.9241666666666667 0.06375 0.085
0 0.865 0.165 0.0675 0.09333333333333334
0 0.04 0.5266666666666666 0.06 0.08333333333333333
0 0.2509375 0.15916666666666668 0.058125 0.07833333333333334
0 0.81875 0.7116666666666667 0.06 0.08
0 0.139375 0.6979166666666666 0.05375 0.09083333333333334
0 0.0490625 0.7425 0.060625 0.085
0 0.734375 0.5029166666666667 0.0725 0.09416666666666666
0 0.198125 0.41875 0.0725 0.0925
0 0.115 0.06791666666666667 0.0675 0.09083333333333334
0 0.525625 0.47875 0.06 0.0825
0 0.4040625 0.28458333333333335 0.060625 0.0775
0 0.214375 0.21458333333333332 0.0725 0.0875
0 0.33625 0.4608333333333333 0.06375 0.08666666666666667
0 0.133125 0.255 0.0625 0.09833333333333333
0 0.623125 0.05625 0.065 0.0975
0 0.4090625 0.18625 0.068125 0.09583333333333334
0 0.659375 0.87 0.06875 0.09
0 0.3390625 0.72625 0.069375 0.08583333333333333
0 0.091875 0.11208333333333333 0.06625 0.07916666666666666
0 0.445 0.4 0.0725 0.08833333333333333
0 0.77625 0.20458333333333334 0.0625 0.08583333333333333
0 0.1253125 0.5054166666666666 0.060625 0.07916666666666666
0 0.3028125 0.535 0.059375 0.09166666666666666
0 0.5190625 0.11916666666666667 0.070625 0.095
0 0.52125 0.30666666666666664 0.0625 0.09166666666666666
0 0.5928125 0.6541666666666667 0.059375 0.1
0 0.239375 0.5395833333333333 0.05625 0.09083333333333334
0 0.18375 0.5425 0.0625 0.07333333333333333
0 0.8028125 0.8279166666666666 0.065625 0.08583333333333333
0 0.7996875 0.8879166666666667 0.064375 0.08583333333333333
0 0.900625 0.5291666666666667 0.07375 0.075
0 0.179375 0.6141666666666666 0.08375 0.07666666666666666
0 0.1584375 0.61 0.063125 0.09666666666666666
0 0.2659375 0.6016666666666667 0.061875 0.08333333333333333
0 0.461875 0.2708333333333333 0.065 0.09833333333333333
0 0.3665625 0.5154166666666666 0.071875 0.10083333333333333
0 0.6334375 0.9516666666666667 0.064375 0.09166666666666666
0 0.4471875 0.5520833333333334 0.073125 0.08583333333333333
0 0.8234375 0.46875 0.064375 0.10916666666666666
0 0.085625 0.6841666666666667 0.06125 0.09333333333333334
0 0.42625 0.49291666666666667 0.0625 0.1025
0 0.4275 0.6258333333333334 0.08625 0.08333333333333333
0 0.3784375 0.67625 0.075625 0.11416666666666667
0 0.0571875 0.44208333333333333 0.066875 0.1175
0 0.924375 0.12291666666666666 0.055 0.10583333333333333
0 0.751875 0.8883333333333333 0.04625 0.085
0 0.681875 0.9070833333333334 0.06375 0.0925