0 0.5208333333333334 0.8145336225596529 0.058127572016460904 0.08315256688358641
0 0.6378600823045267 0.4913232104121475 0.06172839506172839 0.0918293564714389
0 0.9331275720164609 0.3604483007953724 0.06893004115226338 0.09616775126536514
0 0.650977366255144 0.10954446854663774 0.06738683127572016 0.08749096167751265
0 0.7890946502057613 0.09399855386840203 0.06995884773662552 0.08966015907447578
0 0.801954732510288 0.3900939985538684 0.07098765432098765 0.09761388286334056
0 0.9377572016460906 0.15220535068691252 0.06995884773662552 0.09616775126536514
0 0.779320987654321 0.7161966738973247 0.07613168724279835 0.09616775126536514
0 0.7947530864197531 0.5383224873463485 0.0720164609053498 0.09761388286334056
0 0.6116255144032922 0.5676066522053507 0.06172839506172839 0.09544468546637744
0 0.21733539094650206 0.482646420824295 0.06532921810699588 0.09038322487346348
0 0.11754115226337448 0.7114967462039046 0.06944444444444445 0.08821402747650037
0 0.6206275720164609 0.7429501084598699 0.07973251028806584 0.1005061460592914
0 0.43724279835390945 0.5542299349240781 0.060699588477366256 0.08170643528561099
0 0.45987654320987653 0.3872017353579176 0.0720164609053498 0.09472161966738973
0 0.5715020576131687 0.6793203181489516 0.0668724279835391 0.09616775126536514
0 0.753343621399177 0.6279826464208242 0.07253086419753087 0.09327548806941431
0 0.5010288065843621 0.31127982646420826 0.07510288065843622 0.0918293564714389
0 0.4750514403292181 0.8763557483731019 0.058127572016460904 0.07809110629067245
0 0.12371399176954732 0.19342010122921185 0.07253086419753087 0.08459869848156182
0 0.5907921810699589 0.46818510484454084 0.06532921810699588 0.1005061460592914
0 0.04938271604938271 0.779464931308749 0.07304526748971193 0.08387563268257411
0 0.8706275720164609 0.39515545914678235 0.07458847736625514 0.10484454085321765
0 0.19753086419753085 0.06073752711496746 0.07716049382716049 0.0824295010845987
0 0.5262345679012346 0.128705712219812 0.06790123456790123 0.08966015907447578
0 0.5 0.46673897324656544 0.06584362139917696 0.09906001446131597
0 0.8940329218106996 0.07086044830079537 0.07510288065843622 0.10267534345625452
0 0.3325617283950617 0.4660159074475777 0.05709876543209876 0.08749096167751265
0 0.5406378600823045 0.3799710773680405 0.07098765432098765 0.0918293564714389
0 0.1823559670781893 0.9544468546637744 0.05709876543209876 0.08387563268257411
0 0.8955761316872428 0.5582067968185105 0.08539094650205761 0.09544468546637744
0 0.8729423868312757 0.7924801156905278 0.08024691358024691 0.1012292118582791
0 0.9544753086419753 0.660882140274765 0.08076131687242798 0.10412147505422993
0 0.36342592592592593 0.5 0.05092592592592592 0.0730296456977585
0 0.5362654320987654 0.8911785972523499 0.06430041152263374 0.08459869848156182
0 0.5601851851851852 0.06399132321041215 0.04938271604938271 0.06869125090383225
0 0.5877057613168725 0.2592190889370933 0.04681069958847737 0.06869125090383225
0 0.45627572016460904 0.6648590021691974 0.05555555555555555 0.0730296456977585
0 0.5457818930041153 0.9345625451916124 0.053497942386831275 0.08170643528561099
0 0.5354938271604939 0.42950108459869846 0.05864197530864197 0.08676789587852494
1 0.5704732510288066 0.17317425885755602 0.08333333333333333 0.11062906724511931
1 0.12988683127572018 0.8195950831525669 0.06532921810699588 0.07736804049168475
1 0.4174382716049383 0.6482284887924801 0.06327160493827161 0.08459869848156182