0 0.741875 0.0925 0.06625 0.09333333333333334
0 0.8971875 0.19458333333333333 0.073125 0.07916666666666666
0 0.411875 0.2833333333333333 0.0675 0.07833333333333334
0 0.5690625 0.24333333333333335 0.073125 0.09333333333333334
0 0.1871875 0.4875 0.085625 0.09333333333333334
0 0.7884375 0.37166666666666665 0.075625 0.09
0 0.405625 0.49 0.075 0.09333333333333334
0 0.3171875 0.12125 0.070625 0.0725
0 0.6065625 0.7525 0.073125 0.09666666666666666
0 0.2303125 0.57625 0.085625 0.09416666666666666
0 0.44625 0.7108333333333333 0.06875 0.09
0 0.49625 0.2783333333333333 0.07 0.07833333333333334
0 0.934375 0.4195833333333333 0.07875 0.08583333333333333
0 0.8171875 0.7258333333333333 0.073125 0.07833333333333334
0 0.12 0.7654166666666666 0.07875 0.08583333333333333
0 0.2209375 0.81625 0.076875 0.09916666666666667
0 0.7009375 0.535 0.071875 0.09666666666666666
0 0.218125 0.7075 0.08 0.08166666666666667
0 0.168125 0.92125 0.07125 0.09916666666666667
0 0.8615625 0.4325 0.083125 0.08166666666666667
0 0.6575 0.7891666666666667 0.07875 0.075
0 0.8178125 0.55875 0.061875 0.09083333333333334
0 0.040625 0.09291666666666666 0.07 0.0975
0 0.82375 0.6441666666666667 0.0825 0.07833333333333334
0 0.1203125 0.8975 0.068125 0.09333333333333334
0 0.273125 0.365 0.07875 0.11166666666666666
0 0.8675 0.5758333333333333 0.07375 0.09833333333333333
0 0.085 0.4708333333333333 0.075 0.095
0 0.4728125 0.44083333333333335 0.074375 0.08333333333333333
0 0.3715625 0.6891666666666667 0.081875 0.11166666666666666
0 0.8228125 0.79875 0.083125 0.0725
0 0.3840625 0.16291666666666665 0.070625 0.09083333333333334
0 0.905 0.8983333333333333 0.0825 0.07666666666666666
0 0.1590625 0.66875 0.105625 0.0775
0 0.9 0.83375 0.08125 0.0725
0 0.54875 0.8229166666666666 0.09625 0.08583333333333333
0 0.9290625 0.70625 0.065625 0.09916666666666667
0 0.88125 0.49291666666666667 0.08875 0.07083333333333333
0 0.0640625 0.4195833333333333 0.084375 0.06916666666666667
0 0.3575 0.19791666666666666 0.0675 0.09583333333333334
0 0.9271875 0.6258333333333334 0.091875 0.06333333333333334
0 0.7721875 0.8279166666666666 0.071875 0.09583333333333334
0 0.9584375 0.043333333333333335 0.070625 0.08666666666666667
0 0.6 0.0375 0.0775 0.075
0 0.7125 0.7095833333333333 0.08 0.09916666666666667