0 0.074375 0.2 0.06 0.09
0 0.15875 0.2608333333333333 0.07 0.09666666666666666
0 0.080625 0.29 0.06375 0.08666666666666667
0 0.14625 0.38916666666666666 0.0675 0.07833333333333334
0 0.2653125 0.47875 0.069375 0.0875
0 0.064375 0.47791666666666666 0.0725 0.09916666666666667
0 0.0375 0.5316666666666666 0.07 0.1
0 0.1325 0.52625 0.06875 0.10416666666666667
0 0.19375 0.49083333333333334 0.06875 0.09666666666666666
0 0.1334375 0.06916666666666667 0.078125 0.09333333333333334
0 0.2040625 0.08 0.066875 0.085
0 0.27375 0.07041666666666667 0.0775 0.10083333333333333
0 0.3534375 0.12666666666666668 0.074375 0.1
0 0.066875 0.7133333333333334 0.0775 0.1
0 0.1115625 0.6766666666666666 0.073125 0.09833333333333333
0 0.246875 0.6216666666666667 0.085 0.10333333333333333
0 0.0840625 0.8120833333333334 0.074375 0.10083333333333333
0 0.1721875 0.80375 0.066875 0.10416666666666667
0 0.1365625 0.89375 0.074375 0.09416666666666666
0 0.2634375 0.85625 0.068125 0.0975
0 0.34625 0.80375 0.07 0.11416666666666667
0 0.3253125 0.73125 0.081875 0.0925
0 0.4253125 0.8170833333333334 0.073125 0.1075
0 0.4578125 0.8775 0.071875 0.09166666666666666
0 0.4553125 0.94625 0.076875 0.10083333333333333
0 0.53125 0.8591666666666666 0.0675 0.09166666666666666
0 0.4896875 0.6633333333333333 0.076875 0.11166666666666666
0 0.441875 0.36333333333333334 0.0825 0.09
0 0.3775 0.2375 0.08625 0.09666666666666666
0 0.56875 0.415 0.08125 0.08166666666666667
0 0.4728125 0.12333333333333334 0.088125 0.09666666666666666
0 0.563125 0.051666666666666666 0.08 0.08666666666666667
0 0.75125 0.10625 0.07125 0.0975
0 0.851875 0.25583333333333336 0.07625 0.10666666666666667
0 0.6275 0.19041666666666668 0.06875 0.09583333333333334
0 0.6721875 0.25833333333333336 0.074375 0.095
0 0.6740625 0.37416666666666665 0.073125 0.085
0 0.740625 0.4320833333333333 0.065 0.09916666666666667
0 0.693125 0.48375 0.0625 0.0725
0 0.6725 0.49833333333333335 0.06375 0.09166666666666666
0 0.8215625 0.4454166666666667 0.076875 0.09916666666666667
0 0.87375 0.5091666666666667 0.06375 0.09
0 0.77875 0.5620833333333334 0.0775 0.09416666666666666
0 0.8321875 0.6283333333333333 0.070625 0.1
0 0.8096875 0.6391666666666667 0.094375 0.095
0 0.71375 0.6420833333333333 0.075 0.10416666666666667
0 0.560625 0.6429166666666667 0.0675 0.10583333333333333
0 0.5871875 0.6970833333333334 0.080625 0.1025
0 0.665625 0.7008333333333333 0.06375 0.095
0 0.649375 0.9345833333333333 0.06875 0.10083333333333333
0 0.6225 0.8170833333333334 0.07125 0.10083333333333333
0 0.6103125 0.85625 0.073125 0.09416666666666666
0 0.770625 0.89375 0.06875 0.09416666666666666
0 0.8228125 0.7591666666666667 0.074375 0.10333333333333333
0 0.9375 0.29 0.07625 0.1
0 0.9296875 0.32166666666666666 0.084375 0.09166666666666666
0 0.9503125 0.43625 0.071875 0.11416666666666667
0 0.936875 0.7125 0.075 0.10166666666666667
0 0.951875 0.8283333333333334 0.0625 0.095
0 0.874375 0.825 0.08 0.08833333333333333
0 0.855 0.93 0.0675 0.095
0 0.9215625 0.955 0.068125 0.08666666666666667