0 0.25 0.24541666666666667 0.0675 0.09416666666666666
0 0.098125 0.7420833333333333 0.07625 0.0975
0 0.6296875 0.5541666666666667 0.059375 0.08333333333333333
0 0.530625 0.6683333333333333 0.06 0.07666666666666666
0 0.4153125 0.4091666666666667 0.071875 0.08166666666666667
0 0.5921875 0.6116666666666667 0.058125 0.07666666666666666
0 0.6821875 0.16625 0.059375 0.09583333333333334
0 0.59375 0.89125 0.0625 0.07583333333333334
0 0.698125 0.36791666666666667 0.065 0.08583333333333333
0 0.8175 0.5154166666666666 0.0675 0.08416666666666667
0 0.106875 0.47375 0.07125 0.08916666666666667
0 0.7121875 0.5779166666666666 0.066875 0.09583333333333334
0 0.959375 0.6504166666666666 0.0725 0.10083333333333333
0 0.071875 0.8570833333333333 0.0675 0.08916666666666667
0 0.7203125 0.86125 0.069375 0.08416666666666667
0 0.6290625 0.8045833333333333 0.069375 0.09083333333333334
0 0.22 0.40125 0.06625 0.0875
0 0.950625 0.24916666666666668 0.0625 0.09166666666666666
0 0.2028125 0.8795833333333334 0.074375 0.0875
0 0.1375 0.3541666666666667 0.06625 0.06833333333333333
0 0.953125 0.4625 0.06125 0.095
0 0.3671875 0.6179166666666667 0.064375 0.0925
0 0.175 0.2925 0.0775 0.1
0 0.949375 0.3729166666666667 0.08 0.09416666666666666
0 0.12875 0.6008333333333333 0.055 0.07166666666666667
0 0.8740625 0.37875 0.063125 0.08916666666666667
0 0.24875 0.4579166666666667 0.06875 0.09083333333333334
0 0.175625 0.09333333333333334 0.0625 0.08333333333333333
0 0.805 0.19125 0.0875 0.0875
0 0.4059375 0.32708333333333334 0.069375 0.0775
0 0.4453125 0.7658333333333334 0.080625 0.09333333333333334
0 0.704375 0.94125 0.0725 0.08916666666666667
0 0.2771875 0.82125 0.070625 0.0875
0 0.58 0.4166666666666667 0.07 0.09166666666666666
0 0.7790625 0.60125 0.061875 0.09416666666666666
1 0.8871875 0.4658333333333333 0.070625 0.105
0 0.8575 0.6270833333333333 0.07125 0.09416666666666666
0 0.96 0.7558333333333334 0.07875 0.10333333333333333
0 0.105625 0.6608333333333334 0.06625 0.07666666666666666
0 0.344375 0.19125 0.06625 0.07583333333333334
0 0.3721875 0.7979166666666667 0.069375 0.09583333333333334
1 0.7596875 0.7754166666666666 0.070625 0.09916666666666667
0 0.7934375 0.84625 0.060625 0.08416666666666667
0 0.5115625 0.37333333333333335 0.059375 0.07833333333333334
0 0.7190625 0.5220833333333333 0.065625 0.07916666666666666
0 0.7859375 0.3854166666666667 0.078125 0.09083333333333334
0 0.1140625 0.19291666666666665 0.066875 0.07916666666666666
0 0.6409375 0.17875 0.059375 0.08916666666666667
0 0.3921875 0.49875 0.073125 0.0875
0 0.6521875 0.7204166666666667 0.064375 0.08416666666666667
1 0.1246875 0.12583333333333332 0.073125 0.105
0 0.56375 0.07541666666666667 0.0625 0.09083333333333334
0 0.8334375 0.4275 0.068125 0.08666666666666667
0 0.619375 0.11083333333333334 0.075 0.09833333333333333
0 0.5671875 0.20625 0.069375 0.08416666666666667
0 0.6525 0.6591666666666667 0.0525 0.07833333333333334
0 0.5709375 0.16333333333333333 0.068125 0.07666666666666666
0 0.96875 0.9175 0.05625 0.07166666666666667