0 0.7996875 0.32625 0.109375 0.14583333333333334
0 0.746875 0.5854166666666667 0.0975 0.13083333333333333
0 0.4753125 0.5608333333333333 0.106875 0.14166666666666666
0 0.8728125 0.8070833333333334 0.106875 0.1425
0 0.8475 0.6533333333333333 0.1025 0.13666666666666666
0 0.1303125 0.14416666666666667 0.099375 0.13333333333333333
0 0.945625 0.6583333333333333 0.105 0.14
0 0.0596875 0.4479166666666667 0.114375 0.1525
0 0.4596875 0.46625 0.109375 0.14583333333333334
0 0.916875 0.48041666666666666 0.0975 0.12916666666666668
0 0.8228125 0.5479166666666667 0.101875 0.13583333333333333
0 0.156875 0.6695833333333333 0.10375 0.1375
0 0.476875 0.26916666666666667 0.1 0.13333333333333333
0 0.229375 0.6825 0.1125 0.15
0 0.368125 0.8016666666666666 0.0975 0.13
0 0.339375 0.29041666666666666 0.1075 0.1425
0 0.3421875 0.0825 0.104375 0.14
0 0.6903125 0.9045833333333333 0.106875 0.1425
0 0.2553125 0.6129166666666667 0.099375 0.1325
0 0.3359375 0.62125 0.105625 0.14083333333333334
0 0.4334375 0.16708333333333333 0.103125 0.1375
0 0.246875 0.775 0.0925 0.12333333333333334
0 0.2625 0.21291666666666667 0.09875 0.1325
0 0.366875 0.155 0.10125 0.135
0 0.57 0.4945833333333333 0.11625 0.15583333333333332
0 0.1971875 0.29 0.110625 0.14666666666666667
0 0.8084375 0.855 0.113125 0.15166666666666667
0 0.11375 0.26666666666666666 0.11 0.14666666666666667
0 0.291875 0.5541666666666667 0.11375 0.15166666666666667
0 0.5796875 0.3595833333333333 0.111875 0.14916666666666667
0 0.266875 0.7908333333333334 0.08875 0.11833333333333333
0 0.404375 0.25583333333333336 0.0975 0.13
0 0.5153125 0.13208333333333333 0.105625 0.14083333333333334
0 0.3403125 0.19458333333333333 0.105625 0.14083333333333334
0 0.1159375 0.3129166666666667 0.101875 0.13583333333333333
0 0.5096875 0.34458333333333335 0.104375 0.13916666666666666
1 0.6321875 0.7183333333333334 0.143125 0.19166666666666668
0 0.163125 0.09833333333333333 0.09 0.12
0 0.678125 0.7304166666666667 0.0925 0.1225
0 0.495 0.3720833333333333 0.10125 0.13416666666666666
0 0.8275 0.88 0.1025 0.13666666666666666
0 0.45125 0.19625 0.1 0.1325
0 0.55375 0.3566666666666667 0.09375 0.125