0 0.8578125 0.5754166666666667 0.114375 0.1525
0 0.91375 0.50375 0.09875 0.1325
0 0.8021875 0.34125 0.113125 0.15083333333333335
0 0.626875 0.8854166666666666 0.10125 0.13416666666666666
0 0.1884375 0.5829166666666666 0.115625 0.15416666666666667
0 0.2603125 0.6645833333333333 0.108125 0.14416666666666667
0 0.140625 0.23 0.1125 0.15
0 0.4765625 0.33375 0.111875 0.14916666666666667
1 0.645625 0.5445833333333333 0.125 0.1675
0 0.6659375 0.12791666666666668 0.108125 0.14416666666666667
0 0.730625 0.6591666666666667 0.105 0.14
0 0.4121875 0.44625 0.100625 0.13416666666666666
0 0.54875 0.8866666666666667 0.10125 0.135
1 0.2709375 0.20083333333333334 0.120625 0.16166666666666665
0 0.5278125 0.31958333333333333 0.100625 0.13416666666666666
0 0.431875 0.61625 0.1125 0.15083333333333335
0 0.33625 0.1075 0.105 0.14
0 0.43625 0.0975 0.11125 0.14833333333333334
0 0.2153125 0.28 0.099375 0.13166666666666665
0 0.3559375 0.25583333333333336 0.106875 0.14333333333333334
0 0.75375 0.25083333333333335 0.09375 0.125
0 0.328125 0.7933333333333333 0.10875 0.145
0 0.5175 0.7125 0.1075 0.14333333333333334
0 0.8684375 0.6954166666666667 0.101875 0.13583333333333333
0 0.9034375 0.6158333333333333 0.115625 0.155
0 0.52875 0.6729166666666667 0.12 0.16083333333333333
0 0.3259375 0.18291666666666667 0.100625 0.13416666666666666
0 0.44375 0.3541666666666667 0.1125 0.15