0 0.2953125 0.8520833333333333 0.068125 0.0975
0 0.2065625 0.7066666666666667 0.069375 0.09333333333333334
0 0.5846875 0.1925 0.069375 0.095
0 0.351875 0.07791666666666666 0.07625 0.0925
0 0.548125 0.7516666666666667 0.0775 0.09166666666666666
0 0.515625 0.43083333333333335 0.0775 0.09166666666666666
0 0.5021875 0.32083333333333336 0.064375 0.10333333333333333
0 0.7634375 0.28625 0.070625 0.0925
0 0.5184375 0.17083333333333334 0.070625 0.10166666666666667
0 0.5609375 0.6079166666666667 0.070625 0.09583333333333334
0 0.6265625 0.4775 0.076875 0.09833333333333333
0 0.2509375 0.3545833333333333 0.075625 0.1025
0 0.703125 0.46375 0.07875 0.10916666666666666
0 0.359375 0.5854166666666667 0.0725 0.10416666666666667
0 0.820625 0.19958333333333333 0.0775 0.09916666666666667
0 0.3240625 0.30291666666666667 0.084375 0.1025
0 0.7109375 0.2025 0.078125 0.09333333333333334
0 0.2884375 0.5483333333333333 0.073125 0.10333333333333333
0 0.4196875 0.8233333333333334 0.084375 0.09666666666666666
0 0.24875 0.47041666666666665 0.07375 0.09083333333333334
0 0.183125 0.07 0.0725 0.095
0 0.71125 0.6641666666666667 0.065 0.10333333333333333