0 0.2040625 0.2504166666666667 0.065625 0.09083333333333334
0 0.2928125 0.5704166666666667 0.061875 0.07916666666666666
0 0.101875 0.32416666666666666 0.05625 0.07166666666666667
0 0.168125 0.3770833333333333 0.07 0.09416666666666666
0 0.7296875 0.46458333333333335 0.066875 0.0875
0 0.200625 0.56625 0.0725 0.09083333333333334
0 0.7471875 0.19583333333333333 0.064375 0.075
0 0.789375 0.5583333333333333 0.0525 0.075
0 0.4771875 0.40041666666666664 0.063125 0.08083333333333333
0 0.7940625 0.4170833333333333 0.066875 0.08916666666666667
0 0.90875 0.44333333333333336 0.0675 0.07333333333333333
0 0.3328125 0.051666666666666666 0.066875 0.08166666666666667
0 0.9196875 0.515 0.061875 0.07166666666666667
0 0.38375 0.4225 0.05625 0.075
0 0.954375 0.70375 0.06125 0.060833333333333336
0 0.58625 0.4525 0.07875 0.08833333333333333
0 0.411875 0.6291666666666667 0.05875 0.085
0 0.72875 0.5591666666666667 0.06375 0.08
0 0.6384375 0.5275 0.069375 0.09166666666666666
0 0.1359375 0.5170833333333333 0.068125 0.0825
0 0.1046875 0.59625 0.070625 0.09083333333333334
0 0.6659375 0.88625 0.061875 0.08583333333333333
0 0.1403125 0.2825 0.066875 0.09166666666666666
0 0.8921875 0.6308333333333334 0.070625 0.09
0 0.9578125 0.59 0.054375 0.1
0 0.31 0.4454166666666667 0.0725 0.08916666666666667
0 0.37625 0.5558333333333333 0.0625 0.07833333333333334
0 0.0490625 0.8233333333333334 0.055625 0.07833333333333334
0 0.680625 0.54625 0.0575 0.08916666666666667
0 0.800625 0.7575 0.05625 0.08166666666666667
1 0.52625 0.9304166666666667 0.0875 0.1125
0 0.4878125 0.07291666666666667 0.069375 0.0825
0 0.60875 0.845 0.06 0.085
0 0.168125 0.6291666666666667 0.0675 0.08833333333333333
0 0.474375 0.4870833333333333 0.075 0.09583333333333334
0 0.8603125 0.60875 0.068125 0.0775
0 0.405 0.11208333333333333 0.06375 0.08916666666666667
0 0.248125 0.32083333333333336 0.06 0.09
0 0.0971875 0.7420833333333333 0.066875 0.0925
0 0.4684375 0.6495833333333333 0.056875 0.07916666666666666
0 0.8803125 0.7320833333333333 0.079375 0.0875
0 0.4403125 0.8279166666666666 0.081875 0.1125
0 0.318125 0.39875 0.05875 0.07916666666666666
1 0.8815625 0.3675 0.088125 0.1
0 0.5040625 0.8175 0.069375 0.08333333333333333
0 0.3959375 0.4920833333333333 0.066875 0.08583333333333333
0 0.544375 0.11416666666666667 0.07875 0.10333333333333333
0 0.8296875 0.09 0.073125 0.095
0 0.3165625 0.34833333333333333 0.073125 0.09666666666666666
0 0.443125 0.29541666666666666 0.075 0.0825
0 0.4875 0.22541666666666665 0.0575 0.09083333333333334
0 0.59125 0.19 0.0675 0.095
0 0.5290625 0.25833333333333336 0.065625 0.085
0 0.1428125 0.7033333333333334 0.066875 0.08666666666666667
0 0.325 0.14416666666666667 0.05875 0.07833333333333334
0 0.4265625 0.24541666666666667 0.071875 0.08083333333333333
0 0.89375 0.7995833333333333 0.06 0.07083333333333333
0 0.4859375 0.6175 0.065625 0.08333333333333333
0 0.2971875 0.19625 0.065625 0.0925
1 0.8428125 0.81375 0.081875 0.09083333333333334
1 0.4121875 0.7404166666666666 0.068125 0.1225
1 0.424375 0.19166666666666668 0.07125 0.058333333333333334
0 0.405625 0.06833333333333333 0.0625 0.07666666666666666
0 0.1009375 0.7966666666666666 0.058125 0.07833333333333334
0 0.260625 0.24333333333333335 0.06375 0.08
0 0.276875 0.17041666666666666 0.05875 0.0875
0 0.914375 0.07791666666666666 0.05875 0.0875
0 0.8403125 0.5304166666666666 0.063125 0.08083333333333333
0 0.858125 0.9 0.06125 0.07833333333333334
0 0.4746875 0.7258333333333333 0.061875 0.075
0 0.51 0.7691666666666667 0.0575 0.08
0 0.576875 0.35 0.0975 0.10833333333333334
0 0.96375 0.12375 0.06125 0.0725
0 0.874375 0.1175 0.06625 0.07166666666666667
0 0.945625 0.205 0.055 0.09333333333333334
0 0.925 0.3125 0.0725 0.07666666666666666
0 0.3021875 0.49291666666666667 0.088125 0.06916666666666667
0 0.9178125 0.26 0.070625 0.075
0 0.638125 0.18875 0.06 0.0925
0 0.5809375 0.22916666666666666 0.065625 0.09833333333333333