0 0.684375 0.6466666666666666 0.06375 0.08
0 0.430625 0.34208333333333335 0.0725 0.08916666666666667
0 0.805625 0.33958333333333335 0.08125 0.1025
0 0.51125 0.3545833333333333 0.065 0.0875
0 0.341875 0.92625 0.07625 0.1025
0 0.531875 0.5483333333333333 0.06 0.07666666666666666
0 0.475 0.7804166666666666 0.0675 0.0975
0 0.7871875 0.1725 0.058125 0.08166666666666667
0 0.430625 0.25166666666666665 0.075 0.095
0 0.5615625 0.6004166666666667 0.055625 0.0825
0 0.720625 0.8041666666666667 0.07 0.09
0 0.461875 0.17458333333333334 0.0675 0.0925
0 0.3896875 0.66125 0.059375 0.08916666666666667
0 0.42375 0.5116666666666667 0.06875 0.09666666666666666
0 0.3453125 0.39166666666666666 0.063125 0.09
0 0.39875 0.765 0.055 0.09166666666666666
0 0.8009375 0.9316666666666666 0.069375 0.10166666666666667
0 0.5728125 0.3929166666666667 0.064375 0.09083333333333334
0 0.22 0.17208333333333334 0.07375 0.07416666666666667
0 0.35375 0.71375 0.06125 0.07083333333333333
0 0.5590625 0.7204166666666667 0.056875 0.08416666666666667
0 0.2965625 0.3545833333333333 0.068125 0.0875
0 0.74875 0.715 0.06625 0.08666666666666667
0 0.290625 0.865 0.0675 0.1
0 0.6740625 0.11541666666666667 0.068125 0.08083333333333333
0 0.6075 0.36833333333333335 0.0625 0.08666666666666667
0 0.5615625 0.3075 0.063125 0.085
0 0.4678125 0.6404166666666666 0.065625 0.0775
0 0.7971875 0.8279166666666666 0.063125 0.07583333333333334
0 0.713125 0.5691666666666667 0.07625 0.07
1 0.1953125 0.08708333333333333 0.079375 0.0925
0 0.1721875 0.44708333333333333 0.064375 0.07583333333333334
1 0.648125 0.06333333333333334 0.09 0.09
0 0.1896875 0.22083333333333333 0.054375 0.06666666666666667
0 0.764375 0.10416666666666667 0.0625 0.07666666666666666
0 0.750625 0.17875 0.07625 0.0875
0 0.7028125 0.52625 0.070625 0.08083333333333333
0 0.595625 0.6591666666666667 0.055 0.07333333333333333
1 0.46 0.09666666666666666 0.105 0.09333333333333334
0 0.2153125 0.03666666666666667 0.050625 0.06333333333333334
0 0.843125 0.81875 0.06125 0.0825