0 0.5415625 0.22791666666666666 0.101875 0.13583333333333333
0 0.4134375 0.8929166666666667 0.089375 0.11916666666666667
0 0.615625 0.13416666666666666 0.1125 0.15
0 0.535 0.41791666666666666 0.0875 0.11583333333333333
0 0.61375 0.5416666666666666 0.08125 0.10833333333333334
0 0.683125 0.7008333333333333 0.09375 0.125
0 0.816875 0.6891666666666667 0.105 0.14
0 0.555 0.7608333333333334 0.10125 0.135
0 0.7015625 0.5666666666666667 0.109375 0.145
0 0.7721875 0.47833333333333333 0.106875 0.14166666666666666
0 0.391875 0.7795833333333333 0.11375 0.1525
0 0.1515625 0.8683333333333333 0.108125 0.145
0 0.4415625 0.4266666666666667 0.099375 0.13166666666666665
0 0.60375 0.42125 0.10625 0.1425
0 0.434375 0.13041666666666665 0.095 0.12583333333333332
0 0.76875 0.38958333333333334 0.09625 0.12916666666666668
0 0.0615625 0.7120833333333333 0.101875 0.13583333333333333
0 0.501875 0.10666666666666667 0.09875 0.13166666666666665
0 0.68125 0.25833333333333336 0.0875 0.11666666666666667
0 0.370625 0.2679166666666667 0.11125 0.1475
0 0.22 0.465 0.11375 0.15166666666666667
0 0.285625 0.22916666666666666 0.11 0.14666666666666667
0 0.8815625 0.16791666666666666 0.105625 0.14083333333333334
0 0.8159375 0.25333333333333335 0.106875 0.14166666666666666