0 0.6396875 0.7020833333333333 0.083125 0.11083333333333334
0 0.47125 0.8733333333333333 0.0825 0.11
0 0.359375 0.4475 0.0875 0.11666666666666667
0 0.2634375 0.65 0.090625 0.12
0 0.40875 0.3129166666666667 0.10625 0.14083333333333334
1 0.845625 0.3433333333333333 0.10875 0.145
0 0.1334375 0.6020833333333333 0.091875 0.1225
0 0.621875 0.6295833333333334 0.08875 0.1175
0 0.39125 0.6966666666666667 0.1 0.13333333333333333
0 0.2515625 0.8425 0.095625 0.12833333333333333
0 0.7209375 0.41375 0.093125 0.12416666666666666
0 0.28 0.925 0.1025 0.13666666666666666
0 0.5809375 0.5041666666666667 0.090625 0.12
1 0.4859375 0.7870833333333334 0.113125 0.15083333333333335
0 0.7209375 0.73 0.100625 0.13333333333333333
0 0.7728125 0.08458333333333333 0.085625 0.11416666666666667
0 0.7815625 0.6279166666666667 0.106875 0.1425
0 0.2371875 0.58375 0.089375 0.11916666666666667
0 0.185 0.4295833333333333 0.09125 0.12083333333333333
0 0.7040625 0.19875 0.081875 0.10916666666666666
0 0.08875 0.4875 0.09 0.12
0 0.3503125 0.2025 0.095625 0.12833333333333333
0 0.328125 0.13083333333333333 0.0975 0.13
0 0.72875 0.2658333333333333 0.08625 0.115
0 0.7071875 0.12208333333333334 0.095625 0.1275
0 0.7965625 0.27791666666666665 0.100625 0.13416666666666666
0 0.578125 0.15666666666666668 0.0825 0.11
1 0.6309375 0.19708333333333333 0.104375 0.13916666666666666