0 0.2428125 0.9154166666666667 0.061875 0.0825
0 0.590625 0.59375 0.0625 0.0775
0 0.2071875 0.8320833333333333 0.061875 0.0825
0 0.471875 0.40125 0.0775 0.09583333333333334
0 0.251875 0.7254166666666667 0.06875 0.08916666666666667
0 0.7078125 0.7258333333333333 0.064375 0.08333333333333333
0 0.218125 0.5883333333333334 0.07 0.09333333333333334
0 0.8153125 0.9125 0.065625 0.08333333333333333
0 0.285 0.07916666666666666 0.06125 0.09
0 0.40875 0.5679166666666666 0.07625 0.10583333333333333
0 0.3571875 0.23583333333333334 0.073125 0.09666666666666666
0 0.2028125 0.68625 0.064375 0.0875
0 0.5765625 0.7179166666666666 0.063125 0.0825
0 0.2175 0.3204166666666667 0.07375 0.08916666666666667
0 0.19625 0.10666666666666667 0.06625 0.09666666666666666
0 0.733125 0.06625 0.06 0.1025
0 0.6746875 0.14833333333333334 0.071875 0.09666666666666666
0 0.1921875 0.44125 0.075625 0.09416666666666666
0 0.5040625 0.5329166666666667 0.060625 0.08416666666666667
0 0.3025 0.5845833333333333 0.06375 0.0875
0 0.5034375 0.17666666666666667 0.076875 0.09833333333333333
0 0.7478125 0.28375 0.074375 0.0975
0 0.345625 0.6995833333333333 0.07 0.07583333333333334
0 0.575 0.45708333333333334 0.06875 0.07916666666666666
0 0.7721875 0.67625 0.074375 0.0875
0 0.616875 0.11458333333333333 0.06 0.09916666666666667
0 0.7653125 0.525 0.068125 0.09666666666666666
0 0.471875 0.24125 0.06375 0.08916666666666667
0 0.4221875 0.455 0.065625 0.075
0 0.819375 0.5829166666666666 0.06375 0.0875
0 0.7453125 0.7579166666666667 0.069375 0.0975
1 0.2759375 0.17583333333333334 0.094375 0.09333333333333334
0 0.360625 0.6220833333333333 0.06375 0.07083333333333333
0 0.17 0.9304166666666667 0.05625 0.07583333333333334