0 0.6121875 0.7929166666666667 0.106875 0.1425
0 0.564375 0.7175 0.0875 0.11666666666666667
0 0.74125 0.2833333333333333 0.09375 0.125
0 0.868125 0.4625 0.09625 0.12833333333333333
0 0.24125 0.1225 0.09 0.12
0 0.37125 0.4775 0.095 0.12666666666666668
0 0.325625 0.09833333333333333 0.10125 0.135
0 0.1465625 0.45625 0.080625 0.1075
0 0.3846875 0.25625 0.085625 0.11416666666666667
0 0.2296875 0.6579166666666667 0.091875 0.1225
0 0.1053125 0.59 0.091875 0.12166666666666667
0 0.6678125 0.9066666666666666 0.096875 0.12833333333333333
0 0.451875 0.6533333333333333 0.09375 0.125
0 0.9103125 0.795 0.084375 0.11333333333333333
0 0.49 0.2825 0.09 0.12
0 0.33375 0.2925 0.09875 0.13166666666666665
0 0.460625 0.7358333333333333 0.09625 0.12833333333333333
0 0.9471875 0.6720833333333334 0.080625 0.1075
0 0.69 0.8170833333333334 0.09375 0.12583333333333332
0 0.7025 0.38333333333333336 0.1025 0.13666666666666666
0 0.8034375 0.345 0.099375 0.13333333333333333
0 0.5759375 0.25416666666666665 0.093125 0.12333333333333334
0 0.4215625 0.8183333333333334 0.099375 0.13166666666666665
0 0.24375 0.7445833333333334 0.1025 0.13583333333333333
0 0.531875 0.13083333333333333 0.09125 0.12166666666666667
0 0.2871875 0.59875 0.084375 0.1125
0 0.3753125 0.9295833333333333 0.073125 0.0975
0 0.6009375 0.6558333333333334 0.085625 0.11333333333333333
0 0.51125 0.5304166666666666 0.09625 0.12916666666666668
0 0.2475 0.5591666666666667 0.09875 0.13166666666666665
0 0.176875 0.27166666666666667 0.09125 0.12166666666666667
0 0.10875 0.23708333333333334 0.09 0.11916666666666667
0 0.574375 0.06791666666666667 0.1 0.13416666666666666
0 0.416875 0.11333333333333333 0.09125 0.12166666666666667
0 0.425 0.94875 0.075 0.10083333333333333
0 0.7896875 0.22875 0.078125 0.10416666666666667
0 0.18 0.24541666666666667 0.085 0.11416666666666667
0 0.098125 0.44083333333333335 0.07375 0.09833333333333333
0 0.18375 0.73 0.0875 0.11666666666666667
0 0.47875 0.36666666666666664 0.0875 0.11666666666666667