0 0.39 0.7429166666666667 0.0625 0.0825
0 0.200625 0.4375 0.06 0.085
0 0.3021875 0.66875 0.065625 0.08083333333333333
0 0.61875 0.21666666666666667 0.07375 0.09166666666666666
0 0.8909375 0.6841666666666667 0.065625 0.08666666666666667
0 0.2371875 0.18083333333333335 0.075625 0.10666666666666667
0 0.573125 0.5033333333333333 0.07 0.08666666666666667
0 0.3971875 0.4766666666666667 0.069375 0.08666666666666667
0 0.5678125 0.7129166666666666 0.068125 0.0875
0 0.77125 0.37666666666666665 0.0625 0.09333333333333334
0 0.1403125 0.9204166666666667 0.080625 0.09583333333333334
0 0.3165625 0.08583333333333333 0.063125 0.08166666666666667
0 0.8128125 0.6370833333333333 0.068125 0.09083333333333334
0 0.4590625 0.8445833333333334 0.064375 0.09083333333333334
0 0.711875 0.17583333333333334 0.06875 0.10166666666666667
0 0.12875 0.5491666666666667 0.05875 0.08833333333333333
0 0.671875 0.46625 0.07375 0.09416666666666666
0 0.3809375 0.29833333333333334 0.060625 0.08333333333333333
0 0.7725 0.81375 0.06875 0.0925
0 0.4425 0.3129166666666667 0.06625 0.10916666666666666
0 0.6290625 0.84 0.070625 0.08666666666666667
0 0.515 0.7966666666666666 0.075 0.10666666666666667
0 0.27875 0.5929166666666666 0.0625 0.08083333333333333
0 0.51875 0.35583333333333333 0.07875 0.09
0 0.47 0.9254166666666667 0.07125 0.08083333333333333
0 0.3846875 0.195 0.063125 0.085
0 0.26 0.5270833333333333 0.0625 0.07583333333333334
0 0.285 0.92 0.07625 0.095
0 0.4965625 0.25458333333333333 0.071875 0.08416666666666667
0 0.730625 0.5695833333333333 0.05625 0.07416666666666667
1 0.69 0.7316666666666667 0.07875 0.10666666666666667
0 0.8946875 0.5020833333333333 0.059375 0.08583333333333333
0 0.280625 0.8358333333333333 0.0725 0.07166666666666667
0 0.8503125 0.43916666666666665 0.074375 0.09333333333333334
0 0.4478125 0.4266666666666667 0.061875 0.056666666666666664
0 0.0434375 0.5029166666666667 0.053125 0.07916666666666666
0 0.950625 0.6441666666666667 0.065 0.08666666666666667
0 0.8190625 0.35208333333333336 0.054375 0.10416666666666667
0 0.119375 0.23 0.0725 0.09166666666666666
0 0.61125 0.41333333333333333 0.0725 0.09166666666666666
0 0.56625 0.4141666666666667 0.06875 0.09666666666666666
0 0.8846875 0.0675 0.063125 0.08333333333333333
0 0.715 0.3120833333333333 0.05375 0.07083333333333333
0 0.70125 0.9516666666666667 0.06 0.08666666666666667
0 0.0625 0.29 0.06375 0.075
0 0.6725 0.8979166666666667 0.06375 0.10083333333333333
0 0.085625 0.4841666666666667 0.06875 0.08333333333333333
0 0.51875 0.04958333333333333 0.07375 0.0975
0 0.049375 0.8733333333333333 0.0625 0.07666666666666666
0 0.50625 0.4579166666666667 0.0675 0.0775
0 0.93 0.8704166666666666 0.05875 0.07916666666666666
0 0.825 0.07291666666666667 0.0625 0.0925
0 0.1625 0.14166666666666666 0.0575 0.07333333333333333
0 0.6209375 0.92375 0.056875 0.07083333333333333
0 0.4728125 0.7245833333333334 0.060625 0.07916666666666666
0 0.0325 0.0975 0.06 0.08833333333333333
0 0.6565625 0.36875 0.083125 0.08916666666666667
0 0.784375 0.2783333333333333 0.07875 0.09333333333333334
0 0.126875 0.715 0.05875 0.075
0 0.0646875 0.9458333333333333 0.071875 0.08833333333333333
0 0.97125 0.2075 0.055 0.08
1 0.1059375 0.3975 0.086875 0.115
1 0.1459375 0.335 0.081875 0.125
0 0.5040625 0.19583333333333333 0.050625 0.07666666666666666
0 0.8178125 0.46 0.056875 0.07833333333333334
0 0.1834375 0.08125 0.064375 0.08416666666666667
0 0.819375 0.7370833333333333 0.06 0.06916666666666667