0 0.5390625 0.18416666666666667 0.101875 0.13666666666666666
0 0.76 0.6958333333333333 0.08625 0.115
0 0.1853125 0.29 0.110625 0.14666666666666667
0 0.635 0.11083333333333334 0.0875 0.11666666666666667
0 0.575625 0.5241666666666667 0.10875 0.145
0 0.53125 0.31166666666666665 0.095 0.12666666666666668
0 0.6228125 0.41875 0.090625 0.12083333333333333
0 0.885625 0.7091666666666666 0.09375 0.125
0 0.6396875 0.22208333333333333 0.104375 0.13916666666666666
0 0.828125 0.8458333333333333 0.11625 0.155
0 0.6378125 0.5995833333333334 0.095625 0.1275
0 0.621875 0.7408333333333333 0.095 0.12666666666666668
0 0.7025 0.7570833333333333 0.09875 0.13083333333333333
0 0.7859375 0.52625 0.091875 0.1225
0 0.6409375 0.28583333333333333 0.100625 0.135
0 0.894375 0.7691666666666667 0.08875 0.11833333333333333
0 0.675 0.6729166666666667 0.0875 0.11583333333333333
0 0.498125 0.41375 0.09375 0.12416666666666666
0 0.6853125 0.14791666666666667 0.095625 0.1275
0 0.8775 0.6295833333333334 0.09375 0.12583333333333332
0 0.4440625 0.8520833333333333 0.105625 0.14083333333333334
0 0.26625 0.49166666666666664 0.09625 0.12833333333333333
0 0.2209375 0.11208333333333333 0.099375 0.1325
0 0.591875 0.6245833333333334 0.08375 0.1125
0 0.7015625 0.22208333333333333 0.080625 0.1075
0 0.679375 0.4558333333333333 0.09 0.12
0 0.653125 0.5033333333333333 0.09125 0.12166666666666667
0 0.495625 0.24333333333333335 0.09 0.12
0 0.3071875 0.8670833333333333 0.108125 0.14416666666666667
0 0.9459375 0.5495833333333333 0.083125 0.11083333333333334
0 0.560625 0.7225 0.1025 0.13666666666666666
0 0.57125 0.8225 0.10125 0.135
0 0.758125 0.3433333333333333 0.105 0.14
0 0.3934375 0.7695833333333333 0.088125 0.1175
0 0.2996875 0.09916666666666667 0.084375 0.11166666666666666
0 0.723125 0.445 0.10125 0.135
0 0.3046875 0.6229166666666667 0.098125 0.13083333333333333
0 0.3728125 0.1225 0.085625 0.11333333333333333
0 0.53375 0.5991666666666666 0.095 0.12666666666666668
0 0.7528125 0.5979166666666667 0.091875 0.1225
0 0.714375 0.6220833333333333 0.08125 0.1075
0 0.7321875 0.30541666666666667 0.099375 0.1325
0 0.0746875 0.5504166666666667 0.109375 0.14583333333333334
0 0.361875 0.6441666666666667 0.10125 0.135
0 0.7078125 0.54875 0.090625 0.12083333333333333
0 0.8053125 0.43125 0.103125 0.1375
0 0.3565625 0.6954166666666667 0.105625 0.14083333333333334
0 0.7840625 0.25125 0.100625 0.13416666666666666
1 0.844375 0.40541666666666665 0.105 0.14083333333333334
0 0.8403125 0.64625 0.098125 0.13083333333333333
0 0.8109375 0.5904166666666667 0.084375 0.1125
0 0.7790625 0.4508333333333333 0.085625 0.115
0 0.153125 0.5091666666666667 0.10625 0.14166666666666666
0 0.82625 0.31333333333333335 0.07875 0.105
0 0.194375 0.5391666666666667 0.09 0.12
0 0.5 0.89 0.07875 0.105
0 0.543125 0.84 0.09375 0.125
0 0.2821875 0.19208333333333333 0.094375 0.12583333333333332
0 0.3259375 0.19166666666666668 0.098125 0.13166666666666665
0 0.448125 0.2825 0.1 0.13333333333333333
0 0.3746875 0.83625 0.100625 0.13416666666666666
0 0.4078125 0.25875 0.105625 0.14083333333333334
0 0.701875 0.52 0.0825 0.11
0 0.4134375 0.48875 0.104375 0.13916666666666666
0 0.4384375 0.4504166666666667 0.088125 0.1175