0 0.1840625 0.9079166666666667 0.059375 0.0825
0 0.7828125 0.2945833333333333 0.066875 0.0925
0 0.3471875 0.07958333333333334 0.056875 0.08583333333333333
0 0.7959375 0.37333333333333335 0.086875 0.09
0 0.7403125 0.6958333333333333 0.088125 0.08833333333333333
0 0.6496875 0.12291666666666666 0.065625 0.10583333333333333
0 0.5159375 0.7616666666666667 0.070625 0.085
0 0.470625 0.8658333333333333 0.07875 0.10333333333333333
0 0.52125 0.22041666666666668 0.06 0.10416666666666667
0 0.74 0.17791666666666667 0.0675 0.10416666666666667
0 0.5909375 0.18958333333333333 0.068125 0.1125
0 0.28375 0.5670833333333334 0.06125 0.09916666666666667
0 0.7028125 0.13333333333333333 0.065625 0.10333333333333333
0 0.2728125 0.7708333333333334 0.056875 0.08
0 0.5615625 0.91625 0.063125 0.0825
0 0.2315625 0.66 0.073125 0.09
0 0.8171875 0.18541666666666667 0.060625 0.09916666666666667
0 0.3596875 0.6895833333333333 0.064375 0.08583333333333333
0 0.220625 0.36291666666666667 0.0525 0.0875
0 0.8096875 0.5529166666666666 0.064375 0.10083333333333333
0 0.4565625 0.10791666666666666 0.064375 0.10583333333333333
0 0.79125 0.0675 0.07125 0.09166666666666666
0 0.5378125 0.33708333333333335 0.064375 0.11583333333333333
0 0.3003125 0.6666666666666666 0.061875 0.09
0 0.7596875 0.6033333333333334 0.073125 0.1
0 0.7253125 0.7954166666666667 0.080625 0.10583333333333333
0 0.748125 0.43125 0.0875 0.10583333333333333
0 0.166875 0.07958333333333334 0.065 0.09416666666666666
0 0.66875 0.23625 0.0875 0.10583333333333333
0 0.7228125 0.6166666666666667 0.088125 0.08166666666666667
0 0.6990625 0.5425 0.088125 0.085
0 0.6078125 0.7245833333333334 0.079375 0.0875
0 0.356875 0.5741666666666667 0.07 0.08
0 0.315 0.40625 0.06375 0.11583333333333333
0 0.351875 0.4579166666666667 0.09 0.07916666666666666
0 0.261875 0.36583333333333334 0.07125 0.1
0 0.3925 0.73 0.07875 0.09333333333333334
0 0.2665625 0.2683333333333333 0.104375 0.06666666666666667
0 0.228125 0.058333333333333334 0.065 0.07666666666666666
0 0.83875 0.31833333333333336 0.06625 0.11666666666666667
0 0.1953125 0.7654166666666666 0.083125 0.08916666666666667
0 0.4784375 0.4170833333333333 0.058125 0.11583333333333333
0 0.66125 0.6004166666666667 0.05125 0.10416666666666667
0 0.5159375 0.15416666666666667 0.083125 0.09666666666666666
0 0.3965625 0.5375 0.095625 0.085
0 0.3103125 0.5120833333333333 0.083125 0.11583333333333333
0 0.4509375 0.4979166666666667 0.078125 0.09916666666666667
0 0.271875 0.19916666666666666 0.08 0.10666666666666667
0 0.364375 0.1975 0.04625 0.12166666666666667
0 0.32125 0.18083333333333335 0.05125 0.13833333333333334
0 0.4359375 0.7520833333333333 0.065625 0.09083333333333334
0 0.525625 0.059166666666666666 0.06875 0.08833333333333333
0 0.399375 0.17708333333333334 0.05625 0.11916666666666667
0 0.244375 0.11041666666666666 0.0825 0.07083333333333333
0 0.258125 0.15625 0.07 0.09416666666666666
0 0.5009375 0.08208333333333333 0.064375 0.10916666666666666
0 0.6821875 0.4454166666666667 0.070625 0.0975
0 0.42 0.63125 0.05375 0.12583333333333332
0 0.3725 0.6045833333333334 0.09 0.0725