0 0.395 0.6091666666666666 0.11625 0.155
0 0.7184375 0.51625 0.103125 0.1375
0 0.3265625 0.09666666666666666 0.106875 0.14333333333333334
0 0.656875 0.6116666666666667 0.0975 0.13
0 0.341875 0.765 0.1025 0.13666666666666666
0 0.4303125 0.30333333333333334 0.115625 0.15333333333333332
0 0.2603125 0.885 0.090625 0.12166666666666667
0 0.8584375 0.6329166666666667 0.108125 0.14416666666666667
0 0.1928125 0.47291666666666665 0.123125 0.16416666666666666
0 0.8971875 0.38958333333333334 0.101875 0.13583333333333333
0 0.905 0.295 0.105 0.14
0 0.4925 0.85625 0.1175 0.1575
0 0.724375 0.2783333333333333 0.10125 0.135
0 0.1690625 0.6683333333333333 0.101875 0.135
0 0.1684375 0.3129166666666667 0.113125 0.15083333333333335
0 0.774375 0.33 0.11 0.14666666666666667
0 0.2634375 0.50625 0.118125 0.1575
0 0.6525 0.2816666666666667 0.11125 0.14833333333333334
0 0.6671875 0.21625 0.103125 0.1375
0 0.9046875 0.4870833333333333 0.108125 0.14416666666666667
0 0.329375 0.9208333333333333 0.115 0.15333333333333332