0 0.6365625 0.15125 0.061875 0.08083333333333333
0 0.796875 0.32958333333333334 0.0575 0.07916666666666666
0 0.2996875 0.94625 0.071875 0.10583333333333333
0 0.82 0.39916666666666667 0.0675 0.085
0 0.5790625 0.47708333333333336 0.068125 0.0975
1 0.2184375 0.65 0.076875 0.1
0 0.71375 0.15291666666666667 0.06375 0.0925
0 0.750625 0.5504166666666667 0.0575 0.07916666666666666
0 0.2478125 0.5358333333333334 0.069375 0.1
0 0.3615625 0.75625 0.064375 0.08916666666666667
0 0.6359375 0.2733333333333333 0.085625 0.095
0 0.41625 0.8383333333333334 0.075 0.11
0 0.375625 0.26208333333333333 0.06875 0.0975
0 0.5678125 0.9008333333333334 0.078125 0.11166666666666666
0 0.5109375 0.85 0.064375 0.09
0 0.5521875 0.6470833333333333 0.071875 0.10083333333333333
0 0.443125 0.14333333333333334 0.05625 0.08666666666666667
0 0.3509375 0.04666666666666667 0.058125 0.09
0 0.2234375 0.46708333333333335 0.060625 0.07916666666666666
0 0.17 0.8095833333333333 0.05625 0.0825
0 0.82625 0.6470833333333333 0.06875 0.09583333333333334
0 0.55 0.105 0.06375 0.08
0 0.521875 0.49 0.06 0.08833333333333333
0 0.4046875 0.6845833333333333 0.054375 0.0875
0 0.3853125 0.49333333333333335 0.059375 0.07833333333333334
0 0.76375 0.7729166666666667 0.0625 0.09416666666666666
0 0.7578125 0.6379166666666667 0.060625 0.09916666666666667
0 0.5790625 0.58375 0.061875 0.0875
0 0.261875 0.2995833333333333 0.05875 0.07083333333333333
0 0.34 0.35041666666666665 0.06875 0.0875
0 0.5821875 0.7341666666666666 0.073125 0.10333333333333333
0 0.3021875 0.6191666666666666 0.058125 0.08333333333333333
0 0.7825 0.225 0.05625 0.07333333333333333
0 0.345 0.66 0.055 0.07166666666666667
0 0.551875 0.25458333333333333 0.06625 0.09583333333333334
0 0.6959375 0.6229166666666667 0.058125 0.07416666666666667
0 0.593125 0.7875 0.06625 0.09333333333333334
0 0.6909375 0.8616666666666667 0.061875 0.09333333333333334
0 0.636875 0.85125 0.0625 0.08916666666666667
1 0.2590625 0.7104166666666667 0.083125 0.11916666666666667
0 0.458125 0.46041666666666664 0.05125 0.07416666666666667
0 0.6084375 0.36 0.054375 0.07
0 0.643125 0.5954166666666667 0.06 0.0775
1 0.3984375 0.55625 0.085625 0.10083333333333333
0 0.5790625 0.17875 0.051875 0.07916666666666666
0 0.43875 0.90875 0.06 0.08416666666666667
0 0.3496875 0.39875 0.051875 0.0675
0 0.25 0.395 0.06375 0.07166666666666667
0 0.35875 0.8570833333333333 0.04875 0.06916666666666667
0 0.2771875 0.38666666666666666 0.053125 0.08333333333333333
1 0.558125 0.33166666666666667 0.0625 0.09666666666666666
0 0.409375 0.08 0.05125 0.075
0 0.7103125 0.7991666666666667 0.051875 0.075
0 0.8109375 0.8304166666666667 0.064375 0.10916666666666666
0 0.1853125 0.39958333333333335 0.050625 0.06916666666666667
0 0.795625 0.93 0.08375 0.07833333333333334
0 0.1678125 0.63625 0.051875 0.08583333333333333
0 0.8403125 0.22 0.059375 0.09333333333333334
0 0.3159375 0.44083333333333335 0.053125 0.07166666666666667
0 0.465625 0.5629166666666666 0.06625 0.08583333333333333
0 0.484375 0.31708333333333333 0.05375 0.07916666666666666
0 0.630625 0.4295833333333333 0.05125 0.06583333333333333
0 0.508125 0.42125 0.06 0.060833333333333336
0 0.8475 0.75375 0.0475 0.0875
0 0.7034375 0.40875 0.046875 0.0575
0 0.6934375 0.5433333333333333 0.045625 0.065
0 0.6559375 0.4875 0.054375 0.06166666666666667
0 0.7 0.35041666666666665 0.05375 0.05583333333333333
0 0.740625 0.23125 0.05125 0.0825
0 0.6690625 0.21208333333333335 0.059375 0.08416666666666667
0 0.5046875 0.36541666666666667 0.053125 0.07916666666666666
0 0.514375 0.5895833333333333 0.0525 0.0575