0 0.5146875 0.8045833333333333 0.069375 0.09583333333333334
0 0.65 0.8329166666666666 0.06875 0.0975
0 0.5015625 0.6495833333333333 0.075625 0.0875
0 0.2746875 0.45375 0.055625 0.0775
0 0.245 0.21208333333333335 0.065 0.09416666666666666
0 0.214375 0.9033333333333333 0.06875 0.09333333333333334
0 0.229375 0.33125 0.06375 0.09583333333333334
0 0.3321875 0.40125 0.079375 0.10083333333333333
0 0.2771875 0.52625 0.051875 0.06916666666666667
0 0.1715625 0.2920833333333333 0.060625 0.0925
0 0.554375 0.75 0.08125 0.105
0 0.1846875 0.75125 0.075625 0.0975
0 0.3484375 0.28375 0.078125 0.10916666666666666
0 0.1846875 0.6795833333333333 0.064375 0.07416666666666667
0 0.82375 0.7479166666666667 0.0525 0.0725
0 0.4290625 0.94125 0.066875 0.08583333333333333
0 0.625625 0.6454166666666666 0.06875 0.09583333333333334
0 0.1725 0.4479166666666667 0.06625 0.0975
0 0.44625 0.5816666666666667 0.06125 0.09666666666666666
0 0.3353125 0.5445833333333333 0.069375 0.09583333333333334
0 0.231875 0.5575 0.05375 0.07166666666666667
0 0.6484375 0.92375 0.055625 0.06916666666666667
0 0.29125 0.8929166666666667 0.075 0.07083333333333333
0 0.21125 0.44875 0.06125 0.0825
0 0.5746875 0.5758333333333333 0.060625 0.08166666666666667
0 0.82875 0.8233333333333334 0.0675 0.07833333333333334
0 0.5825 0.825 0.055 0.07166666666666667
0 0.4625 0.4741666666666667 0.065 0.09166666666666666
0 0.2096875 0.8416666666666667 0.068125 0.09833333333333333
0 0.469375 0.4320833333333333 0.06125 0.08916666666666667
0 0.528125 0.5608333333333333 0.07125 0.08666666666666667
0 0.499375 0.9266666666666666 0.0625 0.085
0 0.1740625 0.38208333333333333 0.064375 0.08083333333333333
0 0.741875 0.80125 0.06625 0.08916666666666667
0 0.32625 0.4841666666666667 0.0525 0.065
0 0.391875 0.3858333333333333 0.05875 0.09166666666666666
0 0.3284375 0.12208333333333334 0.060625 0.11416666666666667
0 0.833125 0.30291666666666667 0.06625 0.0975
0 0.2890625 0.8320833333333333 0.058125 0.08416666666666667
0 0.2503125 0.63625 0.066875 0.09583333333333334
0 0.7796875 0.4320833333333333 0.066875 0.0925
0 0.665 0.0775 0.04875 0.1
0 0.6409375 0.53375 0.064375 0.0975
0 0.1996875 0.53125 0.071875 0.0975
0 0.3515625 0.8520833333333333 0.050625 0.07583333333333334
0 0.788125 0.6758333333333333 0.04875 0.08666666666666667
0 0.346875 0.6325 0.07625 0.09666666666666666
1 0.720625 0.6575 0.0775 0.11333333333333333
0 0.46375 0.26416666666666666 0.07125 0.105
0 0.6875 0.2966666666666667 0.08 0.105
0 0.485 0.5591666666666667 0.065 0.08833333333333333
0 0.655625 0.7195833333333334 0.0575 0.0675
0 0.4575 0.3441666666666667 0.065 0.075
0 0.7175 0.46458333333333335 0.06875 0.08583333333333333
0 0.8234375 0.8916666666666667 0.064375 0.08333333333333333
0 0.765625 0.92625 0.065 0.0925
1 0.3803125 0.7304166666666667 0.073125 0.09083333333333334
0 0.541875 0.255 0.0575 0.08333333333333333
0 0.71375 0.06875 0.05875 0.09583333333333334
0 0.7809375 0.18458333333333332 0.048125 0.0925
0 0.7171875 0.16833333333333333 0.065625 0.075
0 0.6646875 0.6275 0.064375 0.09166666666666666
0 0.694375 0.7345833333333334 0.0625 0.0875
0 0.4071875 0.4066666666666667 0.063125 0.08333333333333333
0 0.2940625 0.6925 0.045625 0.085
0 0.319375 0.7566666666666667 0.05875 0.08833333333333333
0 0.3721875 0.86 0.051875 0.08833333333333333
0 0.4225 0.8779166666666667 0.06375 0.07916666666666666
0 0.5965625 0.7425 0.069375 0.08833333333333333
0 0.8128125 0.64375 0.066875 0.09416666666666666
0 0.4284375 0.83875 0.051875 0.0925
0 0.3496875 0.73875 0.063125 0.09583333333333334
0 0.77 0.27166666666666667 0.075 0.085
0 0.5403125 0.21125 0.071875 0.1025
0 0.5590625 0.12208333333333334 0.071875 0.09583333333333334