0 0.76375 0.6754166666666667 0.0675 0.09083333333333334
0 0.7865625 0.375 0.084375 0.105
0 0.3134375 0.4741666666666667 0.071875 0.09166666666666666
0 0.3021875 0.625 0.069375 0.09166666666666666
0 0.611875 0.5720833333333334 0.0625 0.08916666666666667
0 0.2334375 0.5645833333333333 0.079375 0.10083333333333333
0 0.5525 0.4195833333333333 0.07 0.08916666666666667
0 0.4778125 0.28625 0.080625 0.10083333333333333
0 0.6125 0.7366666666666667 0.07875 0.1
0 0.303125 0.8145833333333333 0.0675 0.09583333333333334
0 0.41875 0.61625 0.06875 0.09416666666666666
0 0.4925 0.16958333333333334 0.0725 0.09583333333333334
0 0.1740625 0.21458333333333332 0.069375 0.09083333333333334
0 0.4059375 0.46 0.073125 0.10833333333333334
0 0.6934375 0.27541666666666664 0.073125 0.10583333333333333
0 0.628125 0.8391666666666666 0.08625 0.095
0 0.563125 0.25125 0.07625 0.1075
0 0.255625 0.22583333333333333 0.07375 0.10833333333333334
0 0.468125 0.8408333333333333 0.08375 0.10833333333333334
0 0.83125 0.24708333333333332 0.0675 0.0925
0 0.25 0.09625 0.0825 0.08083333333333333
0 0.305625 0.15458333333333332 0.06875 0.08416666666666667
0 0.4159375 0.18375 0.063125 0.08583333333333333
0 0.75625 0.79625 0.07625 0.1025
0 0.65125 0.93375 0.08125 0.1075
0 0.46125 0.5545833333333333 0.0725 0.09583333333333334
0 0.6996875 0.4429166666666667 0.074375 0.09083333333333334
0 0.41625 0.37625 0.06875 0.09416666666666666
0 0.1725 0.4891666666666667 0.08125 0.10666666666666667
0 0.185625 0.9216666666666666 0.065 0.09666666666666666
0 0.7490625 0.5033333333333333 0.080625 0.12
0 0.4890625 0.7254166666666667 0.060625 0.09416666666666666
0 0.546875 0.6425 0.05875 0.11166666666666666
0 0.2075 0.6691666666666667 0.08125 0.08333333333333333
0 0.3240625 0.3254166666666667 0.064375 0.08583333333333333
0 0.6384375 0.6633333333333333 0.064375 0.08666666666666667
0 0.3290625 0.2604166666666667 0.080625 0.09583333333333334
0 0.3609375 0.30833333333333335 0.064375 0.09666666666666666
0 0.7103125 0.8 0.068125 0.09
0 0.68375 0.57125 0.07125 0.11416666666666667
0 0.4059375 0.8116666666666666 0.049375 0.12166666666666667
0 0.69875 0.6191666666666666 0.06625 0.10166666666666667
0 0.841875 0.7925 0.065 0.09666666666666666
1 0.55625 0.5283333333333333 0.07875 0.11