0 0.5934375 0.7325 0.076875 0.11166666666666666
0 0.49 0.1125 0.0725 0.09166666666666666
0 0.29125 0.9291666666666667 0.08 0.10166666666666667
0 0.886875 0.69375 0.07625 0.11083333333333334
0 0.2809375 0.5566666666666666 0.076875 0.10833333333333334
0 0.6915625 0.8283333333333334 0.064375 0.09333333333333334
0 0.165 0.7479166666666667 0.085 0.10916666666666666
0 0.88 0.94 0.0725 0.095
0 0.7265625 0.6279166666666667 0.078125 0.11583333333333333
0 0.920625 0.16375 0.0825 0.11083333333333334
0 0.465 0.6383333333333333 0.08125 0.11333333333333333
0 0.195625 0.8954166666666666 0.06625 0.09916666666666667
0 0.908125 0.5116666666666667 0.07625 0.11
0 0.129375 0.6620833333333334 0.07375 0.10583333333333333
0 0.5915625 0.8291666666666667 0.065625 0.08333333333333333
0 0.7565625 0.79625 0.074375 0.12083333333333333
0 0.845 0.22958333333333333 0.08 0.10083333333333333
0 0.2028125 0.34208333333333335 0.084375 0.10583333333333333
0 0.83625 0.6295833333333334 0.06625 0.0925
0 0.945 0.55375 0.07 0.09583333333333334
0 0.9090625 0.7883333333333333 0.068125 0.10333333333333333
0 0.27375 0.7825 0.08125 0.09833333333333333
0 0.64625 0.2775 0.075 0.09833333333333333
1 0.43125 0.18583333333333332 0.0975 0.125
0 0.6553125 0.45208333333333334 0.080625 0.1125
0 0.8275 0.8029166666666666 0.0725 0.11916666666666667
0 0.5615625 0.49333333333333335 0.091875 0.09
0 0.0878125 0.46125 0.084375 0.09583333333333334
0 0.3971875 0.2704166666666667 0.078125 0.0825
0 0.2240625 0.14 0.073125 0.10833333333333334
0 0.1625 0.059583333333333335 0.06875 0.0975
0 0.5321875 0.5266666666666666 0.066875 0.11833333333333333
0 0.5825 0.41833333333333333 0.0625 0.105
0 0.136875 0.43125 0.0875 0.11916666666666667
0 0.9678125 0.47041666666666665 0.061875 0.10416666666666667
0 0.5253125 0.37666666666666665 0.066875 0.12333333333333334