0 0.5378125 0.15708333333333332 0.099375 0.1325
0 0.324375 0.68625 0.09875 0.13083333333333333
0 0.6140625 0.4845833333333333 0.104375 0.13916666666666666
1 0.7321875 0.8566666666666667 0.114375 0.15166666666666667
0 0.9059375 0.43875 0.104375 0.13916666666666666
0 0.804375 0.3375 0.09375 0.125
0 0.3615625 0.205 0.103125 0.13833333333333334
1 0.6125 0.26958333333333334 0.11 0.14583333333333334
0 0.9034375 0.80625 0.100625 0.13416666666666666
0 0.666875 0.3416666666666667 0.10375 0.13833333333333334
0 0.2540625 0.56875 0.096875 0.12916666666666668
1 0.5646875 0.755 0.111875 0.15
0 0.29625 0.78375 0.09375 0.12416666666666666
0 0.6884375 0.9291666666666667 0.095625 0.12833333333333333
0 0.468125 0.19166666666666668 0.08875 0.11833333333333333
0 0.919375 0.6370833333333333 0.10625 0.14083333333333334
0 0.4365625 0.27125 0.084375 0.1125
0 0.1765625 0.1725 0.103125 0.13666666666666666
0 0.0796875 0.5354166666666667 0.118125 0.1575
0 0.541875 0.3333333333333333 0.09375 0.125
0 0.685 0.49833333333333335 0.08625 0.115
0 0.6384375 0.8454166666666667 0.104375 0.13916666666666666
0 0.721875 0.43916666666666665 0.08625 0.115
0 0.17125 0.4816666666666667 0.1025 0.13666666666666666
0 0.1153125 0.565 0.093125 0.12333333333333334
0 0.16875 0.5258333333333334 0.0925 0.12333333333333334
0 0.67375 0.10041666666666667 0.09625 0.1275
0 0.845625 0.3625 0.1125 0.15