0 0.495 0.42041666666666666 0.065 0.0875
0 0.4303125 0.11541666666666667 0.068125 0.07916666666666666
0 0.30125 0.12041666666666667 0.0725 0.09916666666666667
0 0.280625 0.31333333333333335 0.0725 0.08
0 0.49875 0.25 0.0775 0.09166666666666666
0 0.6903125 0.6583333333333333 0.064375 0.10833333333333334
0 0.204375 0.8420833333333333 0.07 0.1025
0 0.179375 0.4483333333333333 0.06375 0.10833333333333334
0 0.6196875 0.7816666666666666 0.079375 0.10333333333333333
1 0.62625 0.3275 0.07125 0.12333333333333334
0 0.5159375 0.6445833333333333 0.066875 0.10916666666666666
0 0.563125 0.4558333333333333 0.07875 0.08666666666666667
0 0.3571875 0.4995833333333333 0.068125 0.09416666666666666
0 0.195625 0.1975 0.06875 0.085
0 0.8121875 0.6 0.081875 0.085
0 0.7909375 0.26416666666666666 0.068125 0.085
1 0.2375 0.44375 0.06625 0.10916666666666666
0 0.7375 0.6995833333333333 0.07 0.09916666666666667
0 0.395625 0.7275 0.075 0.095
0 0.7809375 0.345 0.079375 0.08166666666666667
0 0.3925 0.6070833333333333 0.06 0.1075
0 0.66 0.12 0.07625 0.08833333333333333
0 0.4103125 0.23708333333333334 0.080625 0.09916666666666667
0 0.49875 0.13083333333333333 0.06375 0.07833333333333334
0 0.5646875 0.35791666666666666 0.059375 0.11083333333333334
0 0.5265625 0.88625 0.075625 0.0925
0 0.2825 0.9125 0.065 0.125