0 0.2384375 0.06708333333333333 0.079375 0.0925
0 0.775 0.9308333333333333 0.065 0.08833333333333333
0 0.5509375 0.055 0.069375 0.09833333333333333
0 0.6696875 0.40208333333333335 0.063125 0.0825
0 0.3540625 0.7129166666666666 0.070625 0.0925
0 0.82 0.3575 0.075 0.10333333333333333
0 0.7621875 0.19041666666666668 0.073125 0.1025
0 0.588125 0.3595833333333333 0.08 0.10083333333333333
0 0.2059375 0.7020833333333333 0.063125 0.08583333333333333
0 0.18375 0.35541666666666666 0.06125 0.08416666666666667
0 0.68125 0.8891666666666667 0.06875 0.095
0 0.4296875 0.6275 0.073125 0.09833333333333333
0 0.70625 0.5491666666666667 0.075 0.09333333333333334
0 0.834375 0.7275 0.07375 0.09833333333333333
0 0.6678125 0.63125 0.058125 0.08583333333333333
0 0.4665625 0.41125 0.073125 0.0975
0 0.2634375 0.8016666666666666 0.063125 0.085
0 0.22125 0.19 0.0775 0.115
0 0.56875 0.25916666666666666 0.05625 0.08
0 0.4228125 0.8416666666666667 0.064375 0.08333333333333333
0 0.27 0.40291666666666665 0.075 0.08083333333333333
0 0.1778125 0.6158333333333333 0.069375 0.095
0 0.5871875 0.4666666666666667 0.070625 0.08666666666666667
0 0.7346875 0.3595833333333333 0.069375 0.09916666666666667
0 0.4965625 0.8720833333333333 0.075625 0.1025
0 0.4984375 0.36083333333333334 0.074375 0.10166666666666667
0 0.6275 0.10125 0.06875 0.08083333333333333
0 0.586875 0.19041666666666668 0.06125 0.07416666666666667
0 0.26 0.3254166666666667 0.07875 0.0825
0 0.353125 0.09166666666666666 0.08375 0.10833333333333334
0 0.160625 0.9291666666666667 0.07125 0.1
1 0.5559375 0.5704166666666667 0.113125 0.14083333333333334
1 0.341875 0.45 0.10625 0.11