0 0.0578125 0.30041666666666667 0.073125 0.1025
0 0.4890625 0.43 0.080625 0.095
0 0.4240625 0.24083333333333334 0.061875 0.09
0 0.5890625 0.9004166666666666 0.068125 0.09416666666666666
0 0.6078125 0.2833333333333333 0.081875 0.08666666666666667
0 0.44 0.8520833333333333 0.08375 0.09916666666666667
0 0.0771875 0.05125 0.078125 0.0975
0 0.8875 0.28125 0.0875 0.11083333333333334
0 0.734375 0.26958333333333334 0.09125 0.10916666666666666
0 0.0671875 0.8425 0.084375 0.10166666666666667
0 0.1259375 0.2525 0.079375 0.09
0 0.435 0.15916666666666668 0.065 0.07833333333333334
0 0.26125 0.6425 0.0875 0.10666666666666667
0 0.2978125 0.9233333333333333 0.081875 0.09666666666666666
0 0.2428125 0.78625 0.084375 0.12083333333333333
0 0.1615625 0.5645833333333333 0.073125 0.1125
0 0.903125 0.5875 0.0875 0.1
1 0.5421875 0.8295833333333333 0.090625 0.11416666666666667
0 0.85125 0.16875 0.0875 0.1025
0 0.8140625 0.13708333333333333 0.075625 0.0775
0 0.1746875 0.12375 0.070625 0.09916666666666667
0 0.7003125 0.7491666666666666 0.068125 0.13166666666666665
0 0.1884375 0.83625 0.080625 0.11583333333333333
0 0.3815625 0.6145833333333334 0.088125 0.0925
0 0.63375 0.7408333333333333 0.08 0.11333333333333333
0 0.22125 0.9458333333333333 0.085 0.095
0 0.4609375 0.5208333333333334 0.076875 0.095
0 0.850625 0.86875 0.07125 0.10916666666666666
0 0.3340625 0.7233333333333334 0.074375 0.10333333333333333
0 0.2903125 0.5270833333333333 0.084375 0.08416666666666667
0 0.714375 0.125 0.08125 0.10333333333333333
0 0.8209375 0.6441666666666667 0.083125 0.105
0 0.6940625 0.4295833333333333 0.078125 0.11916666666666667
0 0.5203125 0.16958333333333334 0.070625 0.08416666666666667
0 0.829375 0.24166666666666667 0.0875 0.08333333333333333
0 0.435625 0.08041666666666666 0.08375 0.08083333333333333
0 0.7503125 0.40708333333333335 0.069375 0.11916666666666667
0 0.3509375 0.5408333333333334 0.070625 0.10833333333333334
0 0.8884375 0.47291666666666665 0.094375 0.0875
0 0.7890625 0.5966666666666667 0.100625 0.09666666666666666
0 0.89125 0.5245833333333333 0.09875 0.07916666666666666
0 0.5484375 0.7683333333333333 0.098125 0.095
0 0.5240625 0.6841666666666667 0.065625 0.09333333333333334