0 0.81625 0.31333333333333335 0.0875 0.11666666666666667
0 0.840625 0.3858333333333333 0.0825 0.11
0 0.7728125 0.21333333333333335 0.098125 0.13166666666666665
0 0.4540625 0.9254166666666667 0.105625 0.14083333333333334
0 0.0925 0.7841666666666667 0.08875 0.11833333333333333
0 0.4153125 0.6570833333333334 0.093125 0.12416666666666666
0 0.413125 0.45666666666666667 0.10375 0.13833333333333334
0 0.6146875 0.54125 0.101875 0.13583333333333333
0 0.24125 0.24958333333333332 0.095 0.12583333333333332
0 0.5290625 0.4554166666666667 0.099375 0.1325
0 0.408125 0.19666666666666666 0.1 0.13333333333333333
0 0.45375 0.7495833333333334 0.085 0.1125
0 0.193125 0.845 0.095 0.12666666666666668
0 0.57125 0.78875 0.1025 0.1375
0 0.1975 0.3625 0.09625 0.12833333333333333
0 0.4853125 0.11375 0.078125 0.10416666666666667
0 0.5209375 0.5316666666666666 0.101875 0.135
0 0.1465625 0.505 0.095625 0.12666666666666668
0 0.71625 0.6783333333333333 0.08875 0.11833333333333333
0 0.8065625 0.5154166666666666 0.099375 0.1325
0 0.8778125 0.17375 0.103125 0.1375
0 0.22125 0.6329166666666667 0.1 0.1325
0 0.6121875 0.45208333333333334 0.084375 0.1125
0 0.689375 0.4608333333333333 0.095 0.12666666666666668
0 0.378125 0.12541666666666668 0.0825 0.10916666666666666
0 0.6803125 0.43291666666666667 0.090625 0.12083333333333333
0 0.73 0.7958333333333333 0.1 0.13333333333333333
0 0.22875 0.5029166666666667 0.0875 0.1175
1 0.674375 0.77 0.11 0.14666666666666667
0 0.4425 0.31083333333333335 0.09125 0.12166666666666667
0 0.4253125 0.8175 0.076875 0.10333333333333333
0 0.609375 0.2916666666666667 0.09875 0.13166666666666665
0 0.3034375 0.21083333333333334 0.086875 0.11666666666666667
0 0.39125 0.25 0.10125 0.135
0 0.6846875 0.31958333333333333 0.093125 0.12416666666666666
0 0.2690625 0.5779166666666666 0.091875 0.1225
0 0.6396875 0.82875 0.086875 0.11583333333333333
0 0.9528125 0.28125 0.086875 0.11583333333333333
0 0.335 0.9058333333333334 0.09625 0.12833333333333333
0 0.8953125 0.5283333333333333 0.090625 0.12
0 0.475 0.27541666666666664 0.08 0.10583333333333333
0 0.1015625 0.44916666666666666 0.080625 0.10666666666666667
0 0.755625 0.2708333333333333 0.1 0.13333333333333333
0 0.619375 0.1025 0.08125 0.10833333333333334
1 0.165 0.62375 0.09375 0.12416666666666666
0 0.205625 0.5720833333333334 0.09 0.11916666666666667
0 0.0846875 0.51625 0.080625 0.1075
0 0.95125 0.31958333333333333 0.085 0.1125
0 0.8353125 0.6729166666666667 0.084375 0.1125
0 0.2846875 0.6745833333333333 0.098125 0.13083333333333333
0 0.264375 0.44416666666666665 0.08125 0.10833333333333334
0 0.7803125 0.44125 0.081875 0.10916666666666666
0 0.6896875 0.10583333333333333 0.076875 0.10333333333333333
0 0.7303125 0.0575 0.070625 0.09333333333333334
0 0.539375 0.6004166666666667 0.085 0.1125
0 0.2728125 0.8291666666666667 0.068125 0.09
0 0.4034375 0.5420833333333334 0.084375 0.1125
0 0.3303125 0.6458333333333334 0.079375 0.10666666666666667
0 0.32625 0.7666666666666667 0.095 0.12666666666666668
0 0.7134375 0.3279166666666667 0.083125 0.11083333333333334
0 0.5671875 0.17958333333333334 0.083125 0.11083333333333334
0 0.63875 0.9145833333333333 0.0875 0.11583333333333333
0 0.3490625 0.78 0.071875 0.09666666666666666
0 0.3603125 0.3933333333333333 0.076875 0.10333333333333333
0 0.30875 0.41 0.07 0.09333333333333334
0 0.2978125 0.47 0.081875 0.10833333333333334
0 0.4903125 0.4066666666666667 0.076875 0.10333333333333333
0 0.5378125 0.2704166666666667 0.073125 0.0975
0 0.599375 0.8879166666666667 0.0775 0.10416666666666667
0 0.825 0.61125 0.0675 0.08916666666666667
0 0.6490625 0.66125 0.085625 0.11416666666666667
0 0.7509375 0.49583333333333335 0.079375 0.105
0 0.768125 0.08708333333333333 0.07375 0.0975
0 0.8190625 0.10083333333333333 0.073125 0.09833333333333333
0 0.8515625 0.19208333333333333 0.080625 0.1075
0 0.5834375 0.6695833333333333 0.079375 0.10583333333333333
0 0.8565625 0.47541666666666665 0.068125 0.09083333333333334
0 0.6053125 0.39708333333333334 0.064375 0.08583333333333333
0 0.8046875 0.15583333333333332 0.065625 0.08833333333333333
0 0.9503125 0.5079166666666667 0.069375 0.0925
0 0.260625 0.9079166666666667 0.08625 0.11583333333333333
0 0.3325 0.7091666666666666 0.07375 0.09833333333333333
0 0.296875 0.8895833333333333 0.06875 0.09083333333333334
0 0.5490625 0.88 0.070625 0.095
1 0.5371875 0.6779166666666666 0.143125 0.19083333333333333
0 0.6215625 0.68875 0.098125 0.13083333333333333
0 0.1428125 0.5508333333333333 0.085625 0.11333333333333333