0 0.5925 0.08125 0.05875 0.08583333333333333
0 0.3340625 0.93875 0.070625 0.08916666666666667
0 0.623125 0.37083333333333335 0.0675 0.09166666666666666
0 0.508125 0.3745833333333333 0.0675 0.08916666666666667
0 0.2390625 0.5595833333333333 0.056875 0.08583333333333333
0 0.8078125 0.36125 0.063125 0.0875
0 0.7075 0.9333333333333333 0.06125 0.10166666666666667
0 0.7653125 0.8991666666666667 0.061875 0.10166666666666667
0 0.8003125 0.51125 0.076875 0.10083333333333333
0 0.2825 0.34875 0.08375 0.0825
0 0.295625 0.41208333333333336 0.08375 0.1075
0 0.2809375 0.7325 0.075625 0.10333333333333333
0 0.476875 0.29791666666666666 0.08125 0.1075
1 0.5175 0.88125 0.07375 0.1075