0 0.181875 0.5083333333333333 0.10125 0.135
0 0.8071875 0.335 0.108125 0.145
0 0.415 0.6658333333333334 0.10125 0.135
0 0.0753125 0.35125 0.103125 0.1375
0 0.943125 0.7025 0.08375 0.11166666666666666
0 0.71125 0.3525 0.1075 0.14333333333333334
0 0.4803125 0.6954166666666667 0.099375 0.1325
0 0.2328125 0.69625 0.093125 0.12416666666666666
0 0.868125 0.44583333333333336 0.09 0.12
0 0.280625 0.6358333333333334 0.08875 0.11833333333333333
0 0.6675 0.14 0.1025 0.13666666666666666
0 0.0590625 0.22375 0.080625 0.1075
0 0.4375 0.45166666666666666 0.0875 0.11666666666666667
0 0.5665625 0.12958333333333333 0.096875 0.12916666666666668
0 0.593125 0.4891666666666667 0.1 0.13333333333333333
0 0.7528125 0.66125 0.078125 0.10416666666666667
0 0.515 0.105 0.0825 0.11
0 0.88 0.61125 0.0925 0.12416666666666666
0 0.2703125 0.5425 0.098125 0.13166666666666665
0 0.750625 0.52125 0.1 0.1325
0 0.583125 0.24416666666666667 0.085 0.11333333333333333
0 0.280625 0.11666666666666667 0.08625 0.115
0 0.62375 0.2970833333333333 0.09625 0.12916666666666668
0 0.29375 0.21958333333333332 0.0975 0.13083333333333333
0 0.818125 0.7516666666666667 0.08125 0.10833333333333334
0 0.3675 0.21375 0.075 0.09916666666666667
0 0.1996875 0.39458333333333334 0.091875 0.1225
1 0.4034375 0.36375 0.105625 0.14083333333333334
0 0.23125 0.60375 0.0875 0.11583333333333333
0 0.4715625 0.7570833333333333 0.095625 0.1275
0 0.505 0.5441666666666667 0.105 0.14
0 0.33125 0.39666666666666667 0.0875 0.11666666666666667
0 0.5496875 0.6320833333333333 0.109375 0.14583333333333334
0 0.751875 0.7916666666666666 0.0875 0.11666666666666667
0 0.816875 0.8591666666666666 0.08875 0.11833333333333333
0 0.6646875 0.6158333333333333 0.081875 0.11
0 0.73 0.16 0.0875 0.11666666666666667
0 0.92125 0.7829166666666667 0.1075 0.1425
0 0.1 0.5508333333333333 0.085 0.11333333333333333
0 0.701875 0.65 0.09625 0.12833333333333333
0 0.7834375 0.9195833333333333 0.089375 0.11916666666666667
0 0.3359375 0.15375 0.096875 0.12916666666666668
0 0.13375 0.23166666666666666 0.11625 0.155
0 0.7103125 0.7579166666666667 0.081875 0.10916666666666666
0 0.3209375 0.9 0.075625 0.10166666666666667
0 0.35375 0.8925 0.10875 0.145
0 0.188125 0.6933333333333334 0.11875 0.15833333333333333
0 0.2003125 0.28041666666666665 0.114375 0.1525
0 0.5034375 0.42041666666666666 0.094375 0.12583333333333332
0 0.5225 0.4608333333333333 0.08625 0.115
0 0.4075 0.5 0.08125 0.10833333333333334
0 0.371875 0.43666666666666665 0.07375 0.09833333333333333