0 0.590625 0.64125 0.07625 0.10916666666666666
0 0.556875 0.36 0.0575 0.085
0 0.7428125 0.24958333333333332 0.065625 0.09083333333333334
0 0.4078125 0.32 0.056875 0.07833333333333334
0 0.7675 0.4608333333333333 0.06625 0.09333333333333334
0 0.558125 0.78875 0.05875 0.08083333333333333
0 0.753125 0.8620833333333333 0.08125 0.09416666666666666
0 0.084375 0.41625 0.07625 0.10583333333333333
0 0.8134375 0.94125 0.069375 0.08916666666666667
0 0.7253125 0.6966666666666667 0.063125 0.09166666666666666
0 0.4165625 0.7395833333333334 0.061875 0.07916666666666666
0 0.2153125 0.30625 0.078125 0.09916666666666667
0 0.9065625 0.18291666666666667 0.064375 0.0925
0 0.5565625 0.08708333333333333 0.068125 0.1025
0 0.1459375 0.21541666666666667 0.070625 0.10083333333333333
0 0.2340625 0.5558333333333333 0.073125 0.10333333333333333
0 0.8990625 0.30916666666666665 0.064375 0.08833333333333333
0 0.8490625 0.23666666666666666 0.069375 0.09
0 0.5503125 0.7166666666666667 0.065625 0.08166666666666667
0 0.4375 0.08041666666666666 0.0625 0.09083333333333334
0 0.7546875 0.10625 0.056875 0.07916666666666666
0 0.339375 0.2704166666666667 0.07125 0.0975
0 0.8365625 0.705 0.069375 0.09333333333333334
0 0.9546875 0.07958333333333334 0.066875 0.08583333333333333
0 0.9628125 0.2825 0.061875 0.07833333333333334
0 0.808125 0.09541666666666666 0.06 0.08916666666666667
0 0.365 0.8791666666666667 0.07125 0.09666666666666666
0 0.2978125 0.6554166666666666 0.073125 0.09583333333333334
0 0.585625 0.19625 0.07 0.08083333333333333
0 0.3303125 0.8225 0.078125 0.08833333333333333
0 0.9259375 0.49541666666666667 0.063125 0.09416666666666666
0 0.4634375 0.71625 0.061875 0.0725
0 0.18125 0.39666666666666667 0.06375 0.08666666666666667
0 0.364375 0.44458333333333333 0.05875 0.09083333333333334
0 0.57625 0.5441666666666667 0.0575 0.08
0 0.489375 0.1925 0.0575 0.09
0 0.4590625 0.28833333333333333 0.073125 0.08
0 0.24625 0.051666666666666666 0.06625 0.09666666666666666
0 0.2946875 0.9141666666666667 0.046875 0.06833333333333333
0 0.2065625 0.07333333333333333 0.065625 0.08333333333333333
0 0.468125 0.5270833333333333 0.06625 0.0775
0 0.2946875 0.5491666666666667 0.060625 0.08666666666666667
0 0.27375 0.7141666666666666 0.05625 0.075
0 0.83 0.4775 0.06875 0.058333333333333334
0 0.840625 0.04416666666666667 0.05875 0.085
0 0.3621875 0.63 0.051875 0.06833333333333333
0 0.385625 0.10083333333333333 0.07875 0.07833333333333334
0 0.1496875 0.7666666666666667 0.083125 0.10666666666666667
0 0.3625 0.48541666666666666 0.05875 0.06916666666666667
0 0.188125 0.7145833333333333 0.06625 0.0825