0 0.320625 0.74125 0.09 0.12083333333333333
0 0.2640625 0.9266666666666666 0.096875 0.12833333333333333
0 0.1696875 0.4741666666666667 0.096875 0.12833333333333333
0 0.30375 0.15583333333333332 0.09125 0.12166666666666667
0 0.6153125 0.5204166666666666 0.086875 0.11583333333333333
0 0.4796875 0.35833333333333334 0.083125 0.11
0 0.453125 0.7941666666666667 0.08125 0.10833333333333334
0 0.8609375 0.6220833333333333 0.100625 0.13416666666666666
0 0.19875 0.8995833333333333 0.09125 0.1225
0 0.6171875 0.7341666666666666 0.083125 0.11
0 0.4903125 0.5575 0.104375 0.13833333333333334
0 0.319375 0.54 0.10375 0.13833333333333334
0 0.7275 0.7054166666666667 0.095 0.12583333333333332
0 0.5234375 0.4345833333333333 0.106875 0.1425
0 0.761875 0.27375 0.10125 0.13416666666666666
0 0.4396875 0.10708333333333334 0.099375 0.1325
0 0.1078125 0.6929166666666666 0.109375 0.14583333333333334
0 0.7215625 0.6116666666666667 0.116875 0.155
0 0.6896875 0.7520833333333333 0.108125 0.14416666666666667
0 0.3309375 0.4395833333333333 0.108125 0.14416666666666667
0 0.65375 0.6675 0.10125 0.135