0 0.689375 0.19541666666666666 0.055 0.0825
0 0.695625 0.8183333333333334 0.065 0.09666666666666666
0 0.6671875 0.675 0.061875 0.09166666666666666
0 0.7065625 0.6066666666666667 0.063125 0.095
0 0.3728125 0.3129166666666667 0.064375 0.08916666666666667
0 0.0590625 0.8220833333333334 0.065625 0.09416666666666666
0 0.151875 0.2708333333333333 0.0675 0.09333333333333334
0 0.736875 0.11 0.07125 0.09166666666666666
0 0.514375 0.6029166666666667 0.0625 0.08583333333333333
0 0.2771875 0.92125 0.069375 0.0975
0 0.366875 0.4395833333333333 0.07125 0.0975
0 0.40625 0.5841666666666666 0.07625 0.1
0 0.173125 0.1175 0.0675 0.08833333333333333
0 0.5425 0.49833333333333335 0.0575 0.08333333333333333
0 0.1990625 0.33666666666666667 0.060625 0.09666666666666666
0 0.87375 0.7158333333333333 0.0775 0.1
0 0.079375 0.4066666666666667 0.0625 0.07666666666666666
0 0.7559375 0.9166666666666666 0.089375 0.09166666666666666
0 0.5184375 0.74875 0.064375 0.09083333333333334
1 0.5096875 0.2916666666666667 0.071875 0.09833333333333333
0 0.098125 0.5204166666666666 0.0825 0.0875
0 0.6353125 0.06166666666666667 0.079375 0.095
0 0.0409375 0.3025 0.064375 0.08666666666666667
0 0.1025 0.06041666666666667 0.07625 0.0975
0 0.424375 0.27458333333333335 0.0625 0.09583333333333334
0 0.3865625 0.09458333333333334 0.053125 0.07416666666666667
0 0.35625 0.82 0.07375 0.075
0 0.53125 0.11208333333333333 0.075 0.08416666666666667
0 0.2809375 0.6058333333333333 0.070625 0.095
0 0.8421875 0.24708333333333332 0.066875 0.09916666666666667
0 0.2265625 0.4725 0.064375 0.09166666666666666
0 0.4246875 0.10375 0.069375 0.09416666666666666
0 0.181875 0.7170833333333333 0.0675 0.07916666666666666
0 0.7884375 0.23416666666666666 0.059375 0.08666666666666667
0 0.0934375 0.2504166666666667 0.044375 0.0875
1 0.8559375 0.3616666666666667 0.071875 0.12833333333333333
0 0.1996875 0.5466666666666666 0.070625 0.095
0 0.220625 0.58375 0.05875 0.09416666666666666
0 0.576875 0.315 0.05875 0.085
0 0.2946875 0.7670833333333333 0.058125 0.0875
0 0.5484375 0.20625 0.050625 0.10583333333333333
0 0.3059375 0.585 0.070625 0.08833333333333333
0 0.169375 0.65375 0.07625 0.08416666666666667
0 0.078125 0.12916666666666668 0.07125 0.11833333333333333
0 0.5109375 0.21458333333333332 0.064375 0.09083333333333334
0 0.9146875 0.3908333333333333 0.056875 0.105
1 0.039375 0.23166666666666666 0.07 0.12
0 0.3415625 0.635 0.058125 0.09333333333333334
0 0.5803125 0.20583333333333334 0.046875 0.09833333333333333