0 0.6653125 0.15958333333333333 0.074375 0.09416666666666666
0 0.3125 0.9475 0.06625 0.10333333333333333
0 0.7825 0.15625 0.08 0.0975
0 0.185625 0.2520833333333333 0.06875 0.09083333333333334
0 0.1765625 0.8304166666666667 0.075625 0.09416666666666666
0 0.5975 0.41625 0.0725 0.10083333333333333
0 0.4621875 0.9170833333333334 0.071875 0.09916666666666667
0 0.4375 0.3016666666666667 0.07875 0.11166666666666666
0 0.55 0.050833333333333335 0.06875 0.09166666666666666
0 0.5196875 0.2975 0.079375 0.10333333333333333
0 0.494375 0.7916666666666666 0.0675 0.08666666666666667
0 0.320625 0.7045833333333333 0.075 0.0975
0 0.5971875 0.90125 0.075625 0.11083333333333334
0 0.5446875 0.8383333333333334 0.060625 0.08166666666666667
0 0.5071875 0.41458333333333336 0.079375 0.09583333333333334
0 0.2884375 0.4041666666666667 0.071875 0.09166666666666666
0 0.351875 0.33958333333333335 0.085 0.09916666666666667
0 0.750625 0.9354166666666667 0.055 0.0975
0 0.2709375 0.81625 0.076875 0.11583333333333333
0 0.8115625 0.27708333333333335 0.060625 0.08083333333333333
0 0.2353125 0.70625 0.054375 0.09916666666666667
0 0.5353125 0.7195833333333334 0.060625 0.07916666666666666
0 0.4546875 0.6504166666666666 0.071875 0.08916666666666667
0 0.469375 0.06208333333333333 0.07625 0.08916666666666667
0 0.67375 0.4708333333333333 0.065 0.1
0 0.3646875 0.06541666666666666 0.075625 0.1075
0 0.306875 0.47625 0.085 0.09416666666666666
0 0.62875 0.06375 0.06625 0.08083333333333333
0 0.2225 0.46791666666666665 0.09125 0.07583333333333334
0 0.4115625 0.5320833333333334 0.065625 0.08916666666666667
0 0.42 0.83375 0.07125 0.1025
0 0.64875 0.29875 0.0875 0.0925
0 0.1603125 0.50875 0.066875 0.09083333333333334
0 0.380625 0.8308333333333333 0.06 0.085
0 0.3140625 0.5933333333333334 0.075625 0.10333333333333333
0 0.459375 0.7070833333333333 0.0625 0.0875
0 0.725 0.40166666666666667 0.0725 0.14
1 0.5053125 0.54 0.084375 0.13666666666666666
0 0.4353125 0.5466666666666666 0.046875 0.10166666666666667
0 0.338125 0.5708333333333333 0.06125 0.08