1 0.9090625 0.5775 0.123125 0.16333333333333333
0 0.8965625 0.7983333333333333 0.119375 0.16
0 0.480625 0.17708333333333334 0.10875 0.14416666666666667
0 0.5240625 0.6258333333333334 0.109375 0.14666666666666667
0 0.1228125 0.27416666666666667 0.114375 0.15166666666666667
0 0.7621875 0.6908333333333333 0.118125 0.15833333333333333
0 0.359375 0.7341666666666666 0.1125 0.15
0 0.69125 0.3858333333333333 0.11875 0.15833333333333333
0 0.5865625 0.6779166666666666 0.119375 0.15916666666666668
0 0.2040625 0.45458333333333334 0.115625 0.15416666666666667
0 0.2203125 0.17458333333333334 0.109375 0.14583333333333334
0 0.3984375 0.25583333333333336 0.113125 0.15166666666666667
0 0.4665625 0.09208333333333334 0.119375 0.15916666666666668
0 0.2340625 0.7083333333333334 0.116875 0.155
0 0.5834375 0.31666666666666665 0.109375 0.145
0 0.7446875 0.3570833333333333 0.111875 0.14916666666666667
0 0.256875 0.63375 0.1125 0.15083333333333335
0 0.2740625 0.09375 0.119375 0.15916666666666668
0 0.17625 0.39708333333333334 0.125 0.16583333333333333
0 0.8765625 0.42083333333333334 0.125625 0.16666666666666666
1 0.81125 0.3904166666666667 0.1425 0.19083333333333333
0 0.6971875 0.69125 0.104375 0.13916666666666666
0 0.883125 0.6783333333333333 0.1075 0.14333333333333334
0 0.65375 0.75375 0.14875 0.1975
0 0.281875 0.5783333333333334 0.13375 0.17833333333333334
0 0.138125 0.6154166666666666 0.1275 0.17083333333333334