0 0.2946875 0.20708333333333334 0.100625 0.13416666666666666
0 0.4128125 0.5283333333333333 0.111875 0.14833333333333334
0 0.37875 0.7233333333333334 0.11625 0.155
0 0.496875 0.56125 0.1 0.13416666666666666
0 0.6503125 0.7345833333333334 0.104375 0.13916666666666666
0 0.2421875 0.6195833333333334 0.108125 0.14416666666666667
0 0.7684375 0.71125 0.099375 0.1325
0 0.661875 0.3908333333333333 0.1075 0.14333333333333334
0 0.4028125 0.23916666666666667 0.113125 0.15
0 0.32125 0.47833333333333333 0.10125 0.135
0 0.9028125 0.47041666666666665 0.106875 0.1425
0 0.5815625 0.45916666666666667 0.099375 0.13166666666666665
0 0.3 0.7583333333333333 0.10375 0.13833333333333334
0 0.2725 0.8979166666666667 0.10625 0.1425
0 0.1321875 0.355 0.105625 0.14
0 0.750625 0.10041666666666667 0.10875 0.14416666666666667
0 0.2175 0.3779166666666667 0.10375 0.1375
0 0.119375 0.8729166666666667 0.09 0.11916666666666667
0 0.45625 0.7320833333333333 0.1025 0.1375
0 0.825625 0.44583333333333336 0.105 0.14
0 0.9025 0.5758333333333333 0.10125 0.135
0 0.4575 0.43125 0.1175 0.15583333333333332
0 0.878125 0.31666666666666665 0.1075 0.14333333333333334
0 0.3975 0.625 0.105 0.14
0 0.778125 0.43916666666666665 0.11375 0.15166666666666667
0 0.7146875 0.61625 0.105625 0.14083333333333334
0 0.405 0.10875 0.10875 0.14416666666666667
0 0.236875 0.7025 0.11 0.14666666666666667
0 0.3825 0.34833333333333333 0.11125 0.14833333333333334
0 0.74 0.18 0.10125 0.135
0 0.7090625 0.5029166666666667 0.106875 0.1425
0 0.7465625 0.5404166666666667 0.098125 0.13083333333333333
0 0.5075 0.7033333333333334 0.1175 0.15666666666666668
0 0.8178125 0.10166666666666667 0.098125 0.13
0 0.634375 0.2825 0.09875 0.13166666666666665
0 0.8525 0.51125 0.1075 0.1425
0 0.796875 0.225 0.09375 0.125
0 0.22 0.5508333333333333 0.10375 0.13833333333333334
0 0.7996875 0.17208333333333334 0.099375 0.1325
0 0.6346875 0.24375 0.103125 0.1375