0 0.254375 0.9058333333333334 0.1025 0.13666666666666666
0 0.576875 0.11083333333333334 0.1125 0.15
0 0.3546875 0.7279166666666667 0.096875 0.12916666666666668
0 0.130625 0.35833333333333334 0.10875 0.145
0 0.7396875 0.74875 0.106875 0.1425
0 0.9284375 0.32625 0.089375 0.11916666666666667
0 0.8675 0.5058333333333334 0.11125 0.14833333333333334
0 0.4021875 0.10791666666666666 0.103125 0.1375
0 0.833125 0.25666666666666665 0.10875 0.145
0 0.2784375 0.5 0.103125 0.13666666666666666
0 0.4234375 0.71125 0.108125 0.14416666666666667
0 0.32375 0.6358333333333334 0.1075 0.14333333333333334
0 0.398125 0.86625 0.105 0.14083333333333334
0 0.5175 0.81 0.10875 0.145
1 0.3928125 0.3095833333333333 0.131875 0.17583333333333334
0 0.501875 0.14041666666666666 0.10875 0.14416666666666667
0 0.26625 0.7116666666666667 0.09375 0.125
0 0.149375 0.6120833333333333 0.11 0.14583333333333334
0 0.8465625 0.6179166666666667 0.106875 0.1425
0 0.5375 0.4791666666666667 0.10375 0.13833333333333334
0 0.33625 0.4245833333333333 0.0975 0.13083333333333333
0 0.7315625 0.8308333333333333 0.101875 0.135
0 0.6078125 0.22041666666666668 0.103125 0.1375
0 0.6875 0.4791666666666667 0.11375 0.15166666666666667
0 0.763125 0.4995833333333333 0.105 0.13916666666666666
0 0.391875 0.5954166666666667 0.11875 0.1575
0 0.63625 0.13375 0.09875 0.1325
0 0.301875 0.14625 0.11125 0.14916666666666667
0 0.1584375 0.48041666666666666 0.110625 0.1475
0 0.6021875 0.6270833333333333 0.111875 0.14916666666666667
0 0.6515625 0.28833333333333333 0.104375 0.14
0 0.211875 0.5704166666666667 0.09 0.12083333333333333
0 0.6709375 0.20958333333333334 0.101875 0.13583333333333333
0 0.4646875 0.83375 0.113125 0.15083333333333335