0 0.3428125 0.34291666666666665 0.064375 0.0875
1 0.7446875 0.8429166666666666 0.078125 0.10416666666666667
0 0.3053125 0.6229166666666667 0.063125 0.08583333333333333
1 0.69375 0.17625 0.075 0.10583333333333333
0 0.330625 0.47 0.07375 0.1
0 0.6140625 0.5025 0.081875 0.105
0 0.4028125 0.6804166666666667 0.059375 0.09416666666666666
0 0.71 0.30333333333333334 0.065 0.09833333333333333
0 0.789375 0.4479166666666667 0.06625 0.0875
0 0.4775 0.8775 0.06625 0.08166666666666667
0 0.784375 0.14333333333333334 0.06125 0.07333333333333333
0 0.1728125 0.9233333333333333 0.074375 0.10666666666666667
0 0.3878125 0.8066666666666666 0.063125 0.08
0 0.5425 0.3358333333333333 0.0775 0.09166666666666666
0 0.70625 0.7404166666666666 0.06625 0.0925
0 0.3171875 0.7104166666666667 0.064375 0.0825
0 0.550625 0.8975 0.0625 0.09666666666666666
0 0.4125 0.3725 0.07125 0.08833333333333333
0 0.5928125 0.05333333333333334 0.064375 0.08666666666666667
0 0.8271875 0.0475 0.069375 0.09333333333333334
0 0.3803125 0.12541666666666668 0.083125 0.09416666666666666
0 0.599375 0.91875 0.06875 0.09083333333333334
0 0.6375 0.11833333333333333 0.08125 0.085
0 0.3175 0.8008333333333333 0.065 0.09666666666666666
0 0.295 0.8120833333333334 0.0775 0.0875