0 0.1734375 0.28833333333333333 0.098125 0.13
0 0.9253125 0.7454166666666666 0.101875 0.13583333333333333
0 0.2859375 0.3595833333333333 0.105625 0.14083333333333334
0 0.361875 0.115 0.0925 0.12333333333333334
0 0.3003125 0.21958333333333332 0.083125 0.11083333333333334
0 0.5815625 0.6279166666666667 0.093125 0.12416666666666666
0 0.6115625 0.37583333333333335 0.081875 0.11
0 0.075 0.49416666666666664 0.09625 0.12833333333333333
0 0.3865625 0.27708333333333335 0.086875 0.11583333333333333
0 0.2121875 0.6029166666666667 0.096875 0.12916666666666668
0 0.3071875 0.8079166666666666 0.081875 0.10916666666666666
0 0.7628125 0.3229166666666667 0.084375 0.1125
0 0.11375 0.36083333333333334 0.09375 0.125
0 0.470625 0.8495833333333334 0.08625 0.11416666666666667
0 0.8628125 0.5325 0.089375 0.12
0 0.5465625 0.8320833333333333 0.096875 0.12916666666666668
0 0.2321875 0.09708333333333333 0.085625 0.11416666666666667
0 0.3725 0.8858333333333334 0.10125 0.135
0 0.4240625 0.57 0.089375 0.12
0 0.6621875 0.61625 0.095625 0.1275
0 0.8078125 0.43875 0.090625 0.12083333333333333
0 0.2934375 0.08791666666666667 0.096875 0.12916666666666668
0 0.48875 0.39875 0.08875 0.11916666666666667
0 0.6415625 0.2225 0.095625 0.12833333333333333
0 0.4553125 0.7629166666666667 0.099375 0.1325
0 0.1528125 0.6545833333333333 0.081875 0.10916666666666666
0 0.9603125 0.55875 0.075625 0.10083333333333333
0 0.4784375 0.93125 0.098125 0.13083333333333333
0 0.5459375 0.36583333333333334 0.086875 0.115
0 0.8165625 0.81625 0.106875 0.1425
0 0.38625 0.74375 0.0825 0.11083333333333334
0 0.406875 0.9275 0.0925 0.12333333333333334
0 0.6428125 0.05541666666666667 0.078125 0.10416666666666667
0 0.7196875 0.6470833333333333 0.104375 0.13916666666666666
0 0.6290625 0.50625 0.078125 0.10416666666666667
0 0.35125 0.53125 0.08375 0.11083333333333334
0 0.444375 0.68625 0.06875 0.09083333333333334
0 0.8734375 0.6879166666666666 0.084375 0.1125
0 0.8490625 0.36625 0.079375 0.10583333333333333
0 0.6890625 0.26958333333333334 0.074375 0.09916666666666667
0 0.3915625 0.63875 0.084375 0.1125
0 0.4640625 0.49916666666666665 0.096875 0.13
0 0.754375 0.5108333333333334 0.08625 0.115
0 0.3346875 0.6095833333333334 0.076875 0.1025
0 0.1271875 0.18625 0.103125 0.1375
0 0.465625 0.47541666666666665 0.0975 0.12916666666666668
0 0.21625 0.36583333333333334 0.0975 0.13
0 0.2784375 0.6733333333333333 0.099375 0.13333333333333333
0 0.5559375 0.90625 0.091875 0.1225
0 0.1878125 0.71 0.075625 0.10166666666666667
0 0.9084375 0.40791666666666665 0.094375 0.12583333333333332
0 0.7925 0.5583333333333333 0.0775 0.10333333333333333
0 0.745625 0.4125 0.07 0.09333333333333334
0 0.70375 0.47541666666666665 0.08375 0.11083333333333334
0 0.7240625 0.5041666666666667 0.083125 0.11
0 0.555625 0.5441666666666667 0.0775 0.10333333333333333
0 0.3978125 0.19125 0.085625 0.11416666666666667
0 0.4284375 0.37083333333333335 0.074375 0.1
0 0.3975 0.35625 0.08375 0.11083333333333334
0 0.59 0.7325 0.08625 0.115
0 0.6728125 0.9379166666666666 0.080625 0.1075
0 0.11375 0.2575 0.07625 0.10166666666666667
0 0.0859375 0.29333333333333333 0.064375 0.08666666666666667
1 0.2775 0.6066666666666667 0.1125 0.15