0 0.451875 0.44416666666666665 0.10875 0.145
0 0.7296875 0.08375 0.096875 0.12916666666666668
0 0.5271875 0.6633333333333333 0.099375 0.13166666666666665
0 0.474375 0.23291666666666666 0.09125 0.12083333333333333
0 0.485625 0.5645833333333333 0.10625 0.14083333333333334
0 0.1090625 0.7904166666666667 0.108125 0.14416666666666667
0 0.7484375 0.24791666666666667 0.079375 0.10583333333333333
0 0.599375 0.2758333333333333 0.0775 0.10333333333333333
0 0.4096875 0.20541666666666666 0.098125 0.13083333333333333
0 0.56375 0.4058333333333333 0.10625 0.14166666666666666
0 0.6496875 0.12583333333333332 0.093125 0.125
0 0.3703125 0.28541666666666665 0.105625 0.14083333333333334
0 0.7440625 0.6220833333333333 0.093125 0.12416666666666666
0 0.64375 0.21833333333333332 0.0925 0.12333333333333334
0 0.7934375 0.56375 0.113125 0.15083333333333335
0 0.691875 0.45125 0.09625 0.12916666666666668
0 0.693125 0.31416666666666665 0.09625 0.12833333333333333
0 0.2996875 0.3045833333333333 0.096875 0.12916666666666668
0 0.5503125 0.5191666666666667 0.101875 0.135
0 0.885625 0.3416666666666667 0.08875 0.11833333333333333
0 0.6890625 0.64875 0.091875 0.1225
0 0.6284375 0.7808333333333334 0.106875 0.14333333333333334
0 0.6471875 0.5070833333333333 0.091875 0.1225
0 0.830625 0.29291666666666666 0.0875 0.11583333333333333
0 0.746875 0.75125 0.10375 0.1375
0 0.4546875 0.8541666666666666 0.105625 0.14166666666666666
0 0.37875 0.49875 0.10125 0.13416666666666666
0 0.280625 0.1975 0.0825 0.11
0 0.404375 0.36083333333333334 0.09875 0.13166666666666665
0 0.370625 0.8375 0.1125 0.15
0 0.893125 0.26375 0.10125 0.13416666666666666
0 0.6521875 0.5895833333333333 0.084375 0.1125
0 0.2575 0.2375 0.0975 0.13
0 0.1534375 0.9120833333333334 0.100625 0.13416666666666666
0 0.69 0.24041666666666667 0.09 0.12083333333333333
0 0.6025 0.43833333333333335 0.09125 0.12166666666666667
0 0.4653125 0.15416666666666667 0.094375 0.125
0 0.1875 0.3516666666666667 0.0975 0.13
0 0.4221875 0.6620833333333334 0.100625 0.13416666666666666
0 0.594375 0.605 0.07625 0.10166666666666667
0 0.1959375 0.7391666666666666 0.106875 0.14333333333333334
0 0.8103125 0.6704166666666667 0.106875 0.1425
1 0.1115625 0.47458333333333336 0.116875 0.15583333333333332
0 0.895625 0.43166666666666664 0.1025 0.13666666666666666
0 0.5534375 0.21541666666666667 0.096875 0.12916666666666668
0 0.843125 0.15 0.11125 0.14833333333333334
0 0.8034375 0.08375 0.103125 0.1375
0 0.5775 0.73 0.1 0.13333333333333333
0 0.330625 0.7608333333333334 0.095 0.12666666666666668
0 0.394375 0.7258333333333333 0.09375 0.125
0 0.1771875 0.45958333333333334 0.090625 0.12083333333333333
0 0.7990625 0.1275 0.095625 0.12833333333333333
0 0.5940625 0.09458333333333334 0.085625 0.11416666666666667
0 0.614375 0.68 0.10125 0.135
1 0.5090625 0.8175 0.135625 0.18
1 0.76875 0.795 0.0875 0.11666666666666667
0 0.1996875 0.29291666666666666 0.086875 0.11583333333333333
0 0.5859375 0.5254166666666666 0.088125 0.1175
0 0.61625 0.3675 0.115 0.15333333333333332
0 0.8078125 0.275 0.080625 0.10833333333333334
0 0.255 0.7775 0.0925 0.12333333333333334
0 0.57375 0.20916666666666667 0.08375 0.11166666666666666
0 0.236875 0.8229166666666666 0.10125 0.13416666666666666
0 0.84 0.6383333333333333 0.08875 0.11833333333333333