0 0.345 0.6558333333333334 0.06625 0.085
0 0.1728125 0.45625 0.075625 0.1025
0 0.339375 0.66375 0.055 0.08083333333333333
0 0.5025 0.21125 0.08 0.10083333333333333
0 0.2475 0.67125 0.08125 0.0975
0 0.4071875 0.70375 0.084375 0.1075
0 0.5940625 0.49583333333333335 0.065625 0.09666666666666666
0 0.2615625 0.25125 0.069375 0.09416666666666666
0 0.5478125 0.5604166666666667 0.074375 0.09916666666666667
0 0.30625 0.13625 0.07375 0.1025
0 0.32625 0.3545833333333333 0.06125 0.08583333333333333
0 0.2475 0.8804166666666666 0.075 0.09916666666666667
0 0.42 0.56125 0.06875 0.09916666666666667
0 0.6871875 0.5991666666666666 0.073125 0.09333333333333334
0 0.713125 0.26208333333333333 0.08 0.10083333333333333
0 0.59125 0.6633333333333333 0.0725 0.10333333333333333
0 0.813125 0.6395833333333333 0.0825 0.10583333333333333
0 0.1978125 0.8245833333333333 0.075625 0.0975
0 0.2228125 0.17625 0.081875 0.0925
0 0.2665625 0.5695833333333333 0.070625 0.0825
0 0.1778125 0.2825 0.070625 0.095
0 0.3415625 0.5254166666666666 0.055625 0.08583333333333333
0 0.4403125 0.34125 0.058125 0.0775
0 0.303125 0.9316666666666666 0.075 0.10166666666666667
0 0.2825 0.40458333333333335 0.05875 0.0925
0 0.231875 0.33666666666666667 0.07125 0.09666666666666666
0 0.55125 0.35208333333333336 0.0675 0.0925
0 0.60125 0.16375 0.07875 0.10583333333333333
0 0.6478125 0.7716666666666666 0.071875 0.08666666666666667
0 0.1771875 0.5495833333333333 0.076875 0.11083333333333334
0 0.2084375 0.4708333333333333 0.064375 0.08166666666666667
0 0.486875 0.7920833333333334 0.0625 0.07416666666666667
0 0.5253125 0.89625 0.063125 0.09416666666666666
0 0.7009375 0.7245833333333334 0.079375 0.09916666666666667
1 0.39375 0.5166666666666667 0.075 0.10166666666666667
0 0.174375 0.08041666666666666 0.07125 0.08916666666666667
0 0.228125 0.54 0.05875 0.075
0 0.314375 0.4891666666666667 0.0675 0.085
0 0.35375 0.4583333333333333 0.06375 0.08333333333333333
0 0.3665625 0.41291666666666665 0.065625 0.08916666666666667
0 0.429375 0.43625 0.0575 0.0925
0 0.4665625 0.4216666666666667 0.060625 0.09
0 0.4890625 0.395 0.055625 0.07833333333333334
0 0.52375 0.28833333333333333 0.0575 0.075
0 0.619375 0.049166666666666664 0.06 0.085
0 0.77 0.8833333333333333 0.06875 0.09
0 0.6609375 0.8575 0.071875 0.095
0 0.174375 0.9533333333333334 0.05625 0.075
0 0.4896875 0.6320833333333333 0.066875 0.07916666666666666
0 0.4765625 0.7208333333333333 0.061875 0.07833333333333334
0 0.605625 0.9154166666666667 0.0675 0.09916666666666667
0 0.5046875 0.8741666666666666 0.074375 0.07
0 0.6515625 0.2675 0.064375 0.095
0 0.715625 0.8891666666666667 0.05875 0.07666666666666666
0 0.706875 0.7979166666666667 0.0525 0.0925
0 0.7346875 0.81125 0.059375 0.08416666666666667
0 0.2575 0.30416666666666664 0.07625 0.09833333333333333
0 0.2365625 0.06958333333333333 0.056875 0.08583333333333333