0 0.7709375 0.5454166666666667 0.089375 0.11916666666666667
0 0.52125 0.7120833333333333 0.085 0.11416666666666667
0 0.535625 0.8291666666666667 0.09125 0.12166666666666667
0 0.436875 0.7670833333333333 0.09 0.11916666666666667
0 0.84875 0.8258333333333333 0.08375 0.11166666666666666
0 0.7065625 0.52375 0.104375 0.13916666666666666
0 0.64125 0.6504166666666666 0.1075 0.1425
0 0.5853125 0.15708333333333332 0.113125 0.15083333333333335
0 0.705625 0.63375 0.09 0.11916666666666667
0 0.1353125 0.57875 0.104375 0.13916666666666666
0 0.6346875 0.7775 0.081875 0.11
0 0.64875 0.3358333333333333 0.1075 0.14333333333333334
0 0.691875 0.7491666666666666 0.09375 0.125
0 0.508125 0.85375 0.08625 0.11583333333333333
0 0.585625 0.7125 0.08 0.10666666666666667
0 0.905625 0.7583333333333333 0.10125 0.135
0 0.5840625 0.36125 0.113125 0.15083333333333335
0 0.4596875 0.5804166666666667 0.105625 0.14083333333333334
0 0.621875 0.9125 0.0875 0.11666666666666667
0 0.8015625 0.6345833333333334 0.101875 0.13583333333333333
0 0.065 0.5433333333333333 0.0925 0.12333333333333334
0 0.45375 0.8641666666666666 0.09125 0.12166666666666667
0 0.5828125 0.8766666666666667 0.084375 0.11166666666666666
0 0.7865625 0.7929166666666667 0.106875 0.1425
0 0.735625 0.8191666666666667 0.09375 0.125
0 0.3209375 0.7379166666666667 0.079375 0.10583333333333333
0 0.3921875 0.62 0.100625 0.135
0 0.2353125 0.37333333333333335 0.110625 0.14833333333333334
0 0.3709375 0.8616666666666667 0.098125 0.13166666666666665
0 0.24625 0.2525 0.1 0.13333333333333333
0 0.87375 0.6616666666666666 0.0875 0.11666666666666667
0 0.8253125 0.7204166666666667 0.098125 0.13083333333333333
0 0.2990625 0.8529166666666667 0.105625 0.14083333333333334
0 0.6046875 0.4295833333333333 0.078125 0.10416666666666667
0 0.44 0.675 0.10125 0.135
1 0.128125 0.20583333333333334 0.125 0.16666666666666666
1 0.845 0.55125 0.11625 0.15583333333333332
0 0.9021875 0.5579166666666666 0.089375 0.11916666666666667
0 0.7896875 0.32125 0.095625 0.1275
0 0.9025 0.6391666666666667 0.0925 0.12333333333333334
0 0.936875 0.6370833333333333 0.09 0.12083333333333333
0 0.708125 0.295 0.09 0.12
0 0.793125 0.94125 0.0825 0.10916666666666666
0 0.185 0.72125 0.09375 0.12583333333333332
0 0.793125 0.8666666666666667 0.08375 0.11166666666666666
0 0.553125 0.62125 0.1 0.13416666666666666
0 0.2575 0.10625 0.09 0.11916666666666667
0 0.363125 0.08666666666666667 0.0975 0.13
0 0.4271875 0.07875 0.095625 0.1275
0 0.3621875 0.27791666666666665 0.089375 0.11916666666666667
0 0.45375 0.11 0.1 0.13333333333333333
0 0.3215625 0.36875 0.089375 0.11916666666666667
0 0.3840625 0.3545833333333333 0.105625 0.14083333333333334
0 0.6365625 0.06625 0.084375 0.1125
0 0.6740625 0.14416666666666667 0.088125 0.11666666666666667
0 0.6475 0.2225 0.09125 0.12166666666666667
0 0.7640625 0.26708333333333334 0.085625 0.11416666666666667
0 0.936875 0.5533333333333333 0.08875 0.11833333333333333
0 0.1453125 0.48583333333333334 0.088125 0.11666666666666667
0 0.4078125 0.8504166666666667 0.095625 0.1275
0 0.3209375 0.7729166666666667 0.094375 0.12583333333333332
0 0.2653125 0.76875 0.086875 0.11583333333333333
0 0.223125 0.7333333333333333 0.07375 0.09833333333333333
0 0.499375 0.6433333333333333 0.09125 0.12166666666666667
0 0.3753125 0.6883333333333334 0.089375 0.11833333333333333
0 0.616875 0.5125 0.08625 0.115
0 0.10875 0.6154166666666666 0.09 0.11916666666666667