0 0.6121875 0.8695833333333334 0.100625 0.13416666666666666
0 0.1184375 0.15625 0.084375 0.1125
0 0.23125 0.10083333333333333 0.0975 0.13
0 0.1665625 0.32916666666666666 0.108125 0.145
0 0.7778125 0.41833333333333333 0.093125 0.125
0 0.4234375 0.60375 0.101875 0.13583333333333333
0 0.3625 0.675 0.09625 0.12833333333333333
0 0.55125 0.16833333333333333 0.1 0.13333333333333333
0 0.3375 0.3283333333333333 0.09875 0.13166666666666665
0 0.6284375 0.46291666666666664 0.100625 0.13416666666666666
0 0.6809375 0.9079166666666667 0.098125 0.13083333333333333
0 0.339375 0.8683333333333333 0.095 0.12666666666666668
0 0.3365625 0.5879166666666666 0.098125 0.13083333333333333
0 0.311875 0.20916666666666667 0.09875 0.13166666666666665
0 0.1725 0.6545833333333333 0.09875 0.1325
0 0.9128125 0.5270833333333333 0.104375 0.13916666666666666
0 0.566875 0.5258333333333334 0.10125 0.135
0 0.4871875 0.45125 0.098125 0.13083333333333333
0 0.7521875 0.8704166666666666 0.103125 0.1375
0 0.6734375 0.19208333333333333 0.085625 0.11416666666666667
0 0.418125 0.32166666666666666 0.10125 0.135
0 0.1621875 0.22333333333333333 0.090625 0.12166666666666667
0 0.0909375 0.44375 0.098125 0.13083333333333333
0 0.57375 0.66375 0.09875 0.13083333333333333
0 0.660625 0.36875 0.09875 0.13083333333333333
0 0.585625 0.235 0.10375 0.13833333333333334
0 0.62375 0.22 0.10125 0.135
0 0.7834375 0.82625 0.099375 0.1325
0 0.1246875 0.42791666666666667 0.105625 0.14083333333333334
0 0.5184375 0.5216666666666666 0.099375 0.13333333333333333
0 0.2578125 0.6441666666666667 0.089375 0.11833333333333333