0 0.3165625 0.3829166666666667 0.063125 0.09416666666666666
0 0.638125 0.40291666666666665 0.0675 0.07916666666666666
0 0.604375 0.20708333333333334 0.0625 0.0875
0 0.760625 0.41333333333333333 0.06625 0.105
0 0.281875 0.77 0.07 0.1
0 0.5740625 0.70625 0.070625 0.09916666666666667
0 0.163125 0.8254166666666667 0.06125 0.08916666666666667
0 0.5278125 0.13541666666666666 0.056875 0.08916666666666667
0 0.4671875 0.14125 0.070625 0.1075
0 0.4903125 0.32208333333333333 0.064375 0.09916666666666667
0 0.3109375 0.6925 0.074375 0.09
0 0.535 0.22958333333333333 0.055 0.08916666666666667
0 0.795625 0.89125 0.07625 0.11083333333333334
0 0.3034375 0.5733333333333334 0.061875 0.09
0 0.3553125 0.2816666666666667 0.059375 0.09666666666666666
0 0.355 0.5320833333333334 0.05875 0.09583333333333334
0 0.2015625 0.9083333333333333 0.075625 0.10833333333333334
0 0.3959375 0.44375 0.060625 0.0825
0 0.22375 0.6704166666666667 0.065 0.09083333333333334
0 0.16625 0.72 0.0675 0.09333333333333334
0 0.6234375 0.845 0.068125 0.10166666666666667
0 0.5434375 0.7795833333333333 0.074375 0.09416666666666666
0 0.405625 0.7408333333333333 0.0825 0.11666666666666667
0 0.2628125 0.4354166666666667 0.074375 0.09916666666666667
0 0.6540625 0.14916666666666667 0.058125 0.09
0 0.201875 0.28208333333333335 0.07375 0.10083333333333333
0 0.224375 0.7591666666666667 0.065 0.10333333333333333
0 0.7271875 0.11458333333333333 0.065625 0.07916666666666666
0 0.6846875 0.63 0.064375 0.085
0 0.52 0.43625 0.08125 0.11083333333333334
0 0.609375 0.10583333333333333 0.07125 0.09
0 0.6246875 0.32166666666666666 0.078125 0.09666666666666666
0 0.28125 0.61125 0.07 0.0925
0 0.698125 0.5275 0.06125 0.08833333333333333
0 0.7153125 0.8445833333333334 0.063125 0.0925
0 0.4090625 0.8383333333333334 0.069375 0.08666666666666667
0 0.7475 0.5508333333333333 0.0525 0.095
0 0.40375 0.9341666666666667 0.0675 0.09666666666666666
0 0.688125 0.3525 0.0725 0.09666666666666666
0 0.4084375 0.38375 0.070625 0.11083333333333334
0 0.580625 0.34041666666666665 0.05125 0.07416666666666667
0 0.830625 0.42583333333333334 0.07125 0.1
0 0.6715625 0.68 0.071875 0.09
0 0.26625 0.9116666666666666 0.0575 0.09
0 0.1621875 0.46041666666666664 0.060625 0.09583333333333334
0 0.5896875 0.89375 0.063125 0.09916666666666667
0 0.479375 0.77125 0.06125 0.08916666666666667
0 0.718125 0.2725 0.06875 0.09333333333333334
0 0.180625 0.16666666666666666 0.0825 0.095
0 0.7315625 0.78125 0.071875 0.08083333333333333
0 0.199375 0.37333333333333335 0.05875 0.08333333333333333
0 0.208125 0.5858333333333333 0.06375 0.09
0 0.8228125 0.5429166666666667 0.069375 0.08583333333333333
0 0.749375 0.31416666666666665 0.0675 0.09333333333333334
0 0.7846875 0.6816666666666666 0.054375 0.09666666666666666
0 0.744375 0.18458333333333332 0.0675 0.0825
0 0.4596875 0.555 0.078125 0.08666666666666667
0 0.3475 0.7945833333333333 0.0625 0.10916666666666666
1 0.7875 0.7570833333333333 0.0875 0.1075
0 0.220625 0.4429166666666667 0.06 0.0875
0 0.608125 0.5254166666666666 0.0575 0.07583333333333334
0 0.1959375 0.5479166666666667 0.061875 0.08416666666666667
0 0.1690625 0.6404166666666666 0.059375 0.0825
0 0.656875 0.5316666666666666 0.0675 0.10333333333333333
0 0.690625 0.7220833333333333 0.07125 0.09416666666666666
0 0.331875 0.8708333333333333 0.08625 0.09333333333333334
0 0.3421875 0.9033333333333333 0.075625 0.10166666666666667
1 0.525 0.5091666666666667 0.115 0.10666666666666667
0 0.8396875 0.69375 0.065625 0.08416666666666667
0 0.4425 0.49375 0.06875 0.09083333333333334
0 0.829375 0.48333333333333334 0.0725 0.09833333333333333
0 0.7634375 0.22291666666666668 0.073125 0.08416666666666667
0 0.8221875 0.18291666666666667 0.076875 0.0925
0 0.1590625 0.4 0.059375 0.105
0 0.805625 0.5579166666666666 0.06375 0.09083333333333334