0 0.5109375 0.7220833333333333 0.085625 0.11416666666666667
0 0.8840625 0.4925 0.098125 0.13
0 0.145625 0.44708333333333333 0.1025 0.13583333333333333
0 0.7309375 0.7404166666666666 0.103125 0.1375
0 0.3390625 0.69375 0.100625 0.13416666666666666
1 0.5075 0.25583333333333336 0.1125 0.15
0 0.49125 0.4245833333333333 0.10875 0.14416666666666667
0 0.6940625 0.11375 0.098125 0.13083333333333333
0 0.6728125 0.8929166666666667 0.094375 0.12583333333333332
0 0.37875 0.7875 0.09125 0.12166666666666667
0 0.6771875 0.6679166666666667 0.098125 0.13083333333333333
0 0.356875 0.5616666666666666 0.11 0.14666666666666667
0 0.8346875 0.34458333333333335 0.086875 0.11583333333333333
0 0.5146875 0.5391666666666667 0.098125 0.13166666666666665
0 0.635625 0.42 0.09375 0.125
0 0.8603125 0.20916666666666667 0.083125 0.11166666666666666
0 0.7784375 0.42041666666666666 0.095625 0.1275
1 0.3015625 0.17833333333333334 0.109375 0.145
0 0.7575 0.2475 0.09625 0.12833333333333333
0 0.67125 0.2275 0.095 0.12666666666666668
0 0.8309375 0.26375 0.086875 0.11583333333333333
0 0.7715625 0.19083333333333333 0.090625 0.12
0 0.459375 0.16541666666666666 0.09875 0.13083333333333333
0 0.9159375 0.3620833333333333 0.091875 0.1225
0 0.5284375 0.45208333333333334 0.094375 0.12583333333333332
0 0.4290625 0.9275 0.095625 0.12666666666666668
0 0.583125 0.4816666666666667 0.095 0.12666666666666668
0 0.430625 0.8229166666666666 0.09625 0.12916666666666668
0 0.1146875 0.8054166666666667 0.096875 0.12916666666666668
0 0.8440625 0.08458333333333333 0.083125 0.11083333333333334
0 0.4078125 0.8520833333333333 0.100625 0.13416666666666666
0 0.1184375 0.84 0.103125 0.13666666666666666