0 0.1065625 0.34958333333333336 0.081875 0.10916666666666666
0 0.774375 0.31583333333333335 0.1075 0.14333333333333334
0 0.223125 0.4525 0.08625 0.115
0 0.556875 0.19833333333333333 0.09125 0.12166666666666667
0 0.779375 0.7454166666666666 0.11125 0.14916666666666667
0 0.3903125 0.7945833333333333 0.095625 0.1275
0 0.8078125 0.5054166666666666 0.101875 0.13583333333333333
0 0.3821875 0.7045833333333333 0.098125 0.13083333333333333
0 0.470625 0.37125 0.105 0.14083333333333334
0 0.5446875 0.4483333333333333 0.091875 0.12333333333333334
0 0.2521875 0.7495833333333334 0.108125 0.14416666666666667
0 0.19625 0.2425 0.1025 0.13666666666666666
0 0.7878125 0.8529166666666667 0.116875 0.15583333333333332
0 0.31375 0.3616666666666667 0.1025 0.13666666666666666
1 0.1346875 0.44458333333333333 0.113125 0.15083333333333335
0 0.1521875 0.2225 0.103125 0.13666666666666666
0 0.9296875 0.5333333333333333 0.101875 0.135
0 0.943125 0.6683333333333333 0.105 0.14
0 0.605625 0.6975 0.0875 0.11666666666666667
0 0.6153125 0.605 0.098125 0.13
0 0.6059375 0.5333333333333333 0.088125 0.11833333333333333
0 0.8278125 0.40458333333333335 0.093125 0.12416666666666666
0 0.7328125 0.5454166666666667 0.100625 0.13416666666666666
0 0.63875 0.13458333333333333 0.09875 0.13083333333333333
0 0.2246875 0.5579166666666666 0.094375 0.12583333333333332
0 0.5946875 0.26625 0.101875 0.13583333333333333
0 0.5303125 0.10541666666666667 0.088125 0.1175
0 0.5421875 0.5941666666666666 0.093125 0.12333333333333334
0 0.9459375 0.7795833333333333 0.094375 0.12583333333333332
0 0.529375 0.9216666666666666 0.09125 0.12166666666666667
0 0.33125 0.10791666666666666 0.10625 0.14083333333333334
0 0.4975 0.6254166666666666 0.09 0.11916666666666667
0 0.650625 0.52875 0.0975 0.12916666666666668
0 0.273125 0.13416666666666666 0.095 0.12666666666666668
0 0.23875 0.10583333333333333 0.09375 0.125
0 0.4565625 0.4270833333333333 0.096875 0.12916666666666668
0 0.709375 0.895 0.10625 0.14166666666666666
0 0.4509375 0.3179166666666667 0.096875 0.12916666666666668
0 0.7365625 0.59625 0.093125 0.12416666666666666
0 0.2003125 0.6175 0.096875 0.13
0 0.556875 0.27708333333333335 0.08625 0.11583333333333333
0 0.30375 0.8641666666666666 0.08875 0.11833333333333333