0 0.7884375 0.06875 0.094375 0.12583333333333332
0 0.2828125 0.6304166666666666 0.089375 0.11916666666666667
0 0.4046875 0.08625 0.104375 0.13916666666666666
0 0.2215625 0.5995833333333334 0.094375 0.12583333333333332
0 0.225 0.26958333333333334 0.09125 0.1225
0 0.4875 0.44416666666666665 0.09125 0.12166666666666667
0 0.209375 0.5120833333333333 0.08875 0.1175
0 0.731875 0.11791666666666667 0.0875 0.1175
0 0.8134375 0.40208333333333335 0.099375 0.1325
0 0.1503125 0.62875 0.104375 0.13916666666666666
0 0.6625 0.7479166666666667 0.09125 0.12083333333333333
0 0.3559375 0.49916666666666665 0.089375 0.11833333333333333
0 0.165 0.40291666666666665 0.0975 0.13083333333333333
0 0.775 0.3625 0.0925 0.12333333333333334
0 0.8765625 0.45708333333333334 0.089375 0.11916666666666667
0 0.7759375 0.18583333333333332 0.093125 0.12333333333333334
0 0.7078125 0.25875 0.099375 0.1325
0 0.9325 0.49833333333333335 0.09 0.12
0 0.281875 0.51625 0.07875 0.10416666666666667
0 0.9528125 0.24208333333333334 0.079375 0.10583333333333333
0 0.29125 0.3 0.08625 0.115
0 0.743125 0.7470833333333333 0.09625 0.12916666666666668
0 0.5803125 0.16791666666666666 0.090625 0.12083333333333333
0 0.670625 0.64625 0.09375 0.12416666666666666
0 0.373125 0.28375 0.1 0.13416666666666666
0 0.5371875 0.38666666666666666 0.083125 0.11166666666666666
0 0.2346875 0.35625 0.081875 0.10916666666666666
0 0.510625 0.8770833333333333 0.07875 0.10416666666666667
0 0.3396875 0.6654166666666667 0.091875 0.1225
0 0.5259375 0.5245833333333333 0.090625 0.12083333333333333
0 0.6325 0.27791666666666665 0.09625 0.1275
0 0.9309375 0.33875 0.080625 0.1075
0 0.8478125 0.09541666666666666 0.086875 0.11583333333333333
0 0.1525 0.45666666666666667 0.08875 0.11833333333333333
0 0.6753125 0.5516666666666666 0.088125 0.11833333333333333
0 0.8053125 0.7366666666666667 0.085625 0.115
0 0.6528125 0.07958333333333334 0.076875 0.1025
0 0.2625 0.4216666666666667 0.09 0.12
0 0.6178125 0.81875 0.084375 0.1125
0 0.1065625 0.8420833333333333 0.090625 0.12083333333333333
0 0.159375 0.7258333333333333 0.0875 0.11666666666666667
0 0.74375 0.47583333333333333 0.0925 0.12333333333333334
0 0.6184375 0.4479166666666667 0.090625 0.12083333333333333
0 0.0559375 0.7679166666666667 0.089375 0.11916666666666667
0 0.5940625 0.32416666666666666 0.086875 0.115
0 0.6734375 0.15875 0.085625 0.11416666666666667
0 0.778125 0.23791666666666667 0.08625 0.11583333333333333
0 0.5809375 0.4554166666666667 0.080625 0.1075
0 0.3228125 0.35208333333333336 0.104375 0.13916666666666666
0 0.150625 0.9241666666666667 0.09125 0.12166666666666667
0 0.50375 0.18416666666666667 0.07375 0.09833333333333333
0 0.58 0.39 0.075 0.1
0 0.590625 0.26916666666666667 0.09625 0.12833333333333333
1 0.5859375 0.8508333333333333 0.116875 0.155
0 0.2503125 0.7433333333333333 0.068125 0.09
0 0.4190625 0.85875 0.075625 0.10083333333333333
0 0.1178125 0.81 0.083125 0.11166666666666666
0 0.245625 0.38416666666666666 0.08125 0.10833333333333334
0 0.335 0.38458333333333333 0.07625 0.1025
0 0.351875 0.41083333333333333 0.08125 0.10833333333333334
0 0.2971875 0.4995833333333333 0.079375 0.10583333333333333
0 0.448125 0.9370833333333334 0.08375 0.1125
0 0.4434375 0.9020833333333333 0.088125 0.1175
0 0.520625 0.9108333333333334 0.08875 0.11833333333333333
0 0.768125 0.4820833333333333 0.09125 0.12083333333333333
0 0.5575 0.545 0.0775 0.10333333333333333
0 0.565 0.5883333333333334 0.08125 0.10833333333333334
0 0.94625 0.36125 0.08125 0.10916666666666666
0 0.6409375 0.5345833333333333 0.083125 0.11083333333333334
0 0.6859375 0.6558333333333334 0.075625 0.1
0 0.50875 0.21666666666666667 0.08125 0.10833333333333334
0 0.6628125 0.10583333333333333 0.089375 0.12
0 0.8009375 0.2608333333333333 0.088125 0.11666666666666667