0 0.405625 0.8166666666666667 0.0975 0.13
0 0.8175 0.4170833333333333 0.08875 0.1175
0 0.3159375 0.39125 0.101875 0.13583333333333333
0 0.493125 0.69 0.095 0.12666666666666668
0 0.37125 0.905 0.095 0.12666666666666668
0 0.620625 0.8770833333333333 0.0975 0.13083333333333333
0 0.1725 0.4725 0.09375 0.125
0 0.928125 0.51125 0.09 0.11916666666666667
0 0.384375 0.08083333333333333 0.09875 0.13166666666666665
0 0.544375 0.4425 0.09625 0.12833333333333333
0 0.6946875 0.5825 0.093125 0.125
0 0.8590625 0.62 0.096875 0.13
0 0.75375 0.25875 0.09625 0.12916666666666668
0 0.1559375 0.26458333333333334 0.099375 0.1325
0 0.6021875 0.3325 0.089375 0.12
0 0.6778125 0.8316666666666667 0.100625 0.13333333333333333
0 0.4675 0.07083333333333333 0.10125 0.135
0 0.485625 0.8695833333333334 0.0925 0.1225
0 0.43625 0.6175 0.095 0.12666666666666668
0 0.7696875 0.9279166666666666 0.096875 0.12916666666666668
0 0.2628125 0.5870833333333333 0.100625 0.13416666666666666
0 0.6675 0.2475 0.09125 0.12166666666666667
0 0.3784375 0.6554166666666666 0.095625 0.1275
0 0.1109375 0.53 0.094375 0.125
0 0.624375 0.5858333333333333 0.0875 0.11666666666666667
0 0.7834375 0.7920833333333334 0.090625 0.12083333333333333
0 0.320625 0.1725 0.09625 0.12833333333333333
0 0.2584375 0.3025 0.090625 0.12166666666666667
0 0.0815625 0.19916666666666666 0.091875 0.12166666666666667
0 0.41375 0.7225 0.09125 0.12166666666666667
0 0.2203125 0.21666666666666667 0.091875 0.12166666666666667
0 0.7096875 0.16541666666666666 0.098125 0.13083333333333333
0 0.1896875 0.5979166666666667 0.089375 0.11916666666666667
0 0.493125 0.36041666666666666 0.09875 0.13083333333333333
0 0.81125 0.31958333333333333 0.10375 0.1375
0 0.57375 0.68125 0.09625 0.12916666666666668
0 0.8621875 0.8345833333333333 0.093125 0.12416666666666666
0 0.7521875 0.6970833333333334 0.094375 0.12583333333333332
0 0.7521875 0.37375 0.096875 0.12916666666666668
0 0.2996875 0.75875 0.090625 0.12083333333333333
0 0.6371875 0.08541666666666667 0.084375 0.1125
0 0.6753125 0.67875 0.090625 0.12083333333333333
0 0.3871875 0.17375 0.099375 0.1325
0 0.559375 0.5429166666666667 0.09 0.11916666666666667
0 0.485 0.25083333333333335 0.0875 0.11666666666666667
0 0.25375 0.14 0.085 0.11333333333333333
0 0.306875 0.06958333333333333 0.09875 0.1325
0 0.058125 0.49625 0.1 0.1325
0 0.68125 0.32958333333333334 0.09375 0.12583333333333332
0 0.55125 0.23083333333333333 0.08875 0.11833333333333333
0 0.1171875 0.41291666666666665 0.091875 0.1225
0 0.62625 0.4141666666666667 0.10125 0.135
0 0.38875 0.3516666666666667 0.09375 0.125
0 0.144375 0.14833333333333334 0.09 0.12
0 0.8684375 0.46541666666666665 0.093125 0.12416666666666666
0 0.54875 0.2791666666666667 0.10375 0.13833333333333334
0 0.424375 0.2525 0.10125 0.135
0 0.4671875 0.4708333333333333 0.096875 0.13
0 0.5928125 0.14166666666666666 0.089375 0.12
0 0.783125 0.5875 0.09 0.12
0 0.8396875 0.8770833333333333 0.103125 0.1375
0 0.9121875 0.7533333333333333 0.096875 0.13
0 0.335625 0.6 0.09 0.12
0 0.7596875 0.4891666666666667 0.084375 0.11333333333333333
0 0.55625 0.915 0.08375 0.11166666666666666
0 0.3190625 0.24708333333333332 0.088125 0.1175
0 0.2196875 0.7733333333333333 0.090625 0.12
0 0.83875 0.7079166666666666 0.09875 0.1325
0 0.4203125 0.38 0.099375 0.13333333333333333
0 0.539375 0.5845833333333333 0.09375 0.12416666666666666
0 0.3715625 0.5491666666666667 0.108125 0.14333333333333334
0 0.6478125 0.7175 0.095625 0.12833333333333333
0 0.0840625 0.4370833333333333 0.100625 0.13416666666666666
0 0.2059375 0.36916666666666664 0.099375 0.13333333333333333
0 0.35375 0.25875 0.1025 0.1375
0 0.8546875 0.7479166666666667 0.090625 0.12083333333333333
0 0.4225 0.15083333333333335 0.09125 0.12166666666666667
0 0.143125 0.6683333333333333 0.0925 0.12333333333333334
0 0.240625 0.3425 0.09875 0.13166666666666665
0 0.9334375 0.7675 0.094375 0.125
0 0.46625 0.515 0.0925 0.12333333333333334
0 0.5359375 0.94375 0.083125 0.11083333333333334
0 0.7596875 0.8279166666666666 0.086875 0.11583333333333333
0 0.1784375 0.5629166666666666 0.084375 0.1125
0 0.2965625 0.7291666666666666 0.084375 0.11166666666666666
0 0.7825 0.6308333333333334 0.09375 0.125
0 0.85625 0.5066666666666667 0.085 0.11333333333333333
0 0.7321875 0.48375 0.088125 0.1175
0 0.6146875 0.18041666666666667 0.084375 0.1125
0 0.1478125 0.115 0.079375 0.10666666666666667
0 0.2415625 0.10708333333333334 0.083125 0.11083333333333334