0 0.4490625 0.5104166666666666 0.105625 0.14083333333333334
0 0.6509375 0.13958333333333334 0.096875 0.12916666666666668
0 0.541875 0.46375 0.08625 0.11583333333333333
0 0.1165625 0.7170833333333333 0.091875 0.1225
0 0.238125 0.47625 0.095 0.1275
0 0.3503125 0.21708333333333332 0.091875 0.1225
0 0.6371875 0.30833333333333335 0.094375 0.12666666666666668
0 0.880625 0.1425 0.10375 0.13833333333333334
1 0.900625 0.48541666666666666 0.11375 0.15083333333333335
0 0.4090625 0.24875 0.101875 0.13583333333333333
0 0.633125 0.8483333333333334 0.095 0.12666666666666668
0 0.5396875 0.29791666666666666 0.095625 0.1275
0 0.69875 0.585 0.0975 0.13
0 0.353125 0.865 0.10125 0.135
0 0.090625 0.46 0.0825 0.11
0 0.611875 0.6933333333333334 0.09 0.12
0 0.555 0.8791666666666667 0.09125 0.12166666666666667
0 0.61625 0.21916666666666668 0.0825 0.11
0 0.7653125 0.46291666666666664 0.091875 0.1225
0 0.1590625 0.7829166666666667 0.083125 0.11083333333333334
1 0.70125 0.48875 0.115 0.15416666666666667
0 0.633125 0.47791666666666666 0.085 0.1125
0 0.595 0.4091666666666667 0.0975 0.13
0 0.285 0.8333333333333334 0.09875 0.13166666666666665
0 0.206875 0.635 0.1 0.13333333333333333
0 0.401875 0.8525 0.0875 0.11666666666666667
0 0.3640625 0.78125 0.085625 0.11416666666666667
0 0.4765625 0.07375 0.098125 0.13083333333333333
0 0.308125 0.555 0.0925 0.12333333333333334
0 0.5359375 0.80375 0.078125 0.10416666666666667
0 0.473125 0.67625 0.0875 0.1175
0 0.2765625 0.68125 0.096875 0.12916666666666668
0 0.5415625 0.54875 0.091875 0.1225
0 0.3303125 0.55375 0.098125 0.13083333333333333
0 0.169375 0.4033333333333333 0.07875 0.105
0 0.5009375 0.22541666666666665 0.083125 0.11083333333333334
0 0.1115625 0.5066666666666667 0.089375 0.12
0 0.089375 0.6333333333333333 0.1025 0.13666666666666666
0 0.460625 0.40166666666666667 0.0775 0.10333333333333333
0 0.310625 0.7541666666666667 0.0925 0.12333333333333334
0 0.256875 0.5175 0.09875 0.13166666666666665
0 0.2103125 0.5554166666666667 0.091875 0.1225
0 0.593125 0.7725 0.0825 0.11
0 0.200625 0.9291666666666667 0.07125 0.095
0 0.785625 0.31166666666666665 0.075 0.1
0 0.555 0.38166666666666665 0.07625 0.10166666666666667
0 0.801875 0.7379166666666667 0.0725 0.0975
0 0.7196875 0.7829166666666667 0.076875 0.1025
0 0.69625 0.8545833333333334 0.0725 0.09583333333333334
0 0.4825 0.7729166666666667 0.075 0.09916666666666667
0 0.7115625 0.3095833333333333 0.078125 0.10416666666666667
0 0.18375 0.8508333333333333 0.08625 0.115
0 0.145625 0.6308333333333334 0.09375 0.125
0 0.25 0.37083333333333335 0.09125 0.12166666666666667
0 0.4334375 0.16583333333333333 0.085625 0.11333333333333333
0 0.6396875 0.60875 0.076875 0.1025
0 0.640625 0.5291666666666667 0.085 0.11333333333333333
0 0.2234375 0.28791666666666665 0.081875 0.10916666666666666
0 0.19625 0.355 0.07875 0.105
0 0.6728125 0.21 0.076875 0.10166666666666667
0 0.2275 0.7141666666666666 0.06875 0.09166666666666666
0 0.12625 0.4041666666666667 0.08125 0.10833333333333334
0 0.140625 0.56125 0.07 0.09416666666666666
0 0.83 0.35 0.07375 0.09833333333333333
0 0.826875 0.20166666666666666 0.0775 0.10333333333333333
0 0.500625 0.8729166666666667 0.0775 0.10416666666666667
0 0.533125 0.6491666666666667 0.09875 0.13166666666666665
0 0.9184375 0.21083333333333334 0.073125 0.09666666666666666
0 0.5896875 0.5533333333333333 0.083125 0.11
0 0.6984375 0.7104166666666667 0.070625 0.09416666666666666
0 0.655 0.7258333333333333 0.0825 0.11
0 0.678125 0.7825 0.075 0.1
0 0.739375 0.11291666666666667 0.0675 0.09083333333333334
0 0.756875 0.05 0.05625 0.075
0 0.269375 0.9129166666666667 0.06625 0.0875
0 0.22125 0.9045833333333333 0.0725 0.09583333333333334
1 0.5509375 0.7258333333333333 0.101875 0.13666666666666666