0 0.3971875 0.10541666666666667 0.060625 0.0875
0 0.4453125 0.66125 0.060625 0.08583333333333333
0 0.1709375 0.11375 0.068125 0.09416666666666666
0 0.9540625 0.4625 0.058125 0.09166666666666666
0 0.70125 0.7025 0.06875 0.09
0 0.7803125 0.9054166666666666 0.070625 0.09916666666666667
0 0.844375 0.5979166666666667 0.06875 0.0975
0 0.1896875 0.37125 0.069375 0.09583333333333334
0 0.7725 0.75125 0.0675 0.09916666666666667
0 0.4325 0.45458333333333334 0.08875 0.09916666666666667
0 0.4759375 0.59125 0.074375 0.10083333333333333
0 0.28 0.16916666666666666 0.07 0.095
0 0.0865625 0.67625 0.065625 0.10083333333333333
0 0.070625 0.14125 0.07125 0.09416666666666666
0 0.5934375 0.6820833333333334 0.081875 0.09916666666666667
0 0.666875 0.6020833333333333 0.07125 0.10416666666666667
0 0.080625 0.94875 0.07625 0.10083333333333333
0 0.6334375 0.25875 0.069375 0.10916666666666666
0 0.1453125 0.6391666666666667 0.065625 0.11833333333333333
0 0.5853125 0.85875 0.075625 0.09583333333333334
0 0.9315625 0.8654166666666666 0.064375 0.0975
0 0.6034375 0.08416666666666667 0.079375 0.105
0 0.2803125 0.27458333333333335 0.078125 0.1075
0 0.536875 0.3466666666666667 0.0825 0.105
0 0.21875 0.42583333333333334 0.07375 0.085
0 0.19375 0.5225 0.07875 0.10833333333333334
0 0.7571875 0.13125 0.050625 0.10083333333333333
0 0.4775 0.13083333333333333 0.0875 0.105