0 0.55 0.12708333333333333 0.06375 0.07916666666666666
0 0.3234375 0.49833333333333335 0.069375 0.08
0 0.178125 0.3120833333333333 0.065 0.07916666666666666
0 0.2825 0.34958333333333336 0.075 0.09916666666666667
0 0.33375 0.5904166666666667 0.06125 0.0875
0 0.326875 0.9175 0.06375 0.07833333333333334
0 0.785 0.35083333333333333 0.0625 0.10666666666666667
0 0.2940625 0.1375 0.080625 0.095
0 0.369375 0.9433333333333334 0.06875 0.10166666666666667
0 0.435 0.9145833333333333 0.06625 0.08083333333333333
0 0.2103125 0.49666666666666665 0.078125 0.1
0 0.40375 0.6875 0.075 0.09166666666666666
0 0.8321875 0.2725 0.060625 0.10166666666666667
0 0.58625 0.9333333333333333 0.0575 0.07833333333333334
0 0.5109375 0.5404166666666667 0.068125 0.0775
0 0.73 0.38416666666666666 0.0625 0.11166666666666666
0 0.1990625 0.06541666666666666 0.059375 0.07416666666666667
0 0.533125 0.8970833333333333 0.06125 0.0875
0 0.5059375 0.30583333333333335 0.059375 0.08666666666666667
0 0.2121875 0.13541666666666666 0.056875 0.07916666666666666
0 0.6228125 0.47 0.065625 0.09666666666666666
0 0.3165625 0.07166666666666667 0.050625 0.056666666666666664
0 0.4615625 0.21916666666666668 0.065625 0.105
0 0.5478125 0.2775 0.059375 0.095
0 0.4328125 0.09125 0.058125 0.0775
0 0.389375 0.4529166666666667 0.06375 0.08916666666666667
0 0.3790625 0.2791666666666667 0.053125 0.07833333333333334
0 0.540625 0.4675 0.0525 0.065
0 0.435625 0.49416666666666664 0.06375 0.085
0 0.6003125 0.31666666666666665 0.054375 0.07166666666666667
0 0.159375 0.20541666666666666 0.06625 0.0875
0 0.4878125 0.6945833333333333 0.053125 0.07083333333333333
0 0.4834375 0.8666666666666667 0.053125 0.06833333333333333
0 0.78625 0.035 0.0575 0.06666666666666667
0 0.1540625 0.85125 0.059375 0.08583333333333333