0 0.4696875 0.6325 0.095625 0.12833333333333333
0 0.881875 0.43375 0.09375 0.12416666666666666
0 0.7175 0.19083333333333333 0.0875 0.11666666666666667
0 0.3975 0.67125 0.09625 0.12916666666666668
0 0.8471875 0.34833333333333333 0.094375 0.12666666666666668
0 0.7871875 0.3933333333333333 0.084375 0.11166666666666666
0 0.1671875 0.5170833333333333 0.091875 0.1225
0 0.300625 0.31166666666666665 0.09125 0.12166666666666667
0 0.12125 0.7516666666666667 0.0875 0.11666666666666667
0 0.09625 0.8166666666666667 0.09625 0.12833333333333333
0 0.4678125 0.73375 0.093125 0.12416666666666666
0 0.88375 0.5333333333333333 0.0925 0.12333333333333334
0 0.268125 0.8758333333333334 0.08125 0.10833333333333334
0 0.375625 0.9016666666666666 0.10125 0.135
0 0.693125 0.585 0.0875 0.11666666666666667
0 0.6575 0.6508333333333334 0.09 0.12
0 0.2421875 0.24875 0.079375 0.10583333333333333
0 0.6425 0.19833333333333333 0.09125 0.12166666666666667
0 0.6865625 0.27625 0.083125 0.11083333333333334
0 0.4790625 0.19333333333333333 0.084375 0.11166666666666666
0 0.8075 0.255 0.0875 0.11666666666666667
0 0.349375 0.47208333333333335 0.09625 0.12916666666666668
0 0.368125 0.35041666666666665 0.0825 0.11083333333333334
0 0.743125 0.7683333333333333 0.07875 0.105
0 0.9409375 0.37333333333333335 0.080625 0.10833333333333334
0 0.1984375 0.6958333333333333 0.093125 0.125
0 0.24625 0.7458333333333333 0.085 0.11333333333333333
0 0.1809375 0.3 0.083125 0.11
0 0.8946875 0.23958333333333334 0.085625 0.11416666666666667
0 0.72625 0.4475 0.0775 0.10333333333333333
0 0.40375 0.3375 0.0875 0.11666666666666667
0 0.6528125 0.8520833333333333 0.081875 0.10916666666666666
0 0.716875 0.09833333333333333 0.0975 0.13
0 0.8384375 0.6704166666666667 0.090625 0.12083333333333333
0 0.6953125 0.4816666666666667 0.083125 0.11166666666666666
0 0.7665625 0.5545833333333333 0.084375 0.1125
0 0.33625 0.815 0.0925 0.12333333333333334
0 0.3796875 0.15083333333333335 0.085625 0.11333333333333333
0 0.456875 0.27666666666666667 0.0875 0.11666666666666667
0 0.5121875 0.3954166666666667 0.088125 0.1175
0 0.4396875 0.11041666666666666 0.086875 0.11583333333333333
0 0.6546875 0.37125 0.085625 0.11416666666666667
0 0.6225 0.7983333333333333 0.0725 0.09666666666666666
0 0.578125 0.22125 0.07625 0.1025
0 0.24625 0.65625 0.09125 0.1225
0 0.21375 0.9241666666666667 0.085 0.11333333333333333
0 0.61125 0.75 0.09625 0.12833333333333333
0 0.845 0.14541666666666667 0.0925 0.12416666666666666
0 0.091875 0.5929166666666666 0.08 0.1075
0 0.2684375 0.5616666666666666 0.083125 0.11
0 0.3496875 0.12333333333333334 0.088125 0.11833333333333333
0 0.42 0.455 0.0825 0.11
0 0.7521875 0.30916666666666665 0.081875 0.10833333333333334
0 0.7515625 0.68625 0.095625 0.1275
0 0.1871875 0.79625 0.076875 0.1025
0 0.21125 0.58625 0.0825 0.10916666666666666
0 0.3328125 0.6979166666666666 0.098125 0.13083333333333333
0 0.3178125 0.6216666666666667 0.086875 0.115
0 0.2746875 0.17708333333333334 0.088125 0.1175
0 0.32875 0.5441666666666667 0.08 0.10666666666666667
0 0.1603125 0.41375 0.096875 0.12916666666666668
0 0.4025 0.1975 0.0825 0.11
0 0.2659375 0.4666666666666667 0.074375 0.1
0 0.6540625 0.9283333333333333 0.081875 0.11
0 0.5865625 0.2941666666666667 0.100625 0.135
0 0.0671875 0.6770833333333334 0.089375 0.11916666666666667
0 0.0478125 0.7604166666666666 0.071875 0.09583333333333334
0 0.4590625 0.38208333333333333 0.091875 0.1225
0 0.2059375 0.8366666666666667 0.081875 0.11
0 0.176875 0.34833333333333333 0.08375 0.11166666666666666
0 0.4803125 0.8520833333333333 0.099375 0.1325
0 0.4715625 0.32666666666666666 0.081875 0.11
0 0.4615625 0.4825 0.091875 0.12166666666666667
1 0.549375 0.82375 0.11875 0.1575
0 0.559375 0.6616666666666666 0.08375 0.11166666666666666
0 0.5609375 0.48333333333333334 0.091875 0.12166666666666667
0 0.62 0.45916666666666667 0.08 0.10666666666666667
0 0.55625 0.09166666666666666 0.075 0.1
0 0.519375 0.57125 0.10125 0.13583333333333333
0 0.3984375 0.5808333333333333 0.078125 0.105
0 0.1009375 0.505 0.083125 0.11166666666666666
0 0.191875 0.39 0.0825 0.11
1 0.5790625 0.40708333333333335 0.094375 0.12583333333333332
0 0.133125 0.64875 0.08375 0.1125
0 0.0828125 0.4675 0.083125 0.11
0 0.240625 0.28458333333333335 0.105 0.14083333333333334
0 0.308125 0.22708333333333333 0.0825 0.10916666666666666
0 0.2759375 0.3729166666666667 0.068125 0.09083333333333334
0 0.29375 0.56125 0.085 0.11416666666666667
0 0.2125 0.6191666666666666 0.08 0.10666666666666667
0 0.4025 0.765 0.08625 0.115
0 0.1965625 0.8866666666666667 0.079375 0.105
0 0.5165625 0.90625 0.083125 0.11083333333333334
0 0.30625 0.7975 0.0825 0.11
0 0.1221875 0.61625 0.085625 0.11416666666666667
0 0.2253125 0.69375 0.099375 0.1325
0 0.700625 0.6233333333333333 0.08 0.10666666666666667
0 0.6903125 0.88125 0.089375 0.11916666666666667
0 0.43375 0.7741666666666667 0.085 0.11333333333333333
0 0.4128125 0.7891666666666667 0.079375 0.10666666666666667
0 0.481875 0.46416666666666667 0.0875 0.11666666666666667
0 0.4009375 0.55875 0.078125 0.10416666666666667
0 0.42625 0.5566666666666666 0.08375 0.11166666666666666
0 0.323125 0.645 0.07 0.09333333333333334
0 0.4578125 0.135 0.081875 0.10833333333333334
0 0.340625 0.23333333333333334 0.08 0.10666666666666667
0 0.3553125 0.25375 0.090625 0.12083333333333333
0 0.640625 0.065 0.07125 0.095
0 0.6140625 0.09416666666666666 0.089375 0.12
0 0.5859375 0.10625 0.084375 0.1125
0 0.74375 0.10666666666666667 0.08625 0.115
0 0.653125 0.23583333333333334 0.0925 0.12333333333333334
0 0.674375 0.3525 0.09 0.12
0 0.83 0.26375 0.07375 0.09916666666666667
0 0.851875 0.19833333333333333 0.1025 0.13666666666666666
0 0.9525 0.3958333333333333 0.0875 0.11666666666666667
0 0.8259375 0.48125 0.091875 0.1225
0 0.7925 0.56125 0.085 0.11416666666666667
0 0.773125 0.66125 0.08125 0.10916666666666666
0 0.7859375 0.6033333333333334 0.079375 0.105
0 0.76375 0.2775 0.08875 0.11833333333333333
0 0.51625 0.32 0.08875 0.11833333333333333
0 0.4925 0.2945833333333333 0.09125 0.12083333333333333
0 0.0996875 0.5370833333333334 0.083125 0.11083333333333334
0 0.4959375 0.8129166666666666 0.074375 0.09916666666666667
0 0.4046875 0.43083333333333335 0.078125 0.10333333333333333
0 0.3734375 0.23083333333333333 0.081875 0.10833333333333334
0 0.291875 0.46375 0.08125 0.1075