0 0.124375 0.4841666666666667 0.07 0.09166666666666666
0 0.27625 0.7508333333333334 0.07 0.09166666666666666
0 0.738125 0.5820833333333333 0.065 0.08916666666666667
0 0.3346875 0.3670833333333333 0.076875 0.09916666666666667
0 0.6946875 0.16583333333333333 0.065625 0.08333333333333333
0 0.36375 0.49125 0.06375 0.0825
0 0.08 0.6345833333333334 0.05875 0.08083333333333333
0 0.42375 0.16458333333333333 0.06875 0.0875
1 0.8853125 0.0925 0.076875 0.11
0 0.7071875 0.4041666666666667 0.058125 0.09333333333333334
0 0.63375 0.355 0.075 0.095
0 0.71375 0.9379166666666666 0.065 0.0825
0 0.4440625 0.8120833333333334 0.078125 0.11083333333333334
0 0.8240625 0.8695833333333334 0.068125 0.0875
0 0.415 0.29625 0.075 0.09416666666666666
0 0.23125 0.22041666666666668 0.0575 0.08916666666666667
0 0.4890625 0.25833333333333336 0.070625 0.09333333333333334
0 0.5165625 0.9354166666666667 0.070625 0.0925
0 0.6765625 0.25708333333333333 0.070625 0.09583333333333334
0 0.9025 0.4166666666666667 0.07625 0.105
0 0.0884375 0.7754166666666666 0.066875 0.07916666666666666
0 0.5346875 0.14208333333333334 0.060625 0.0825
0 0.34625 0.775 0.06625 0.09
0 0.89125 0.8333333333333334 0.06375 0.08333333333333333
0 0.665625 0.5558333333333333 0.0675 0.08
0 0.8709375 0.5958333333333333 0.060625 0.10333333333333333
0 0.755 0.13166666666666665 0.0625 0.08166666666666667
0 0.7640625 0.22583333333333333 0.070625 0.08833333333333333
0 0.4025 0.057916666666666665 0.05625 0.08083333333333333
0 0.2840625 0.18083333333333335 0.063125 0.09333333333333334
0 0.4875 0.48041666666666666 0.05375 0.11416666666666667
0 0.4925 0.42916666666666664 0.07125 0.08833333333333333
0 0.8434375 0.2 0.079375 0.1
0 0.070625 0.32083333333333336 0.0675 0.09166666666666666
0 0.520625 0.31083333333333335 0.0675 0.08666666666666667
0 0.6765625 0.7983333333333333 0.081875 0.095
0 0.62 0.8641666666666666 0.0625 0.10166666666666667
0 0.9521875 0.28291666666666665 0.066875 0.09083333333333334
0 0.1596875 0.345 0.053125 0.105
0 0.453125 0.052083333333333336 0.05875 0.08583333333333333
0 0.789375 0.9541666666666667 0.065 0.08833333333333333
0 0.9246875 0.91375 0.056875 0.0975
0 0.0353125 0.3958333333333333 0.063125 0.08833333333333333
0 0.658125 0.8645833333333334 0.0725 0.10083333333333333