0 0.6146875 0.17291666666666666 0.099375 0.1325
0 0.1725 0.41375 0.09125 0.12083333333333333
0 0.583125 0.4266666666666667 0.09625 0.12833333333333333
0 0.6934375 0.34541666666666665 0.084375 0.1125
0 0.1796875 0.6991666666666667 0.109375 0.145
0 0.3946875 0.3879166666666667 0.094375 0.12583333333333332
0 0.4490625 0.7570833333333333 0.106875 0.1425
0 0.77 0.7708333333333334 0.1 0.13333333333333333
0 0.5775 0.7366666666666667 0.10875 0.145
0 0.148125 0.6104166666666667 0.09625 0.1275
0 0.453125 0.6120833333333333 0.1025 0.1375
0 0.2365625 0.28958333333333336 0.106875 0.1425
0 0.693125 0.5508333333333333 0.09125 0.12166666666666667
0 0.485 0.5083333333333333 0.11125 0.14833333333333334
0 0.3796875 0.13625 0.105625 0.14083333333333334
0 0.3309375 0.30291666666666667 0.095625 0.1275
0 0.4059375 0.54 0.100625 0.13333333333333333
0 0.384375 0.7341666666666666 0.1075 0.14333333333333334
0 0.34 0.64375 0.10875 0.14416666666666667
0 0.14 0.4975 0.11 0.14666666666666667
0 0.85875 0.35791666666666666 0.0925 0.12416666666666666
0 0.6128125 0.28958333333333336 0.095625 0.1275
0 0.5403125 0.335 0.100625 0.13333333333333333
0 0.37625 0.8191666666666667 0.10875 0.145
0 0.2725 0.65375 0.11375 0.15083333333333335
0 0.741875 0.07125 0.0975 0.12916666666666668
0 0.895 0.5583333333333333 0.0975 0.13
0 0.866875 0.42583333333333334 0.1 0.13333333333333333
0 0.095625 0.4245833333333333 0.11125 0.1475
0 0.313125 0.57875 0.09375 0.12416666666666666
0 0.765 0.43916666666666665 0.095 0.12666666666666668
0 0.9309375 0.5583333333333333 0.095625 0.12666666666666668
0 0.5503125 0.2 0.085625 0.11333333333333333
0 0.80625 0.4533333333333333 0.105 0.14
0 0.1140625 0.5716666666666667 0.109375 0.14666666666666667
0 0.7065625 0.8620833333333333 0.104375 0.13916666666666666
0 0.703125 0.6433333333333333 0.105 0.14
0 0.544375 0.83875 0.0975 0.12916666666666668
0 0.4871875 0.10541666666666667 0.083125 0.11083333333333334
0 0.5059375 0.87375 0.103125 0.1375
0 0.3859375 0.24041666666666667 0.098125 0.13083333333333333
0 0.344375 0.5033333333333333 0.1075 0.14333333333333334
0 0.8784375 0.47875 0.110625 0.1475
0 0.2771875 0.15708333333333332 0.089375 0.11916666666666667
0 0.6803125 0.2708333333333333 0.095625 0.12833333333333333
0 0.801875 0.6066666666666667 0.11125 0.14833333333333334
0 0.3075 0.2225 0.09125 0.12166666666666667
0 0.4834375 0.2375 0.110625 0.14666666666666667
0 0.3303125 0.19875 0.095625 0.1275
0 0.573125 0.8179166666666666 0.0925 0.12416666666666666
0 0.778125 0.09875 0.08375 0.11083333333333334
0 0.301875 0.115 0.09 0.12
0 0.5034375 0.20291666666666666 0.101875 0.13583333333333333
0 0.2684375 0.52125 0.104375 0.13916666666666666
0 0.8515625 0.07458333333333333 0.099375 0.1325
0 0.804375 0.34291666666666665 0.1225 0.16416666666666666
0 0.0625 0.7779166666666667 0.10875 0.14583333333333334
0 0.435 0.24625 0.1025 0.13583333333333333
0 0.539375 0.08333333333333333 0.11 0.14666666666666667