0 0.110625 0.28 0.07375 0.08333333333333333
0 0.4853125 0.7791666666666667 0.059375 0.08333333333333333
0 0.290625 0.4766666666666667 0.065 0.09
0 0.6321875 0.5295833333333333 0.071875 0.0925
0 0.1796875 0.9316666666666666 0.066875 0.085
0 0.8025 0.6554166666666666 0.0675 0.08416666666666667
0 0.649375 0.19041666666666668 0.065 0.1025
0 0.7040625 0.9025 0.069375 0.09
0 0.7334375 0.65125 0.074375 0.0975
0 0.2265625 0.13833333333333334 0.059375 0.07666666666666666
0 0.289375 0.6916666666666667 0.075 0.09166666666666666
0 0.718125 0.28708333333333336 0.06125 0.07916666666666666
0 0.9278125 0.55375 0.055625 0.08583333333333333
0 0.4078125 0.8858333333333334 0.070625 0.1
0 0.25875 0.08125 0.06875 0.10083333333333333
0 0.5928125 0.10833333333333334 0.056875 0.075
0 0.8309375 0.31416666666666665 0.063125 0.08
0 0.25875 0.8358333333333333 0.06375 0.085
0 0.1571875 0.76 0.065625 0.09666666666666666
0 0.5871875 0.9383333333333334 0.059375 0.08
0 0.4225 0.38125 0.065 0.0875
0 0.9053125 0.6520833333333333 0.056875 0.08583333333333333
0 0.498125 0.08833333333333333 0.0675 0.085
0 0.8428125 0.13833333333333334 0.060625 0.085
0 0.588125 0.315 0.055 0.09
0 0.34125 0.8791666666666667 0.065 0.08666666666666667
0 0.7584375 0.09583333333333334 0.058125 0.075
0 0.84125 0.3954166666666667 0.06125 0.08583333333333333
0 0.494375 0.29375 0.0675 0.0825
0 0.375 0.09625 0.05875 0.08583333333333333
0 0.586875 0.8158333333333333 0.05375 0.10333333333333333
0 0.1821875 0.3458333333333333 0.074375 0.09833333333333333
0 0.4721875 0.4270833333333333 0.074375 0.0875
0 0.3621875 0.17416666666666666 0.063125 0.07833333333333334
0 0.30875 0.7545833333333334 0.0725 0.0925
0 0.0915625 0.8583333333333333 0.054375 0.10833333333333334
0 0.5153125 0.205 0.058125 0.09333333333333334
0 0.2634375 0.3308333333333333 0.058125 0.085
0 0.8428125 0.7166666666666667 0.054375 0.08
0 0.785625 0.7679166666666667 0.05625 0.0725
1 0.104375 0.5204166666666666 0.08125 0.10916666666666666
0 0.3146875 0.37083333333333335 0.068125 0.09
0 0.254375 0.20166666666666666 0.05375 0.10333333333333333
0 0.0378125 0.7316666666666667 0.064375 0.08666666666666667
0 0.1890625 0.4995833333333333 0.056875 0.06416666666666666
0 0.225 0.7679166666666667 0.07125 0.0875
0 0.3196875 0.08291666666666667 0.053125 0.07083333333333333
0 0.1171875 0.3775 0.056875 0.09
0 0.7109375 0.21041666666666667 0.061875 0.10916666666666666
0 0.6903125 0.4708333333333333 0.068125 0.07666666666666666
0 0.3359375 0.8233333333333334 0.061875 0.07666666666666666
0 0.873125 0.26875 0.0625 0.0875
0 0.3371875 0.5208333333333334 0.051875 0.095
0 0.6640625 0.075 0.054375 0.07333333333333333
0 0.0446875 0.6725 0.068125 0.08166666666666667
0 0.135 0.6579166666666667 0.0575 0.0825
0 0.2028125 0.38416666666666666 0.051875 0.075
0 0.7509375 0.5083333333333333 0.049375 0.11333333333333333
0 0.898125 0.3875 0.05 0.07666666666666666
0 0.4646875 0.17083333333333334 0.054375 0.09333333333333334
1 0.815625 0.87 0.0625 0.12
0 0.8034375 0.44958333333333333 0.051875 0.06916666666666667
0 0.151875 0.12625 0.05625 0.09416666666666666
0 0.5725 0.35333333333333333 0.06375 0.07666666666666666
0 0.599375 0.23583333333333334 0.05875 0.07166666666666667
0 0.785625 0.25 0.065 0.065
0 0.3846875 0.5183333333333333 0.048125 0.10666666666666667
0 0.445625 0.4658333333333333 0.0575 0.08166666666666667
0 0.7075 0.12 0.05375 0.12666666666666668
0 0.4353125 0.12 0.045625 0.09166666666666666
0 0.4290625 0.07916666666666666 0.059375 0.12333333333333334
1 0.886875 0.12458333333333334 0.07125 0.14416666666666667
0 0.56125 0.21333333333333335 0.03875 0.07