0 0.8121875 0.3804166666666667 0.068125 0.09583333333333334
0 0.499375 0.29083333333333333 0.0625 0.085
0 0.8315625 0.115 0.063125 0.09
0 0.6828125 0.39166666666666666 0.058125 0.07833333333333334
0 0.5203125 0.6358333333333334 0.056875 0.10166666666666667
0 0.3771875 0.32083333333333336 0.068125 0.10666666666666667
0 0.4115625 0.17208333333333334 0.079375 0.08416666666666667
0 0.6884375 0.8158333333333333 0.073125 0.10333333333333333
0 0.2596875 0.14833333333333334 0.064375 0.07666666666666666
0 0.7525 0.8754166666666666 0.07375 0.0975
0 0.380625 0.715 0.07625 0.07833333333333334
0 0.5846875 0.6 0.076875 0.08
0 0.215 0.7075 0.05875 0.095
0 0.276875 0.37375 0.075 0.07916666666666666
0 0.1890625 0.35583333333333333 0.074375 0.1
0 0.5946875 0.35083333333333333 0.073125 0.09333333333333334
0 0.52625 0.9320833333333334 0.07125 0.10416666666666667
0 0.4421875 0.32208333333333333 0.069375 0.09583333333333334
0 0.820625 0.6075 0.0675 0.07833333333333334
0 0.515 0.4866666666666667 0.065 0.09333333333333334
0 0.29875 0.7941666666666667 0.07875 0.08833333333333333
0 0.5271875 0.42541666666666667 0.064375 0.0775
0 0.1903125 0.1275 0.063125 0.09833333333333333
0 0.5490625 0.8433333333333334 0.066875 0.08666666666666667
0 0.63875 0.44666666666666666 0.06375 0.08333333333333333
0 0.4053125 0.08375 0.066875 0.0925
0 0.8003125 0.7854166666666667 0.065625 0.07416666666666667
0 0.27 0.30416666666666664 0.09375 0.07166666666666667
0 0.61375 0.19625 0.06375 0.08416666666666667
0 0.3103125 0.64625 0.073125 0.10083333333333333
0 0.568125 0.04791666666666667 0.07625 0.0725
0 0.5659375 0.26708333333333334 0.063125 0.1025
0 0.7696875 0.6525 0.070625 0.09666666666666666
0 0.7253125 0.04666666666666667 0.071875 0.09166666666666666
0 0.4284375 0.54625 0.078125 0.09916666666666667
0 0.440625 0.44333333333333336 0.07375 0.09333333333333334
0 0.8215625 0.8145833333333333 0.059375 0.08916666666666667
0 0.696875 0.5320833333333334 0.0725 0.12083333333333333
0 0.544375 0.11958333333333333 0.08 0.07583333333333334
0 0.601875 0.71375 0.08875 0.0925
0 0.6796875 0.22541666666666665 0.079375 0.07583333333333334
0 0.695 0.12291666666666666 0.07375 0.09583333333333334
0 0.6309375 0.14916666666666667 0.070625 0.08666666666666667
0 0.4534375 0.6583333333333333 0.071875 0.08666666666666667
0 0.255 0.23166666666666666 0.05875 0.09333333333333334
0 0.580625 0.07958333333333334 0.07625 0.0575
0 0.58625 0.4583333333333333 0.06375 0.075
0 0.37 0.4820833333333333 0.06625 0.0775
0 0.2946875 0.86625 0.076875 0.07916666666666666
0 0.2121875 0.2725 0.066875 0.08833333333333333
0 0.2178125 0.20416666666666666 0.076875 0.07
0 0.3271875 0.8866666666666667 0.091875 0.06166666666666667
0 0.5715625 0.3925 0.068125 0.09666666666666666