0 0.5409375 0.09 0.078125 0.09
0 0.418125 0.08416666666666667 0.06125 0.09833333333333333
0 0.359375 0.1275 0.07125 0.095
0 0.295 0.09291666666666666 0.0675 0.09916666666666667
0 0.2553125 0.17708333333333334 0.069375 0.09083333333333334
0 0.171875 0.2025 0.07375 0.09166666666666666
0 0.4315625 0.16916666666666666 0.085625 0.085
0 0.4225 0.23 0.07 0.08833333333333333
0 0.2521875 0.2758333333333333 0.078125 0.08
0 0.203125 0.28833333333333333 0.07375 0.09666666666666666
0 0.176875 0.3383333333333333 0.06625 0.09333333333333334
0 0.1628125 0.38 0.071875 0.09
0 0.67125 0.0625 0.07875 0.08666666666666667
0 0.6334375 0.13041666666666665 0.054375 0.0975
0 0.686875 0.15291666666666667 0.0675 0.09083333333333334
0 0.7390625 0.16875 0.073125 0.1075
0 0.7621875 0.1225 0.078125 0.095
0 0.8240625 0.165 0.079375 0.09666666666666666
0 0.809375 0.19041666666666668 0.07 0.1025
0 0.8125 0.2783333333333333 0.07125 0.08166666666666667
1 0.76875 0.31708333333333333 0.09375 0.1475
0 0.7728125 0.4 0.073125 0.08833333333333333
0 0.7303125 0.4608333333333333 0.081875 0.09166666666666666
0 0.7071875 0.42791666666666667 0.074375 0.08916666666666667
0 0.5490625 0.19083333333333333 0.075625 0.09333333333333334
0 0.5503125 0.23958333333333334 0.078125 0.09083333333333334
0 0.501875 0.26708333333333334 0.0725 0.10083333333333333
0 0.4403125 0.3175 0.081875 0.08666666666666667
0 0.37 0.31083333333333335 0.06625 0.09333333333333334
0 0.35875 0.29541666666666666 0.0675 0.10416666666666667
0 0.593125 0.335 0.07875 0.09666666666666666
0 0.59375 0.47125 0.07375 0.10583333333333333
0 0.4940625 0.4195833333333333 0.085625 0.10583333333333333
0 0.3984375 0.4404166666666667 0.076875 0.10583333333333333
0 0.3140625 0.4775 0.076875 0.1
0 0.2859375 0.39416666666666667 0.068125 0.09666666666666666
0 0.216875 0.5233333333333333 0.0575 0.08833333333333333
0 0.315625 0.6375 0.07 0.08333333333333333
0 0.81 0.57125 0.06875 0.0875
0 0.7396875 0.57875 0.076875 0.10583333333333333
0 0.826875 0.6929166666666666 0.08 0.10083333333333333
0 0.7503125 0.6929166666666666 0.076875 0.11416666666666667
0 0.780625 0.92125 0.075 0.09916666666666667
0 0.7571875 0.8558333333333333 0.078125 0.10833333333333334
0 0.6453125 0.92875 0.080625 0.09083333333333334
0 0.6321875 0.84375 0.075625 0.0875
0 0.7265625 0.7954166666666667 0.055625 0.10416666666666667
0 0.705 0.7495833333333334 0.0725 0.10416666666666667
0 0.636875 0.6741666666666667 0.06625 0.08833333333333333
0 0.6521875 0.71875 0.071875 0.10083333333333333
0 0.6184375 0.7683333333333333 0.076875 0.08833333333333333
0 0.5746875 0.6616666666666666 0.075625 0.08
0 0.5959375 0.6329166666666667 0.078125 0.10583333333333333
0 0.5646875 0.8420833333333333 0.075625 0.09416666666666666
0 0.4790625 0.915 0.079375 0.09
0 0.4290625 0.9425 0.068125 0.08666666666666667
0 0.18875 0.9575 0.06625 0.08166666666666667
0 0.2165625 0.71375 0.075625 0.10416666666666667
0 0.1790625 0.78125 0.068125 0.0825
0 0.17 0.8695833333333334 0.075 0.0975
0 0.2928125 0.8220833333333334 0.079375 0.09583333333333334
0 0.3003125 0.88625 0.078125 0.09583333333333334
0 0.3709375 0.80875 0.076875 0.10416666666666667
0 0.35625 0.9008333333333334 0.08375 0.08666666666666667
0 0.5209375 0.7654166666666666 0.066875 0.10083333333333333
0 0.4509375 0.8445833333333334 0.075625 0.09583333333333334
0 0.499375 0.85 0.0775 0.08833333333333333
0 0.500625 0.6570833333333334 0.0675 0.08583333333333333
0 0.49625 0.7045833333333333 0.06375 0.0975
0 0.4828125 0.7541666666666667 0.076875 0.09166666666666666
0 0.4265625 0.5720833333333334 0.085625 0.0775
0 0.53125 0.5695833333333333 0.0875 0.11083333333333334
0 0.436875 0.6770833333333334 0.075 0.09416666666666666