0 0.5625 0.30666666666666664 0.09 0.12
0 0.6503125 0.8454166666666667 0.101875 0.13583333333333333
0 0.7190625 0.34291666666666665 0.090625 0.12083333333333333
0 0.0925 0.7466666666666667 0.085 0.11333333333333333
0 0.6121875 0.5570833333333334 0.109375 0.14583333333333334
0 0.5296875 0.8775 0.095625 0.12666666666666668
0 0.2053125 0.5879166666666666 0.095625 0.1275
0 0.386875 0.6941666666666667 0.1025 0.13666666666666666
0 0.949375 0.23666666666666666 0.09375 0.125
0 0.9271875 0.33708333333333335 0.084375 0.1125
0 0.6946875 0.59125 0.093125 0.12416666666666666
0 0.6715625 0.7320833333333333 0.101875 0.13583333333333333
0 0.3940625 0.19625 0.088125 0.1175
0 0.0934375 0.6054166666666667 0.091875 0.1225
0 0.084375 0.46791666666666665 0.09625 0.12916666666666668
0 0.4884375 0.5104166666666666 0.101875 0.13583333333333333
0 0.501875 0.7775 0.0925 0.12333333333333334
0 0.4328125 0.38333333333333336 0.103125 0.13666666666666666
0 0.8709375 0.37166666666666665 0.088125 0.11666666666666667
0 0.5871875 0.10458333333333333 0.090625 0.12083333333333333
0 0.6809375 0.08291666666666667 0.094375 0.12583333333333332
0 0.6265625 0.12833333333333333 0.101875 0.13666666666666666
0 0.2471875 0.9216666666666666 0.085625 0.115
0 0.4875 0.61875 0.10125 0.13416666666666666
0 0.2509375 0.3070833333333333 0.093125 0.12416666666666666
0 0.4615625 0.15333333333333332 0.116875 0.155
0 0.9003125 0.18791666666666668 0.093125 0.12416666666666666
0 0.763125 0.5345833333333333 0.10125 0.13583333333333333
0 0.1921875 0.3695833333333333 0.105625 0.14083333333333334
0 0.13875 0.46166666666666667 0.10125 0.135
0 0.7146875 0.71625 0.101875 0.13583333333333333
0 0.1765625 0.28 0.083125 0.11166666666666666
0 0.5265625 0.7079166666666666 0.096875 0.12916666666666668
0 0.138125 0.89125 0.1 0.13416666666666666
0 0.8425 0.60125 0.105 0.13916666666666666
0 0.600625 0.47125 0.0975 0.13083333333333333
0 0.04875 0.68625 0.085 0.11416666666666667
0 0.8740625 0.63375 0.084375 0.1125
0 0.213125 0.4375 0.10625 0.14166666666666666
0 0.6396875 0.45958333333333334 0.104375 0.13916666666666666
0 0.4334375 0.6454166666666666 0.089375 0.11916666666666667
0 0.7290625 0.82375 0.101875 0.13583333333333333
0 0.83 0.69 0.095 0.12666666666666668
0 0.2653125 0.4125 0.101875 0.135