0 0.194375 0.8975 0.0975 0.13
0 0.54 0.17166666666666666 0.095 0.12666666666666668
0 0.9434375 0.3829166666666667 0.089375 0.11916666666666667
0 0.668125 0.6933333333333334 0.1 0.13333333333333333
0 0.5184375 0.27458333333333335 0.101875 0.13583333333333333
0 0.5096875 0.8158333333333333 0.091875 0.12166666666666667
0 0.1778125 0.4379166666666667 0.088125 0.1175
0 0.1375 0.8225 0.08875 0.11833333333333333
0 0.44875 0.17541666666666667 0.1 0.13416666666666666
0 0.4465625 0.28958333333333336 0.098125 0.13083333333333333
0 0.2728125 0.9029166666666667 0.101875 0.13583333333333333
0 0.8178125 0.13125 0.104375 0.13916666666666666
0 0.77875 0.41083333333333333 0.09875 0.13166666666666665
0 0.1371875 0.5195833333333333 0.091875 0.1225
0 0.5509375 0.35041666666666665 0.086875 0.11583333333333333
0 0.2490625 0.58375 0.080625 0.1075
0 0.095625 0.43916666666666665 0.0825 0.11
0 0.848125 0.19 0.085 0.11333333333333333
0 0.8490625 0.29 0.088125 0.11833333333333333
0 0.1559375 0.73375 0.084375 0.1125
0 0.33875 0.16333333333333333 0.085 0.11333333333333333
0 0.669375 0.805 0.09875 0.13166666666666665
0 0.7225 0.515 0.08625 0.115
0 0.3825 0.7966666666666666 0.09125 0.12166666666666667
0 0.064375 0.79 0.1 0.13333333333333333
0 0.4590625 0.7479166666666667 0.090625 0.12083333333333333
0 0.285 0.8166666666666667 0.11125 0.14833333333333334
0 0.748125 0.6816666666666666 0.08125 0.10833333333333334
0 0.645 0.1775 0.08625 0.115
0 0.1046875 0.6633333333333333 0.084375 0.11166666666666666
0 0.5375 0.5691666666666667 0.08 0.10666666666666667
0 0.9046875 0.5508333333333333 0.084375 0.11333333333333333
0 0.72375 0.32458333333333333 0.0875 0.11583333333333333
0 0.7640625 0.23291666666666666 0.094375 0.12583333333333332
0 0.13375 0.5920833333333333 0.0875 0.11583333333333333
0 0.0465625 0.5095833333333334 0.090625 0.12083333333333333
0 0.6978125 0.23416666666666666 0.081875 0.11
0 0.3190625 0.5479166666666667 0.105625 0.14083333333333334
0 0.1909375 0.3329166666666667 0.090625 0.12083333333333333
0 0.72875 0.15625 0.0825 0.11083333333333334
0 0.5890625 0.8795833333333334 0.080625 0.1075
0 0.5953125 0.49333333333333335 0.080625 0.10666666666666667
0 0.769375 0.32125 0.08625 0.11583333333333333
0 0.5915625 0.23875 0.076875 0.1025
0 0.645625 0.8791666666666667 0.08875 0.11833333333333333
0 0.341875 0.07666666666666666 0.0825 0.11
0 0.2409375 0.82 0.080625 0.10833333333333334
0 0.6340625 0.5616666666666666 0.090625 0.12166666666666667
0 0.239375 0.39666666666666667 0.0775 0.10333333333333333
0 0.325 0.37416666666666665 0.10125 0.135
0 0.473125 0.3591666666666667 0.1 0.13333333333333333
0 0.46 0.43666666666666665 0.08875 0.11833333333333333
0 0.5071875 0.07 0.083125 0.11166666666666666
0 0.8446875 0.5854166666666667 0.079375 0.10583333333333333
0 0.235625 0.5133333333333333 0.08875 0.11833333333333333
0 0.630625 0.4216666666666667 0.09375 0.125
0 0.248125 0.6991666666666667 0.10125 0.135
0 0.534375 0.4370833333333333 0.09 0.11916666666666667
0 0.6365625 0.0675 0.074375 0.1
0 0.8478125 0.39958333333333335 0.081875 0.10916666666666666
0 0.6953125 0.445 0.089375 0.11833333333333333
0 0.68375 0.49125 0.095 0.12583333333333332
0 0.3253125 0.9154166666666667 0.094375 0.12583333333333332
0 0.40375 0.8979166666666667 0.09375 0.12416666666666666
0 0.5703125 0.6454166666666666 0.083125 0.11083333333333334
0 0.568125 0.07916666666666666 0.09375 0.125
0 0.6425 0.28708333333333336 0.07875 0.10416666666666667
0 0.7359375 0.4275 0.098125 0.13166666666666665
0 0.09625 0.6066666666666667 0.09625 0.12833333333333333
0 0.8434375 0.6895833333333333 0.091875 0.1225
0 0.908125 0.15916666666666668 0.08 0.10666666666666667
0 0.425 0.5275 0.0925 0.12333333333333334
0 0.2253125 0.3 0.075625 0.10166666666666667
0 0.353125 0.505 0.08875 0.11833333333333333
0 0.9153125 0.4658333333333333 0.084375 0.11166666666666666
0 0.291875 0.7104166666666667 0.08 0.10583333333333333
0 0.47 0.52375 0.0875 0.1175
0 0.39375 0.5566666666666666 0.09375 0.125
0 0.20125 0.6175 0.075 0.1
0 0.4715625 0.8725 0.088125 0.11666666666666667
0 0.59375 0.7983333333333333 0.09375 0.125
0 0.8190625 0.48541666666666666 0.076875 0.1025
0 0.8721875 0.36791666666666667 0.073125 0.0975
0 0.7665625 0.19708333333333333 0.070625 0.09416666666666666
0 0.7125 0.2654166666666667 0.09125 0.1225
0 0.705 0.35 0.0775 0.10333333333333333
0 0.9359375 0.47541666666666665 0.080625 0.1075
0 0.83375 0.2275 0.0825 0.11
0 0.6071875 0.20791666666666667 0.090625 0.12083333333333333
0 0.653125 0.05416666666666667 0.08 0.10666666666666667
0 0.3146875 0.47541666666666665 0.088125 0.1175
0 0.3128125 0.4354166666666667 0.075625 0.10083333333333333
0 0.2115625 0.5158333333333334 0.073125 0.09666666666666666
0 0.23 0.4354166666666667 0.07875 0.10583333333333333
0 0.161875 0.4245833333333333 0.085 0.11416666666666667
0 0.3584375 0.09208333333333334 0.081875 0.10916666666666666
0 0.713125 0.0775 0.10375 0.13833333333333334
0 0.3590625 0.6729166666666667 0.090625 0.12083333333333333
0 0.2134375 0.6895833333333333 0.088125 0.1175
0 0.765625 0.73875 0.0875 0.1175
0 0.8234375 0.6133333333333333 0.078125 0.10333333333333333
0 0.92 0.5066666666666667 0.095 0.12666666666666668
0 0.834375 0.4891666666666667 0.0825 0.11
0 0.46125 0.9116666666666666 0.08 0.10666666666666667
0 0.44125 0.92625 0.07 0.09416666666666666
0 0.1603125 0.8208333333333333 0.075625 0.10166666666666667
0 0.13125 0.6845833333333333 0.0825 0.10916666666666666
0 0.10375 0.6970833333333334 0.09 0.12083333333333333
0 0.1946875 0.6416666666666667 0.079375 0.10666666666666667
0 0.2571875 0.6116666666666667 0.080625 0.10666666666666667
0 0.2228125 0.53875 0.086875 0.11583333333333333
0 0.249375 0.2816666666666667 0.07875 0.105
0 0.2396875 0.20708333333333334 0.085625 0.11416666666666667
0 0.4453125 0.08958333333333333 0.078125 0.10416666666666667
0 0.3509375 0.18541666666666667 0.088125 0.1175
0 0.6321875 0.3104166666666667 0.089375 0.11916666666666667
0 0.5225 0.4841666666666667 0.07875 0.105
0 0.36875 0.7591666666666667 0.07625 0.10166666666666667
0 0.626875 0.8320833333333333 0.0875 0.1175
0 0.8328125 0.5158333333333334 0.089375 0.11833333333333333
0 0.6296875 0.6041666666666666 0.093125 0.12333333333333334
0 0.568125 0.6166666666666667 0.0825 0.11
0 0.62625 0.67125 0.08375 0.1125
0 0.5896875 0.8379166666666666 0.086875 0.11583333333333333
0 0.3296875 0.6516666666666666 0.075625 0.1
0 0.40375 0.6208333333333333 0.09375 0.125
0 0.42625 0.44208333333333333 0.09125 0.12083333333333333
0 0.3240625 0.72875 0.098125 0.13083333333333333
0 0.4553125 0.12208333333333334 0.094375 0.12583333333333332
0 0.611875 0.32625 0.075 0.09916666666666667
0 0.6025 0.365 0.0725 0.09666666666666666
0 0.5021875 0.43625 0.084375 0.1125
0 0.53625 0.06791666666666667 0.08375 0.1125
0 0.726875 0.8475 0.085 0.11333333333333333
0 0.579375 0.5016666666666667 0.07875 0.105