0 0.5753125 0.7291666666666666 0.071875 0.09166666666666666
0 0.415 0.17458333333333334 0.065 0.10083333333333333
0 0.67625 0.505 0.07125 0.09666666666666666
0 0.6015625 0.51625 0.061875 0.0925
0 0.4015625 0.8070833333333334 0.059375 0.09583333333333334
0 0.5028125 0.29083333333333333 0.068125 0.09
0 0.815 0.7545833333333334 0.0725 0.0825
0 0.625625 0.20791666666666667 0.06625 0.0875
0 0.7896875 0.20916666666666667 0.063125 0.09
0 0.1515625 0.29791666666666666 0.069375 0.0925
0 0.2090625 0.08 0.064375 0.08666666666666667
0 0.6809375 0.09916666666666667 0.068125 0.09666666666666666
0 0.3234375 0.9258333333333333 0.071875 0.09
0 0.248125 0.9383333333333334 0.06375 0.105
0 0.4334375 0.32708333333333334 0.061875 0.09916666666666667
0 0.84625 0.8841666666666667 0.06375 0.09666666666666666
0 0.2828125 0.5083333333333333 0.073125 0.08833333333333333
0 0.491875 0.7108333333333333 0.06875 0.07166666666666667
0 0.76625 0.5745833333333333 0.0675 0.08916666666666667
0 0.894375 0.7495833333333334 0.065 0.08916666666666667
0 0.9484375 0.6983333333333334 0.069375 0.09333333333333334
0 0.4696875 0.4683333333333333 0.064375 0.08833333333333333
0 0.69375 0.60625 0.0675 0.0925
0 0.8946875 0.09125 0.061875 0.07916666666666666
0 0.4415625 0.5625 0.065625 0.09
0 0.57375 0.27666666666666667 0.06125 0.08333333333333333
0 0.2346875 0.5754166666666667 0.061875 0.0825
0 0.5771875 0.8320833333333333 0.071875 0.09083333333333334
0 0.799375 0.3179166666666667 0.0725 0.0925
0 0.1165625 0.8704166666666666 0.071875 0.09583333333333334
0 0.481875 0.20666666666666667 0.06375 0.08166666666666667
0 0.3753125 0.27125 0.061875 0.09583333333333334
0 0.3328125 0.7625 0.063125 0.08333333333333333
0 0.0875 0.21833333333333332 0.075 0.1
0 0.661875 0.7554166666666666 0.065 0.0775
0 0.72625 0.29083333333333333 0.06875 0.10333333333333333
0 0.3625 0.4979166666666667 0.055 0.0875
0 0.4278125 0.9408333333333333 0.059375 0.09333333333333334
0 0.8346875 0.1175 0.058125 0.09666666666666666
0 0.1503125 0.47125 0.069375 0.08916666666666667
0 0.0478125 0.5345833333333333 0.073125 0.09583333333333334
0 0.583125 0.38083333333333336 0.07875 0.08
0 0.7784375 0.8454166666666667 0.056875 0.10916666666666666
0 0.7390625 0.7029166666666666 0.071875 0.09083333333333334
0 0.085625 0.43333333333333335 0.06375 0.09166666666666666
0 0.7459375 0.065 0.059375 0.07333333333333333
0 0.37375 0.39666666666666667 0.06125 0.09
0 0.4796875 0.87 0.065625 0.08333333333333333
0 0.543125 0.4945833333333333 0.06875 0.08083333333333333
0 0.611875 0.06666666666666667 0.0775 0.09
0 0.6371875 0.41208333333333336 0.070625 0.0925
0 0.3996875 0.6979166666666666 0.073125 0.0875
0 0.2190625 0.395 0.073125 0.09
0 0.1875 0.20541666666666666 0.06625 0.08583333333333333
0 0.6809375 0.24916666666666668 0.069375 0.09
0 0.715 0.4266666666666667 0.0675 0.08166666666666667
0 0.09625 0.74875 0.06 0.07416666666666667
0 0.0328125 0.9475 0.055625 0.08333333333333333
0 0.7334375 0.17375 0.065625 0.08583333333333333
0 0.7096875 0.85 0.071875 0.09333333333333334
0 0.055625 0.82375 0.06125 0.08583333333333333
0 0.135 0.12125 0.06875 0.09916666666666667
0 0.9346875 0.5554166666666667 0.061875 0.08583333333333333
0 0.2840625 0.21375 0.059375 0.08916666666666667
0 0.924375 0.9166666666666666 0.06875 0.085
0 0.8015625 0.6420833333333333 0.068125 0.09083333333333334
0 0.4246875 0.655 0.069375 0.07166666666666667
0 0.5253125 0.13625 0.073125 0.09083333333333334
0 0.2996875 0.6495833333333333 0.056875 0.0825
0 0.1975 0.49083333333333334 0.0675 0.07666666666666666
0 0.625625 0.92875 0.06625 0.08416666666666667
0 0.281875 0.0525 0.0725 0.1
0 0.33375 0.29125 0.0625 0.0925
0 0.865 0.44166666666666665 0.07375 0.10666666666666667
0 0.349375 0.12458333333333334 0.06625 0.0875
0 0.25125 0.2995833333333333 0.06875 0.06416666666666666
0 0.3784375 0.09666666666666666 0.065625 0.09
0 0.4296875 0.065 0.070625 0.09
0 0.755625 0.4266666666666667 0.0675 0.09166666666666666
0 0.475 0.7741666666666667 0.06875 0.08666666666666667
0 0.5278125 0.6275 0.071875 0.075
0 0.9440625 0.3070833333333333 0.061875 0.08083333333333333
0 0.244375 0.7108333333333333 0.0625 0.08166666666666667
0 0.6271875 0.6679166666666667 0.064375 0.0825
0 0.5165625 0.5716666666666667 0.068125 0.08833333333333333
0 0.8646875 0.5891666666666666 0.066875 0.08166666666666667
0 0.10625 0.64625 0.07625 0.10083333333333333
0 0.4984375 0.95375 0.068125 0.0875
0 0.1865625 0.9083333333333333 0.055625 0.085
0 0.1590625 0.56875 0.080625 0.0925
0 0.5703125 0.15 0.060625 0.08
0 0.7634375 0.12666666666666668 0.069375 0.09
0 0.5603125 0.09458333333333334 0.074375 0.09416666666666666
0 0.1115625 0.09625 0.061875 0.07416666666666667
0 0.694375 0.9558333333333333 0.06 0.08666666666666667
0 0.869375 0.6383333333333333 0.06 0.07
0 0.97375 0.2808333333333333 0.05125 0.095
0 0.32875 0.6683333333333333 0.06375 0.08166666666666667
0 0.0525 0.93125 0.06 0.08916666666666667
0 0.3753125 0.52875 0.060625 0.09083333333333334
0 0.31625 0.20708333333333334 0.06875 0.0725
0 0.1209375 0.7566666666666667 0.063125 0.08166666666666667
0 0.23 0.26875 0.0525 0.0775