0 0.5803125 0.5316666666666666 0.084375 0.11166666666666666
0 0.43125 0.7495833333333334 0.1025 0.1375
0 0.456875 0.8375 0.095 0.12666666666666668
0 0.516875 0.6279166666666667 0.09375 0.12583333333333332
0 0.47875 0.18583333333333332 0.09375 0.125
0 0.365625 0.8308333333333333 0.09 0.12
0 0.7278125 0.23625 0.090625 0.12083333333333333
0 0.7221875 0.4245833333333333 0.105625 0.14083333333333334
0 0.8096875 0.6029166666666667 0.094375 0.12583333333333332
0 0.5953125 0.61125 0.099375 0.1325
0 0.4340625 0.37416666666666665 0.095625 0.12666666666666668
0 0.536875 0.12416666666666666 0.09375 0.125
0 0.88875 0.29791666666666666 0.10375 0.13916666666666666
0 0.2865625 0.7604166666666666 0.094375 0.12583333333333332
0 0.1959375 0.64375 0.085625 0.11416666666666667
0 0.52375 0.28291666666666665 0.10125 0.13416666666666666
0 0.7040625 0.5070833333333333 0.089375 0.11916666666666667
0 0.1440625 0.7775 0.096875 0.13
0 0.6553125 0.29125 0.096875 0.12916666666666668
0 0.9525 0.25833333333333336 0.07875 0.105
1 0.29375 0.6616666666666666 0.1225 0.16333333333333333
0 0.8278125 0.6904166666666667 0.103125 0.1375
0 0.4115625 0.5120833333333333 0.098125 0.13083333333333333
0 0.2640625 0.83125 0.083125 0.11083333333333334
0 0.66875 0.10333333333333333 0.1 0.13333333333333333
0 0.789375 0.5175 0.11 0.14666666666666667
0 0.6678125 0.7029166666666666 0.095625 0.1275
0 0.275 0.90375 0.08125 0.1075
0 0.2228125 0.8658333333333333 0.095625 0.12833333333333333
0 0.884375 0.22416666666666665 0.08375 0.11166666666666666
0 0.1684375 0.41041666666666665 0.088125 0.1175
0 0.716875 0.7041666666666667 0.095 0.12666666666666668
0 0.3734375 0.36291666666666667 0.089375 0.11916666666666667
0 0.1253125 0.6441666666666667 0.091875 0.12166666666666667
0 0.118125 0.57 0.10875 0.145
0 0.159375 0.5904166666666667 0.0925 0.12416666666666666
0 0.8325 0.48041666666666666 0.09875 0.1325
0 0.1178125 0.4345833333333333 0.083125 0.11083333333333334
0 0.898125 0.15083333333333335 0.0825 0.11
0 0.8159375 0.22625 0.081875 0.10916666666666666
0 0.3428125 0.5633333333333334 0.095625 0.12666666666666668
0 0.381875 0.3179166666666667 0.08 0.10583333333333333
0 0.805 0.25583333333333336 0.095 0.12666666666666668
0 0.753125 0.7425 0.0875 0.11666666666666667
0 0.8571875 0.09375 0.088125 0.1175