0 0.5696875 0.5429166666666667 0.070625 0.09416666666666666
0 0.800625 0.82 0.065 0.09333333333333334
0 0.42875 0.8854166666666666 0.07125 0.10416666666666667
0 0.651875 0.89375 0.07 0.09916666666666667
0 0.3971875 0.06791666666666667 0.069375 0.09916666666666667
0 0.245 0.5066666666666667 0.07625 0.1
0 0.713125 0.34208333333333335 0.08 0.10583333333333333
0 0.2153125 0.63375 0.068125 0.1075
0 0.2825 0.1875 0.08625 0.11333333333333333
0 0.8321875 0.9308333333333333 0.064375 0.09
1 0.34125 0.415 0.085 0.12
1 0.3375 0.86875 0.085 0.1125