0 0.8909375 0.7783333333333333 0.103125 0.13666666666666666
0 0.6696875 0.26416666666666666 0.089375 0.12
0 0.7453125 0.44708333333333333 0.098125 0.13083333333333333
0 0.6234375 0.52375 0.080625 0.1075
0 0.5275 0.6458333333333334 0.10125 0.135
0 0.2521875 0.08375 0.096875 0.12916666666666668
0 0.67375 0.7229166666666667 0.09375 0.12416666666666666
0 0.2084375 0.5645833333333333 0.084375 0.1125
0 0.6253125 0.31875 0.090625 0.12083333333333333
0 0.5846875 0.90875 0.103125 0.1375
0 0.2546875 0.74125 0.090625 0.12083333333333333
0 0.9175 0.5791666666666667 0.095 0.12666666666666668
0 0.708125 0.8583333333333333 0.1025 0.13666666666666666
0 0.5003125 0.36791666666666667 0.090625 0.12083333333333333
0 0.83875 0.6395833333333333 0.0975 0.12916666666666668
0 0.650625 0.8266666666666667 0.08875 0.11833333333333333
0 0.3421875 0.6441666666666667 0.109375 0.14666666666666667
0 0.4059375 0.10875 0.091875 0.1225
1 0.3628125 0.5375 0.096875 0.12833333333333333
0 0.430625 0.26416666666666666 0.095 0.12666666666666668
0 0.851875 0.8854166666666666 0.1025 0.1375
1 0.57625 0.8141666666666667 0.11125 0.14833333333333334
0 0.5253125 0.06958333333333333 0.103125 0.1375
0 0.2478125 0.20875 0.090625 0.12083333333333333
0 0.3321875 0.2970833333333333 0.089375 0.11916666666666667
0 0.0896875 0.25666666666666665 0.090625 0.12
0 0.8909375 0.46791666666666665 0.105625 0.14083333333333334
0 0.6546875 0.5645833333333333 0.089375 0.11916666666666667
0 0.2396875 0.46041666666666664 0.089375 0.11916666666666667
0 0.1353125 0.23708333333333334 0.080625 0.1075
0 0.2815625 0.8179166666666666 0.099375 0.1325
0 0.2575 0.24416666666666667 0.09875 0.13166666666666665
0 0.4571875 0.495 0.080625 0.10666666666666667
0 0.3990625 0.48583333333333334 0.090625 0.12
0 0.2784375 0.5308333333333334 0.084375 0.11333333333333333
0 0.130625 0.11583333333333333 0.09375 0.125
0 0.5028125 0.43583333333333335 0.090625 0.12
0 0.1809375 0.13541666666666666 0.113125 0.15083333333333335
0 0.820625 0.3120833333333333 0.0925 0.1225
0 0.1721875 0.5929166666666666 0.093125 0.12416666666666666