0 0.4259375 0.22375 0.090625 0.12083333333333333
0 0.54125 0.39375 0.0925 0.12416666666666666
0 0.3315625 0.8979166666666667 0.113125 0.15083333333333335
0 0.3728125 0.7495833333333334 0.099375 0.1325
0 0.5134375 0.9266666666666666 0.089375 0.12
0 0.8609375 0.3129166666666667 0.104375 0.13916666666666666
0 0.3878125 0.35833333333333334 0.094375 0.12666666666666668
0 0.0646875 0.5770833333333333 0.091875 0.1225
0 0.72 0.4658333333333333 0.105 0.14
0 0.175 0.4666666666666667 0.1075 0.14333333333333334
0 0.830625 0.645 0.10875 0.145
0 0.2015625 0.8266666666666667 0.108125 0.14333333333333334
0 0.898125 0.5125 0.09125 0.12166666666666667
0 0.5471875 0.6875 0.096875 0.13
0 0.791875 0.42541666666666667 0.09875 0.1325
0 0.5825 0.09708333333333333 0.0925 0.1225
0 0.6528125 0.5179166666666667 0.099375 0.1325
0 0.5934375 0.7820833333333334 0.114375 0.1525
0 0.071875 0.7 0.095 0.12666666666666668
0 0.666875 0.6941666666666667 0.0975 0.13
0 0.6071875 0.6145833333333334 0.096875 0.12916666666666668
0 0.4496875 0.6966666666666667 0.119375 0.16
0 0.5128125 0.3020833333333333 0.101875 0.13583333333333333
0 0.565625 0.8475 0.105 0.14
0 0.6790625 0.14958333333333335 0.098125 0.13083333333333333
0 0.3915625 0.11458333333333333 0.103125 0.1375
0 0.271875 0.6308333333333334 0.08625 0.115
0 0.534375 0.60625 0.09875 0.1325
0 0.765625 0.17833333333333334 0.1 0.13333333333333333
0 0.754375 0.09833333333333333 0.10125 0.135
0 0.42125 0.09666666666666666 0.1025 0.13666666666666666
0 0.3171875 0.60875 0.106875 0.1425
1 0.475625 0.5275 0.12875 0.17166666666666666
0 0.4609375 0.3854166666666667 0.086875 0.11583333333333333