0 0.2775 0.9383333333333334 0.065 0.07666666666666666
0 0.2603125 0.04125 0.058125 0.0775
0 0.7046875 0.5029166666666667 0.070625 0.0875
0 0.3446875 0.44708333333333333 0.063125 0.09916666666666667
0 0.4340625 0.31 0.069375 0.08333333333333333
0 0.476875 0.1 0.07375 0.09166666666666666
0 0.6565625 0.8175 0.069375 0.09833333333333333
0 0.20125 0.9216666666666666 0.07625 0.09333333333333334
0 0.3640625 0.28583333333333333 0.064375 0.09333333333333334
0 0.8353125 0.38333333333333336 0.066875 0.09666666666666666
0 0.3046875 0.7420833333333333 0.080625 0.08416666666666667
0 0.6028125 0.7316666666666667 0.068125 0.07666666666666666
0 0.265625 0.33458333333333334 0.075 0.08583333333333333
0 0.576875 0.38166666666666665 0.05 0.08833333333333333
0 0.515 0.27458333333333335 0.07125 0.09083333333333334
0 0.751875 0.17458333333333334 0.07875 0.0925
0 0.391875 0.67875 0.07125 0.10416666666666667
0 0.341875 0.9245833333333333 0.05875 0.0725
0 0.6 0.8983333333333333 0.06375 0.07833333333333334
0 0.2440625 0.7116666666666667 0.073125 0.09666666666666666
0 0.2703125 0.8154166666666667 0.056875 0.09583333333333334
0 0.6340625 0.28458333333333335 0.058125 0.0975
0 0.83 0.26666666666666666 0.05625 0.09166666666666666
0 0.651875 0.575 0.07625 0.09333333333333334
0 0.5471875 0.4775 0.068125 0.09833333333333333
0 0.3346875 0.8775 0.069375 0.08
0 0.70125 0.70125 0.075 0.08583333333333333
0 0.2315625 0.5583333333333333 0.054375 0.10333333333333333
0 0.5996875 0.82375 0.054375 0.0875
0 0.4715625 0.94375 0.075625 0.07583333333333334
0 0.5490625 0.7245833333333334 0.065625 0.10916666666666666
0 0.3215625 0.2425 0.071875 0.08833333333333333
0 0.4446875 0.25916666666666666 0.074375 0.08166666666666667
0 0.5009375 0.595 0.059375 0.09833333333333333
0 0.545625 0.89375 0.07 0.11083333333333334
0 0.646875 0.40458333333333335 0.07375 0.1025
0 0.7978125 0.8941666666666667 0.066875 0.08666666666666667
0 0.58875 0.1175 0.0675 0.09833333333333333
0 0.6440625 0.09625 0.063125 0.12916666666666668
0 0.7571875 0.5791666666666667 0.073125 0.10166666666666667
0 0.8065625 0.63625 0.104375 0.0675
0 0.29625 0.52125 0.06875 0.12416666666666666
0 0.7065625 0.7970833333333334 0.060625 0.1025
0 0.4728125 0.8916666666666667 0.064375 0.08166666666666667
0 0.73125 0.33208333333333334 0.08875 0.07416666666666667
0 0.2215625 0.1275 0.064375 0.08833333333333333
0 0.6653125 0.22458333333333333 0.074375 0.10583333333333333
0 0.37625 0.19333333333333333 0.0775 0.08833333333333333
0 0.299375 0.11666666666666667 0.08875 0.11
0 0.75 0.2579166666666667 0.07625 0.0975
0 0.7934375 0.8329166666666666 0.083125 0.0925
0 0.5465625 0.21875 0.075625 0.09916666666666667
0 0.75625 0.8833333333333333 0.07875 0.08833333333333333
0 0.79 0.44583333333333336 0.0875 0.09166666666666666
0 0.7871875 0.23583333333333334 0.065625 0.09333333333333334
0 0.51875 0.37958333333333333 0.07125 0.09916666666666667
0 0.1565625 0.48291666666666666 0.064375 0.10583333333333333
0 0.5675 0.18083333333333335 0.06875 0.105