0 0.501875 0.8154166666666667 0.06875 0.0875
0 0.26375 0.87125 0.06625 0.0975
0 0.31875 0.26375 0.075 0.0975
0 0.69125 0.8708333333333333 0.08125 0.09833333333333333
0 0.243125 0.07416666666666667 0.0625 0.09666666666666666
0 0.4225 0.8170833333333334 0.07125 0.09083333333333334
1 0.6121875 0.44 0.078125 0.105
0 0.441875 0.13958333333333334 0.06625 0.09416666666666666
0 0.57375 0.6791666666666667 0.075 0.095
0 0.7809375 0.5079166666666667 0.076875 0.0825
0 0.55 0.59375 0.06625 0.09416666666666666
0 0.3215625 0.5745833333333333 0.079375 0.1025
0 0.3965625 0.08291666666666667 0.071875 0.09583333333333334
0 0.5309375 0.16125 0.061875 0.09416666666666666
0 0.7265625 0.6725 0.074375 0.09833333333333333
0 0.20625 0.16458333333333333 0.065 0.09583333333333334
0 0.46 0.25666666666666665 0.07625 0.085
0 0.6540625 0.6816666666666666 0.074375 0.08166666666666667
0 0.1953125 0.8620833333333333 0.069375 0.0925
0 0.3890625 0.36375 0.064375 0.0925
0 0.1703125 0.6870833333333334 0.074375 0.08583333333333333
0 0.3809375 0.25083333333333335 0.063125 0.09333333333333334
0 0.524375 0.44416666666666665 0.0875 0.07333333333333333
0 0.3496875 0.3416666666666667 0.071875 0.08833333333333333
0 0.4440625 0.33416666666666667 0.070625 0.08166666666666667
0 0.4546875 0.4091666666666667 0.073125 0.085
0 0.670625 0.74375 0.08375 0.08583333333333333
0 0.1621875 0.2629166666666667 0.075625 0.09416666666666666