0 0.679375 0.53125 0.05875 0.0875
0 0.36375 0.5991666666666666 0.07125 0.09
0 0.5753125 0.09833333333333333 0.058125 0.09
0 0.295 0.52125 0.07125 0.08916666666666667
0 0.2440625 0.38458333333333333 0.074375 0.09416666666666666
0 0.7659375 0.6070833333333333 0.063125 0.07916666666666666
0 0.735625 0.52125 0.0575 0.09916666666666667
0 0.710625 0.09458333333333334 0.06875 0.09416666666666666
0 0.3584375 0.3616666666666667 0.065625 0.09
0 0.7934375 0.5208333333333334 0.060625 0.085
0 0.474375 0.7054166666666667 0.07125 0.0875
0 0.316875 0.15583333333333332 0.0625 0.08333333333333333
0 0.3825 0.2733333333333333 0.05875 0.07166666666666667
0 0.3890625 0.44666666666666666 0.074375 0.095
0 0.41625 0.08541666666666667 0.07375 0.10083333333333333
0 0.3059375 0.8895833333333333 0.080625 0.1025
0 0.4253125 0.33125 0.066875 0.0925
0 0.79625 0.4116666666666667 0.0775 0.10833333333333334
0 0.315625 0.23333333333333334 0.08 0.09166666666666666
1 0.6671875 0.2225 0.085625 0.12
0 0.4203125 0.2 0.074375 0.10833333333333334
0 0.5228125 0.25875 0.068125 0.10083333333333333