0 0.4475 0.5829166666666666 0.11375 0.1525
0 0.915 0.28833333333333333 0.10125 0.135
0 0.3434375 0.125 0.101875 0.135
0 0.2946875 0.17291666666666666 0.105625 0.14083333333333334
0 0.8596875 0.5329166666666667 0.109375 0.14583333333333334
0 0.333125 0.7170833333333333 0.09125 0.12083333333333333
0 0.596875 0.385 0.09125 0.12166666666666667
0 0.3603125 0.22875 0.086875 0.11583333333333333
0 0.5603125 0.4479166666666667 0.104375 0.13916666666666666
0 0.5190625 0.24541666666666667 0.109375 0.14583333333333334
0 0.6171875 0.5654166666666667 0.104375 0.13916666666666666
0 0.4871875 0.32166666666666666 0.091875 0.12166666666666667
0 0.7059375 0.5958333333333333 0.109375 0.14666666666666667
0 0.655 0.5216666666666666 0.1075 0.14333333333333334
0 0.529375 0.3625 0.1075 0.14333333333333334
0 0.91625 0.48 0.14125 0.18833333333333332
0 0.4403125 0.31708333333333333 0.113125 0.15083333333333335