0 0.600625 0.36083333333333334 0.065 0.07666666666666666
0 0.3075 0.4691666666666667 0.06375 0.08833333333333333
0 0.4384375 0.72625 0.075625 0.1025
0 0.8021875 0.09833333333333333 0.071875 0.08833333333333333
0 0.06375 0.45416666666666666 0.07375 0.1
0 0.7453125 0.2758333333333333 0.063125 0.08
0 0.4409375 0.8754166666666666 0.059375 0.08583333333333333
0 0.208125 0.6191666666666666 0.055 0.085
0 0.26625 0.6141666666666666 0.06125 0.08
0 0.3675 0.17291666666666666 0.06125 0.07416666666666667
0 0.1428125 0.35791666666666666 0.065625 0.0775
0 0.885625 0.21666666666666667 0.07 0.09666666666666666
0 0.04875 0.04875 0.06125 0.08083333333333333
0 0.6409375 0.45916666666666667 0.063125 0.07833333333333334
0 0.3628125 0.54125 0.065625 0.0775
0 0.1984375 0.16791666666666666 0.056875 0.07583333333333334
0 0.5359375 0.8775 0.071875 0.09833333333333333
1 0.464375 0.2658333333333333 0.07875 0.10333333333333333
0 0.5790625 0.12375 0.060625 0.0825
0 0.918125 0.14041666666666666 0.07375 0.0875
0 0.1159375 0.13041666666666665 0.068125 0.06583333333333333
0 0.7965625 0.9033333333333333 0.068125 0.095
0 0.8615625 0.7220833333333333 0.065625 0.0875
0 0.32125 0.6925 0.0675 0.09166666666666666
0 0.5575 0.5066666666666667 0.075 0.09333333333333334
1 0.663125 0.16291666666666665 0.08375 0.08916666666666667
0 0.255 0.8895833333333333 0.07125 0.08916666666666667
0 0.865 0.37833333333333335 0.065 0.085
0 0.5059375 0.7241666666666666 0.063125 0.10333333333333333
0 0.8859375 0.8029166666666666 0.065625 0.08583333333333333
0 0.5853125 0.57875 0.071875 0.08583333333333333
0 0.935625 0.64875 0.05875 0.0825
0 0.0496875 0.30916666666666665 0.073125 0.07166666666666667
0 0.80625 0.27416666666666667 0.05625 0.08666666666666667
0 0.119375 0.51125 0.05875 0.0825
0 0.835 0.5608333333333333 0.06 0.07166666666666667
0 0.7215625 0.365 0.065625 0.08
0 0.4309375 0.17666666666666667 0.058125 0.07833333333333334
0 0.7659375 0.59125 0.061875 0.0825
0 0.5365625 0.26416666666666666 0.066875 0.07166666666666667
0 0.2096875 0.9025 0.069375 0.09333333333333334
0 0.67625 0.30625 0.0675 0.0825
0 0.6046875 0.49166666666666664 0.071875 0.09166666666666666
0 0.11 0.06375 0.06125 0.07916666666666666
0 0.54375 0.42583333333333334 0.05875 0.08666666666666667
0 0.6578125 0.7045833333333333 0.064375 0.08083333333333333
0 0.4734375 0.5216666666666666 0.061875 0.09833333333333333
0 0.4003125 0.07625 0.068125 0.0675
0 0.711875 0.435 0.055 0.07166666666666667
0 0.6725 0.7329166666666667 0.0725 0.09916666666666667
0 0.56125 0.7483333333333333 0.06875 0.08333333333333333
0 0.944375 0.235 0.0675 0.08833333333333333
0 0.6446875 0.60625 0.046875 0.06916666666666667
0 0.5690625 0.20625 0.079375 0.06916666666666667
0 0.45375 0.10666666666666667 0.05 0.07833333333333334
0 0.1578125 0.06125 0.071875 0.0625
0 0.9559375 0.33791666666666664 0.063125 0.07916666666666666
0 0.115625 0.19333333333333333 0.065 0.08166666666666667
0 0.9246875 0.2941666666666667 0.058125 0.07666666666666666
0 0.703125 0.19625 0.055 0.07916666666666666
0 0.54 0.0375 0.06875 0.075
0 0.2471875 0.5245833333333333 0.058125 0.09083333333333334