0 0.425 0.45 0.105 0.14
0 0.425 0.2808333333333333 0.08 0.10666666666666667
0 0.550625 0.2075 0.09875 0.13166666666666665
0 0.089375 0.5195833333333333 0.1025 0.13583333333333333
0 0.214375 0.40875 0.08 0.1075
0 0.4953125 0.8291666666666667 0.081875 0.11
0 0.753125 0.4091666666666667 0.08875 0.11833333333333333
0 0.5946875 0.6320833333333333 0.091875 0.1225
0 0.438125 0.7329166666666667 0.0875 0.1175
0 0.6803125 0.3745833333333333 0.098125 0.13083333333333333
0 0.5846875 0.7545833333333334 0.085625 0.11416666666666667
0 0.33875 0.15208333333333332 0.09375 0.12416666666666666
0 0.4871875 0.5725 0.083125 0.11
0 0.2884375 0.5175 0.089375 0.11833333333333333
0 0.7090625 0.7720833333333333 0.085625 0.11416666666666667
0 0.13875 0.42541666666666667 0.09875 0.1325
1 0.7296875 0.49625 0.111875 0.14916666666666667
0 0.4865625 0.6920833333333334 0.088125 0.1175
0 0.33625 0.5641666666666667 0.09 0.12
0 0.510625 0.08166666666666667 0.08375 0.11166666666666666
0 0.550625 0.3104166666666667 0.0825 0.10916666666666666
0 0.666875 0.21333333333333335 0.0825 0.11
0 0.7584375 0.9125 0.084375 0.11166666666666666
0 0.645 0.14541666666666667 0.075 0.10083333333333333
0 0.386875 0.5158333333333334 0.0875 0.11666666666666667
0 0.533125 0.44375 0.0825 0.10916666666666666
0 0.18 0.26166666666666666 0.08375 0.11166666666666666
0 0.7896875 0.63375 0.081875 0.10916666666666666
0 0.69125 0.6583333333333333 0.08875 0.11833333333333333
0 0.0759375 0.2995833333333333 0.086875 0.11583333333333333
0 0.701875 0.2575 0.08375 0.11166666666666666
0 0.78625 0.525 0.0825 0.11
0 0.79625 0.7208333333333333 0.0975 0.13
0 0.3878125 0.7958333333333333 0.084375 0.11333333333333333
0 0.1721875 0.5554166666666667 0.084375 0.1125
0 0.584375 0.9183333333333333 0.0775 0.10333333333333333
0 0.3678125 0.28791666666666665 0.086875 0.11583333333333333
0 0.76875 0.31083333333333335 0.08 0.10666666666666667
0 0.6109375 0.4945833333333333 0.081875 0.10916666666666666
0 0.7390625 0.20791666666666667 0.085625 0.11416666666666667
0 0.3359375 0.6479166666666667 0.098125 0.13083333333333333
0 0.624375 0.7008333333333333 0.0775 0.10333333333333333
0 0.538125 0.5375 0.08375 0.11166666666666666
0 0.103125 0.36 0.09 0.12
1 0.6303125 0.3304166666666667 0.118125 0.1575
0 0.265 0.7525 0.075 0.1
0 0.2109375 0.6025 0.088125 0.11666666666666667
0 0.29875 0.2075 0.07875 0.105
0 0.8240625 0.8420833333333333 0.088125 0.1175
0 0.3671875 0.3591666666666667 0.086875 0.11666666666666667
0 0.2559375 0.17625 0.075625 0.10083333333333333
0 0.2346875 0.24 0.073125 0.09833333333333333
0 0.463125 0.9158333333333334 0.07625 0.10166666666666667
0 0.3390625 0.4666666666666667 0.081875 0.11
0 0.5121875 0.8891666666666667 0.080625 0.10666666666666667
0 0.680625 0.5408333333333334 0.06875 0.09166666666666666
0 0.4540625 0.11375 0.090625 0.12083333333333333
0 0.27875 0.11541666666666667 0.08375 0.1125
1 0.7665625 0.25166666666666665 0.113125 0.15
0 0.789375 0.60125 0.0925 0.12416666666666666
0 0.6684375 0.7325 0.085625 0.115
0 0.8040625 0.7970833333333334 0.076875 0.1025
0 0.3353125 0.9033333333333333 0.088125 0.11833333333333333
0 0.2296875 0.70125 0.075625 0.10083333333333333
0 0.1015625 0.15666666666666668 0.084375 0.11333333333333333
0 0.1059375 0.6391666666666667 0.070625 0.09333333333333334