0 0.1021875 0.6666666666666666 0.071875 0.08166666666666667
0 0.1140625 0.24375 0.070625 0.09083333333333334
0 0.8925 0.9241666666666667 0.0725 0.09
0 0.605625 0.7225 0.07 0.10166666666666667
0 0.88125 0.6179166666666667 0.06375 0.08416666666666667
0 0.4453125 0.9354166666666667 0.063125 0.08583333333333333
0 0.49875 0.8533333333333334 0.07 0.09333333333333334
0 0.2909375 0.8245833333333333 0.071875 0.10083333333333333
0 0.3671875 0.805 0.070625 0.10166666666666667
0 0.9209375 0.7158333333333333 0.073125 0.09833333333333333
0 0.2496875 0.5820833333333333 0.071875 0.09416666666666666
0 0.106875 0.08375 0.06625 0.0875
0 0.60375 0.8858333333333334 0.07875 0.09833333333333333
0 0.164375 0.17375 0.07125 0.0975
0 0.1959375 0.76125 0.075625 0.09083333333333334
0 0.1040625 0.89375 0.083125 0.10583333333333333
0 0.824375 0.08541666666666667 0.07625 0.08916666666666667
0 0.965 0.485 0.0625 0.085
0 0.923125 0.5304166666666666 0.08375 0.0975
0 0.6771875 0.06708333333333333 0.075625 0.10583333333333333
1 0.41125 0.33541666666666664 0.10375 0.13416666666666666
1 0.85875 0.77125 0.08125 0.11583333333333333