0 0.4903125 0.6525 0.061875 0.08166666666666667
0 0.8315625 0.8241666666666667 0.059375 0.08333333333333333
0 0.7403125 0.35125 0.063125 0.09083333333333334
0 0.509375 0.2945833333333333 0.06125 0.0775
0 0.9434375 0.5404166666666667 0.058125 0.0875
0 0.7946875 0.4995833333333333 0.060625 0.08916666666666667
0 0.0675 0.11541666666666667 0.065 0.08583333333333333
0 0.304375 0.11041666666666666 0.05875 0.0775
0 0.483125 0.4191666666666667 0.065 0.08666666666666667
0 0.1803125 0.77625 0.064375 0.0725
0 0.5940625 0.6 0.068125 0.08666666666666667
0 0.1496875 0.07041666666666667 0.064375 0.0775
0 0.294375 0.6133333333333333 0.07625 0.09666666666666666
0 0.67875 0.35583333333333333 0.05625 0.08833333333333333
0 0.8346875 0.37625 0.064375 0.0825
0 0.8925 0.8208333333333333 0.055 0.09333333333333334
0 0.231875 0.89 0.06125 0.08833333333333333
0 0.2425 0.25125 0.06625 0.09083333333333334
0 0.7465625 0.6120833333333333 0.060625 0.09083333333333334
0 0.13125 0.1475 0.07 0.08833333333333333
0 0.1990625 0.41208333333333336 0.080625 0.0925
0 0.919375 0.41833333333333333 0.07 0.08333333333333333
0 0.465625 0.95 0.07 0.07833333333333334
0 0.625625 0.6633333333333333 0.06625 0.07833333333333334
0 0.39375 0.18291666666666667 0.07375 0.09083333333333334
0 0.5003125 0.5766666666666667 0.056875 0.07833333333333334
0 0.39875 0.41208333333333336 0.07125 0.09583333333333334
0 0.6178125 0.8725 0.068125 0.08
0 0.6728125 0.16583333333333333 0.060625 0.09
0 0.066875 0.6504166666666666 0.065 0.0875
0 0.9284375 0.31666666666666665 0.065625 0.09666666666666666
0 0.3328125 0.36791666666666667 0.075625 0.09916666666666667
0 0.394375 0.26666666666666666 0.075 0.09666666666666666
0 0.404375 0.8070833333333334 0.05875 0.08916666666666667
0 0.0790625 0.3725 0.073125 0.09333333333333334
0 0.13625 0.7016666666666667 0.06625 0.08833333333333333
0 0.353125 0.9470833333333334 0.06625 0.0775
0 0.565625 0.185 0.065 0.09166666666666666
0 0.7603125 0.20625 0.066875 0.08416666666666667
0 0.569375 0.37416666666666665 0.0725 0.085
0 0.4290625 0.11 0.069375 0.10666666666666667
0 0.2959375 0.8858333333333334 0.060625 0.08833333333333333
0 0.8940625 0.08958333333333333 0.074375 0.09416666666666666
0 0.560625 0.5341666666666667 0.06 0.07166666666666667
0 0.6121875 0.15916666666666668 0.056875 0.095
0 0.623125 0.46166666666666667 0.065 0.09166666666666666
0 0.609375 0.07041666666666667 0.0625 0.08083333333333333
0 0.64875 0.5279166666666667 0.06875 0.0825
0 0.323125 0.7970833333333334 0.06125 0.08083333333333333
0 0.5796875 0.945 0.071875 0.095
0 0.7421875 0.14541666666666667 0.065625 0.0975
0 0.6609375 0.06333333333333334 0.069375 0.08166666666666667
0 0.1903125 0.5154166666666666 0.063125 0.08416666666666667
0 0.6521875 0.19916666666666666 0.071875 0.095
0 0.42875 0.4845833333333333 0.06 0.0925
0 0.2215625 0.04041666666666666 0.066875 0.0775
0 0.7178125 0.05416666666666667 0.051875 0.09833333333333333
0 0.71875 0.25875 0.07125 0.08083333333333333
0 0.586875 0.4575 0.06875 0.09666666666666666
0 0.2596875 0.9504166666666667 0.069375 0.08583333333333333
0 0.374375 0.7645833333333333 0.0575 0.10416666666666667