0 0.69125 0.8366666666666667 0.0925 0.12333333333333334
0 0.2325 0.3458333333333333 0.10875 0.145
0 0.38625 0.46416666666666667 0.10625 0.14166666666666666
0 0.774375 0.3779166666666667 0.1 0.13416666666666666
0 0.235 0.7633333333333333 0.10125 0.135
0 0.1675 0.8033333333333333 0.10125 0.135
0 0.465625 0.37083333333333335 0.10125 0.135
0 0.55875 0.6683333333333333 0.11875 0.15833333333333333
0 0.42125 0.78375 0.11375 0.1525
0 0.43125 0.2708333333333333 0.10625 0.14166666666666666
0 0.458125 0.6004166666666667 0.105 0.14083333333333334
0 0.781875 0.1625 0.1125 0.15
0 0.8625 0.5495833333333333 0.1 0.13416666666666666
0 0.524375 0.4525 0.11875 0.15833333333333333
0 0.5003125 0.9179166666666667 0.098125 0.13083333333333333
0 0.1740625 0.6254166666666666 0.108125 0.14416666666666667
0 0.4465625 0.45125 0.100625 0.13416666666666666
0 0.130625 0.5508333333333333 0.105 0.14
0 0.3665625 0.6445833333333333 0.106875 0.1425
0 0.45625 0.5133333333333333 0.10375 0.13833333333333334
0 0.368125 0.38333333333333336 0.1125 0.15
0 0.711875 0.46166666666666667 0.09125 0.12166666666666667
0 0.8984375 0.39958333333333335 0.093125 0.12416666666666666
0 0.249375 0.18958333333333333 0.0975 0.13083333333333333
0 0.8984375 0.44083333333333335 0.103125 0.13666666666666666
0 0.32375 0.42916666666666664 0.10625 0.14166666666666666
0 0.573125 0.8904166666666666 0.105 0.14083333333333334
0 0.548125 0.92 0.105 0.14