0 0.3653125 0.26208333333333333 0.093125 0.12416666666666666
0 0.6078125 0.5795833333333333 0.090625 0.12083333333333333
0 0.8521875 0.26875 0.093125 0.12416666666666666
0 0.518125 0.205 0.1 0.13333333333333333
0 0.4121875 0.07125 0.101875 0.13583333333333333
0 0.1165625 0.75125 0.101875 0.13583333333333333
0 0.8909375 0.3775 0.103125 0.13666666666666666
0 0.5696875 0.6479166666666667 0.089375 0.11916666666666667
0 0.5675 0.3466666666666667 0.085 0.11333333333333333
0 0.7725 0.4225 0.08875 0.11833333333333333
0 0.3890625 0.8379166666666666 0.084375 0.1125
0 0.95125 0.425 0.09125 0.12166666666666667
0 0.71375 0.31708333333333333 0.105 0.14083333333333334
0 0.4384375 0.8979166666666667 0.093125 0.12416666666666666
0 0.4696875 0.13916666666666666 0.084375 0.11166666666666666
0 0.77 0.11583333333333333 0.1025 0.13666666666666666
0 0.29 0.39875 0.0925 0.1225
0 0.68125 0.5808333333333333 0.0875 0.11666666666666667
0 0.324375 0.8641666666666666 0.0825 0.11
0 0.66375 0.0675 0.08625 0.115
0 0.4540625 0.5845833333333333 0.090625 0.12083333333333333
0 0.53625 0.5716666666666667 0.09125 0.12166666666666667
0 0.6640625 0.5454166666666667 0.079375 0.10583333333333333
0 0.670625 0.39375 0.085 0.1125
0 0.2609375 0.8495833333333334 0.098125 0.13083333333333333
0 0.530625 0.77 0.09625 0.12833333333333333
0 0.8396875 0.45458333333333334 0.096875 0.12916666666666668
1 0.6125 0.255 0.1075 0.14333333333333334
0 0.240625 0.5604166666666667 0.085 0.1125
0 0.7128125 0.47333333333333333 0.084375 0.11333333333333333
0 0.4465625 0.7508333333333334 0.104375 0.14
0 0.9025 0.6016666666666667 0.0975 0.13
0 0.2903125 0.6229166666666667 0.084375 0.1125
0 0.269375 0.74875 0.07625 0.1025
0 0.353125 0.4083333333333333 0.0875 0.11666666666666667
0 0.2196875 0.7529166666666667 0.080625 0.1075
0 0.7140625 0.6391666666666667 0.075625 0.10166666666666667
0 0.41125 0.17375 0.0725 0.09583333333333334
0 0.575625 0.5120833333333333 0.075 0.10083333333333333
0 0.49625 0.86125 0.08875 0.11916666666666667
0 0.0615625 0.5883333333333334 0.083125 0.11166666666666666
0 0.6309375 0.8641666666666666 0.086875 0.11666666666666667
0 0.7559375 0.6645833333333333 0.070625 0.09416666666666666
0 0.1765625 0.70125 0.076875 0.1025
1 0.8103125 0.19291666666666665 0.120625 0.16083333333333333
0 0.775 0.7366666666666667 0.085 0.11333333333333333
0 0.79 0.6158333333333333 0.0825 0.11
0 0.6434375 0.6454166666666666 0.069375 0.0925
0 0.749375 0.7333333333333333 0.09 0.12