0 0.60875 0.47208333333333335 0.0775 0.08416666666666667
0 0.343125 0.535 0.08 0.09666666666666666
0 0.225 0.3620833333333333 0.06875 0.0875
0 0.22625 0.20666666666666667 0.0725 0.10333333333333333
0 0.081875 0.7033333333333334 0.0675 0.085
0 0.69375 0.6179166666666667 0.0875 0.08583333333333333
0 0.236875 0.09791666666666667 0.06375 0.09416666666666666
0 0.1125 0.42125 0.055 0.0825
0 0.6521875 0.9479166666666666 0.076875 0.0725
0 0.86125 0.765 0.0725 0.08333333333333333
0 0.6075 0.23291666666666666 0.08 0.07583333333333334
0 0.10875 0.53375 0.06875 0.08916666666666667
0 0.2734375 0.5395833333333333 0.064375 0.1075
0 0.7740625 0.67 0.063125 0.075
0 0.345 0.35375 0.07375 0.0775
0 0.266875 0.75 0.07875 0.10833333333333334
0 0.9396875 0.39416666666666667 0.090625 0.09833333333333333
0 0.4428125 0.8991666666666667 0.079375 0.08
0 0.1490625 0.34791666666666665 0.066875 0.09416666666666666
0 0.328125 0.2075 0.0775 0.09
0 0.3559375 0.8508333333333333 0.096875 0.06833333333333333
0 0.793125 0.6129166666666667 0.1025 0.07583333333333334
0 0.2471875 0.64375 0.056875 0.07416666666666667
0 0.7153125 0.1675 0.099375 0.07166666666666667
0 0.884375 0.55375 0.08 0.07916666666666666
0 0.3009375 0.6541666666666667 0.071875 0.08166666666666667
0 0.286875 0.295 0.08625 0.07666666666666666
0 0.3259375 0.10375 0.111875 0.0775
0 0.6928125 0.09333333333333334 0.098125 0.07
0 0.218125 0.71875 0.0775 0.08916666666666667
0 0.6240625 0.17666666666666667 0.101875 0.06333333333333334
0 0.381875 0.9425 0.11625 0.06333333333333334
0 0.2928125 0.16208333333333333 0.113125 0.0625