0 0.30125 0.34625 0.10625 0.1425
0 0.7471875 0.92375 0.100625 0.13416666666666666
0 0.629375 0.37125 0.1 0.1325
0 0.8659375 0.38166666666666665 0.104375 0.14
0 0.415625 0.59875 0.1 0.1325
0 0.681875 0.4995833333333333 0.1075 0.1425
0 0.1603125 0.08625 0.091875 0.1225
0 0.82 0.5333333333333333 0.10125 0.135
0 0.5915625 0.29375 0.104375 0.13916666666666666
0 0.3215625 0.21833333333333332 0.093125 0.125
0 0.4996875 0.72 0.113125 0.15
0 0.7534375 0.65375 0.101875 0.13583333333333333
1 0.2290625 0.14041666666666666 0.110625 0.1475
0 0.535 0.1075 0.10125 0.135
0 0.5725 0.5975 0.1075 0.14333333333333334
0 0.1378125 0.3516666666666667 0.108125 0.14333333333333334
0 0.4859375 0.8720833333333333 0.105625 0.14083333333333334
0 0.7509375 0.30041666666666667 0.111875 0.14916666666666667
0 0.2784375 0.83375 0.109375 0.14583333333333334
0 0.5415625 0.81 0.106875 0.14166666666666666
0 0.4175 0.435 0.095 0.12666666666666668
0 0.38 0.8183333333333334 0.10125 0.135
0 0.4878125 0.45375 0.103125 0.1375
0 0.6453125 0.785 0.109375 0.14666666666666667
0 0.8590625 0.7429166666666667 0.099375 0.1325
0 0.21125 0.41 0.1075 0.14333333333333334
0 0.6025 0.475 0.10375 0.13833333333333334
0 0.1671875 0.48 0.106875 0.14166666666666666
0 0.106875 0.4675 0.11375 0.15166666666666667