0 0.823125 0.5720833333333334 0.06 0.0775
0 0.860625 0.2966666666666667 0.05625 0.085
0 0.5815625 0.06416666666666666 0.063125 0.085
0 0.180625 0.6570833333333334 0.06875 0.08916666666666667
0 0.7690625 0.44416666666666665 0.068125 0.08833333333333333
0 0.4390625 0.79 0.066875 0.085
0 0.804375 0.055 0.06125 0.07833333333333334
0 0.1109375 0.91625 0.061875 0.0825
0 0.713125 0.6545833333333333 0.07 0.0925
0 0.2346875 0.24791666666666667 0.070625 0.09583333333333334
0 0.5446875 0.11875 0.074375 0.09416666666666666
0 0.3053125 0.66125 0.069375 0.1025
0 0.78 0.8729166666666667 0.07 0.09583333333333334
0 0.353125 0.4816666666666667 0.06375 0.085
0 0.1896875 0.7870833333333334 0.064375 0.08416666666666667
0 0.613125 0.78 0.0625 0.08333333333333333
0 0.74 0.34125 0.06 0.0775
0 0.71375 0.8804166666666666 0.0625 0.08583333333333333
0 0.0453125 0.90375 0.070625 0.0925
0 0.9221875 0.09125 0.060625 0.09583333333333334
0 0.7028125 0.5554166666666667 0.073125 0.09583333333333334
0 0.8634375 0.20125 0.074375 0.0925
0 0.3746875 0.05416666666666667 0.065625 0.09333333333333334
0 0.5853125 0.645 0.060625 0.075
0 0.511875 0.8416666666666667 0.0625 0.09166666666666666
0 0.9575 0.3120833333333333 0.06 0.07916666666666666
0 0.4371875 0.7091666666666666 0.061875 0.07166666666666667
0 0.47375 0.9029166666666667 0.06 0.07916666666666666
1 0.4359375 0.2945833333333333 0.085625 0.1125
1 0.875625 0.4175 0.07875 0.10833333333333334
0 0.6640625 0.42541666666666667 0.069375 0.0775
0 0.07 0.4575 0.06 0.085
0 0.9184375 0.3745833333333333 0.063125 0.07916666666666666
0 0.1365625 0.8325 0.064375 0.085
0 0.41375 0.13458333333333333 0.06625 0.09416666666666666
1 0.2784375 0.47333333333333333 0.078125 0.11333333333333333
0 0.2875 0.7541666666666667 0.05375 0.08
0 0.329375 0.83 0.05375 0.06666666666666667
0 0.255625 0.8979166666666667 0.05375 0.07583333333333334
0 0.0896875 0.76625 0.063125 0.0775
0 0.20625 0.08666666666666667 0.06375 0.09
0 0.8309375 0.365 0.060625 0.085
0 0.2540625 0.7858333333333334 0.069375 0.095
0 0.7940625 0.14208333333333334 0.056875 0.07583333333333334
0 0.79375 0.30291666666666667 0.06375 0.07916666666666666
0 0.1196875 0.09583333333333334 0.066875 0.085
0 0.8740625 0.955 0.070625 0.08
0 0.0853125 0.6108333333333333 0.049375 0.07166666666666667
0 0.37625 0.7745833333333333 0.05375 0.0825
0 0.3815625 0.6858333333333333 0.050625 0.06166666666666667
0 0.879375 0.13416666666666666 0.06875 0.07666666666666666
1 0.5590625 0.4795833333333333 0.100625 0.10083333333333333
0 0.3071875 0.8820833333333333 0.065625 0.07916666666666666
0 0.3446875 0.7275 0.048125 0.07333333333333333
0 0.66625 0.35541666666666666 0.055 0.0625
0 0.0803125 0.28458333333333335 0.056875 0.08583333333333333
0 0.394375 0.5483333333333333 0.05 0.08166666666666667
0 0.963125 0.20666666666666667 0.0675 0.07333333333333333
0 0.1384375 0.7554166666666666 0.073125 0.08416666666666667
1 0.42375 0.63 0.07375 0.10166666666666667
0 0.6225 0.3729166666666667 0.05375 0.10083333333333333
0 0.536875 0.29583333333333334 0.06625 0.06833333333333333
0 0.0590625 0.25458333333333333 0.048125 0.07416666666666667
0 0.035625 0.6275 0.05 0.06833333333333333
0 0.524375 0.3770833333333333 0.145 0.13083333333333333
0 0.0296875 0.56 0.048125 0.06
0 0.3115625 0.5170833333333333 0.045625 0.0625