0 0.2521875 0.5266666666666666 0.086875 0.11666666666666667
0 0.1440625 0.535 0.096875 0.13
0 0.36 0.36 0.0925 0.12333333333333334
0 0.7396875 0.44958333333333333 0.115625 0.15416666666666667
0 0.3440625 0.27875 0.095625 0.1275
0 0.199375 0.34 0.095 0.12666666666666668
0 0.7084375 0.53375 0.095625 0.1275
0 0.089375 0.49333333333333335 0.08875 0.11833333333333333
0 0.8653125 0.6229166666666667 0.099375 0.1325
0 0.175 0.8216666666666667 0.0925 0.12333333333333334
0 0.4703125 0.14916666666666667 0.099375 0.13166666666666665
0 0.6684375 0.16625 0.096875 0.12916666666666668
0 0.0940625 0.7970833333333334 0.089375 0.11916666666666667
0 0.2284375 0.8695833333333334 0.091875 0.1225
0 0.4371875 0.5641666666666667 0.089375 0.12
0 0.5528125 0.47291666666666665 0.109375 0.14583333333333334
0 0.69 0.7054166666666667 0.10875 0.14416666666666667
0 0.79 0.3020833333333333 0.1125 0.15083333333333335
0 0.559375 0.2633333333333333 0.0975 0.13
0 0.2903125 0.47708333333333336 0.090625 0.12083333333333333
0 0.1715625 0.7354166666666667 0.095625 0.1275
0 0.381875 0.63 0.10125 0.135
0 0.2753125 0.37625 0.105625 0.14083333333333334
0 0.426875 0.21333333333333335 0.10125 0.135
1 0.31875 0.20041666666666666 0.115 0.1525
0 0.755625 0.70375 0.0975 0.12916666666666668
0 0.68625 0.3591666666666667 0.10125 0.135
0 0.2978125 0.6525 0.084375 0.11333333333333333
0 0.380625 0.1725 0.08625 0.115
0 0.1075 0.3975 0.09 0.12
0 0.565625 0.13625 0.0975 0.12916666666666668
0 0.2796875 0.2675 0.084375 0.11166666666666666
0 0.3090625 0.8375 0.113125 0.15
0 0.508125 0.5358333333333334 0.10125 0.135
0 0.5740625 0.58625 0.114375 0.1525
0 0.89375 0.3475 0.115 0.15333333333333332
0 0.331875 0.6466666666666666 0.10375 0.13833333333333334
0 0.2928125 0.7620833333333333 0.091875 0.1225
0 0.695 0.8266666666666667 0.11 0.14666666666666667
1 0.796875 0.58 0.1125 0.15
0 0.21125 0.24833333333333332 0.1075 0.14333333333333334
0 0.481875 0.5066666666666667 0.1075 0.14333333333333334
0 0.84 0.45 0.09625 0.12833333333333333
0 0.5096875 0.3458333333333333 0.103125 0.13833333333333334
0 0.5321875 0.6829166666666666 0.110625 0.1475
0 0.0875 0.7525 0.1025 0.13666666666666666
0 0.5059375 0.37958333333333333 0.099375 0.1325
0 0.8046875 0.48875 0.094375 0.12583333333333332
0 0.62375 0.4141666666666667 0.1 0.13333333333333333
0 0.2278125 0.5975 0.083125 0.11166666666666666
0 0.5796875 0.7604166666666666 0.110625 0.1475
0 0.6446875 0.7758333333333334 0.095625 0.12833333333333333
1 0.829375 0.12208333333333334 0.14125 0.18916666666666668
1 0.2075 0.6825 0.10625 0.14166666666666666
1 0.240625 0.7395833333333334 0.09625 0.12916666666666668