0 0.414375 0.4295833333333333 0.0725 0.09083333333333334
0 0.4903125 0.5391666666666667 0.076875 0.09166666666666666
0 0.426875 0.94125 0.0775 0.0975
0 0.70875 0.9 0.07625 0.1
0 0.228125 0.7183333333333334 0.0775 0.08833333333333333
0 0.67625 0.5229166666666667 0.07 0.0825
0 0.4484375 0.2945833333333333 0.078125 0.0975
0 0.4790625 0.7766666666666666 0.063125 0.1
0 0.515 0.6145833333333334 0.09 0.07916666666666666
0 0.539375 0.78 0.075 0.09666666666666666
0 0.766875 0.8775 0.0725 0.08
0 0.7725 0.6266666666666667 0.06375 0.10166666666666667
0 0.506875 0.6891666666666667 0.07875 0.08833333333333333
0 0.6590625 0.5958333333333333 0.075625 0.085
0 0.713125 0.8116666666666666 0.10125 0.07666666666666666
0 0.38125 0.6654166666666667 0.085 0.0725
0 0.7671875 0.5608333333333333 0.080625 0.13666666666666666
0 0.196875 0.17416666666666666 0.07625 0.09833333333333333
0 0.6046875 0.8779166666666667 0.084375 0.0775
0 0.6275 0.057916666666666665 0.075 0.10583333333333333
0 0.205 0.31083333333333335 0.07375 0.09833333333333333
0 0.8171875 0.2808333333333333 0.090625 0.075
0 0.6740625 0.65875 0.066875 0.09083333333333334
0 0.3096875 0.51375 0.075625 0.12083333333333333
0 0.5846875 0.955 0.104375 0.06833333333333333
0 0.3759375 0.785 0.103125 0.08333333333333333
0 0.57625 0.51625 0.1025 0.0825
0 0.7225 0.5704166666666667 0.05875 0.1025
0 0.391875 0.7241666666666666 0.0825 0.06333333333333334
0 0.82 0.20416666666666666 0.0875 0.08333333333333333
0 0.7278125 0.40875 0.075625 0.09583333333333334
0 0.5625 0.13333333333333333 0.06125 0.09333333333333334
0 0.383125 0.5908333333333333 0.0925 0.09166666666666666
0 0.7525 0.18291666666666667 0.0825 0.0825
0 0.7890625 0.06125 0.095625 0.07916666666666666
0 0.7759375 0.13583333333333333 0.103125 0.07