0 0.79375 0.3229166666666667 0.11375 0.1525
0 0.720625 0.24125 0.1 0.13416666666666666
0 0.249375 0.8233333333333334 0.09125 0.12166666666666667
0 0.435 0.29625 0.0925 0.1225
0 0.5753125 0.19458333333333333 0.096875 0.12916666666666668
0 0.6253125 0.46 0.099375 0.13333333333333333
0 0.105625 0.6858333333333333 0.09375 0.125
0 0.694375 0.48833333333333334 0.09625 0.12833333333333333
0 0.3640625 0.3458333333333333 0.085625 0.11333333333333333
0 0.5253125 0.7116666666666667 0.089375 0.12
0 0.6534375 0.6995833333333333 0.094375 0.12583333333333332
0 0.3084375 0.41375 0.098125 0.13083333333333333
0 0.5846875 0.2945833333333333 0.086875 0.11583333333333333
0 0.3909375 0.7329166666666667 0.113125 0.15083333333333335
0 0.1771875 0.92625 0.099375 0.1325
0 0.3396875 0.6445833333333333 0.108125 0.14416666666666667
0 0.76 0.47 0.1025 0.13666666666666666
0 0.1925 0.7616666666666667 0.09375 0.125
0 0.190625 0.5916666666666667 0.10625 0.14166666666666666
0 0.256875 0.6325 0.08625 0.115
0 0.41125 0.495 0.10375 0.13833333333333334
0 0.5 0.8316666666666667 0.10375 0.13833333333333334
0 0.3325 0.25958333333333333 0.1025 0.13583333333333333
0 0.4653125 0.13291666666666666 0.106875 0.1425
0 0.611875 0.5808333333333333 0.09625 0.12833333333333333
0 0.4275 0.8204166666666667 0.085 0.11416666666666667
0 0.8271875 0.08041666666666666 0.106875 0.1425
0 0.655 0.34708333333333335 0.11625 0.15583333333333332
0 0.728125 0.7020833333333333 0.08375 0.11083333333333334
0 0.11 0.5233333333333333 0.1 0.13333333333333333
0 0.94625 0.2920833333333333 0.08625 0.11416666666666667
0 0.923125 0.24958333333333332 0.105 0.13916666666666666
0 0.87125 0.6466666666666666 0.1 0.13333333333333333
1 0.4921875 0.47333333333333333 0.129375 0.17166666666666666