0 0.2853125 0.10666666666666667 0.061875 0.08666666666666667
0 0.4946875 0.8704166666666666 0.051875 0.07916666666666666
0 0.49375 0.8766666666666667 0.06625 0.085
0 0.3596875 0.07291666666666667 0.059375 0.09083333333333334
0 0.7934375 0.8908333333333334 0.074375 0.10666666666666667
0 0.2565625 0.2025 0.075625 0.08
0 0.385625 0.3929166666666667 0.075 0.1075
0 0.21 0.11916666666666667 0.06125 0.08833333333333333
0 0.7 0.7333333333333333 0.0625 0.085
0 0.6071875 0.9241666666666667 0.065625 0.07833333333333334
0 0.225 0.28041666666666665 0.0725 0.10916666666666666
0 0.63 0.8320833333333333 0.0625 0.0875
0 0.519375 0.08041666666666666 0.06625 0.08916666666666667
0 0.273125 0.9029166666666667 0.0725 0.0925
0 0.165625 0.9129166666666667 0.05375 0.07083333333333333
0 0.4771875 0.4666666666666667 0.078125 0.11166666666666666
0 0.73375 0.8258333333333333 0.07875 0.075
0 0.82 0.6420833333333333 0.08125 0.1075
0 0.1596875 0.11583333333333333 0.060625 0.07833333333333334
1 0.378125 0.8720833333333333 0.08875 0.11416666666666667
0 0.5384375 0.3754166666666667 0.073125 0.09916666666666667
0 0.6921875 0.6241666666666666 0.074375 0.08666666666666667
0 0.4259375 0.07708333333333334 0.061875 0.08916666666666667
0 0.1553125 0.19708333333333333 0.059375 0.08416666666666667
0 0.2321875 0.6258333333333334 0.079375 0.10666666666666667
0 0.6090625 0.14541666666666667 0.068125 0.09416666666666666
0 0.834375 0.5016666666666667 0.07875 0.10666666666666667
0 0.28 0.7575 0.06875 0.09
0 0.5571875 0.6791666666666667 0.056875 0.07833333333333334
0 0.55875 0.77 0.05375 0.08333333333333333
0 0.4940625 0.25458333333333333 0.068125 0.0875
0 0.3234375 0.8270833333333333 0.066875 0.09083333333333334
0 0.545625 0.2995833333333333 0.055 0.0675
0 0.5803125 0.08083333333333333 0.049375 0.07166666666666667
0 0.6859375 0.08833333333333333 0.065625 0.075
0 0.6765625 0.28041666666666665 0.091875 0.0875
0 0.4459375 0.6908333333333333 0.069375 0.08333333333333333
0 0.1921875 0.8075 0.066875 0.09
0 0.2409375 0.8095833333333333 0.063125 0.09416666666666666
0 0.514375 0.16666666666666666 0.06375 0.08666666666666667
0 0.4890625 0.18833333333333332 0.058125 0.07333333333333333
0 0.645625 0.0525 0.06625 0.095
0 0.6425 0.6454166666666666 0.06375 0.10583333333333333
0 0.625 0.6520833333333333 0.065 0.06583333333333333
0 0.6809375 0.05333333333333334 0.069375 0.07333333333333333
1 0.70375 0.18166666666666667 0.06375 0.15666666666666668
1 0.61375 0.21291666666666667 0.07125 0.1325
0 0.5203125 0.7325 0.073125 0.10166666666666667
0 0.5046875 0.6841666666666667 0.065625 0.12333333333333334
1 0.4346875 0.6454166666666666 0.078125 0.10916666666666666
0 0.5384375 0.7841666666666667 0.059375 0.08166666666666667