0 0.7384375 0.9166666666666666 0.090625 0.12
0 0.5675 0.165 0.095 0.12666666666666668
0 0.7 0.13666666666666666 0.08875 0.11833333333333333
0 0.2484375 0.33375 0.101875 0.13583333333333333
0 0.9275 0.7858333333333334 0.095 0.12666666666666668
0 0.2396875 0.2175 0.091875 0.12333333333333334
0 0.804375 0.7779166666666667 0.10625 0.14083333333333334
1 0.520625 0.2675 0.09375 0.125
0 0.1321875 0.5291666666666667 0.078125 0.10333333333333333
0 0.6934375 0.78875 0.081875 0.10916666666666666
0 0.6703125 0.21083333333333334 0.084375 0.11166666666666666
0 0.6028125 0.525 0.124375 0.16666666666666666
0 0.3375 0.8975 0.08875 0.11833333333333333
0 0.4784375 0.6595833333333333 0.085625 0.11416666666666667
0 0.875 0.48083333333333333 0.10125 0.135
0 0.5840625 0.3225 0.100625 0.13333333333333333
0 0.364375 0.5070833333333333 0.085 0.1125
0 0.3953125 0.6220833333333333 0.113125 0.15083333333333335
0 0.3421875 0.11541666666666667 0.088125 0.1175
0 0.4475 0.8541666666666666 0.0825 0.11
0 0.851875 0.3575 0.08375 0.11166666666666666
0 0.4609375 0.40125 0.085625 0.11416666666666667
0 0.6346875 0.38166666666666665 0.084375 0.11166666666666666
0 0.5215625 0.4404166666666667 0.078125 0.10416666666666667
0 0.8328125 0.7104166666666667 0.106875 0.1425
0 0.3603125 0.29125 0.080625 0.1075
0 0.3984375 0.3325 0.086875 0.115
0 0.120625 0.42583333333333334 0.08125 0.10833333333333334
0 0.7225 0.3983333333333333 0.08 0.10666666666666667
0 0.65625 0.30791666666666667 0.095 0.12583333333333332
0 0.4775 0.89875 0.085 0.1125
0 0.3184375 0.7941666666666667 0.109375 0.145
0 0.61125 0.6691666666666667 0.095 0.12666666666666668
0 0.4840625 0.19958333333333333 0.094375 0.12583333333333332
0 0.3925 0.85125 0.095 0.1275
0 0.73625 0.2683333333333333 0.075 0.1
0 0.49125 0.3279166666666667 0.0775 0.1025
1 0.2059375 0.08208333333333333 0.105625 0.14083333333333334
0 0.2871875 0.74375 0.091875 0.1225
0 0.398125 0.1175 0.085 0.11333333333333333
0 0.2234375 0.69625 0.091875 0.1225
0 0.1096875 0.32 0.078125 0.10333333333333333
0 0.341875 0.37916666666666665 0.08125 0.10833333333333334
0 0.4315625 0.21291666666666667 0.080625 0.1075
0 0.53875 0.54875 0.075 0.10083333333333333
0 0.351875 0.42375 0.105 0.14083333333333334
0 0.39375 0.7825 0.0775 0.10333333333333333
0 0.4303125 0.53125 0.079375 0.10583333333333333
0 0.6559375 0.6458333333333334 0.079375 0.10666666666666667
0 0.318125 0.6358333333333334 0.07125 0.095
0 0.5215625 0.6079166666666667 0.084375 0.1125
0 0.77375 0.5370833333333334 0.07375 0.0975
0 0.278125 0.405 0.07375 0.09833333333333333
0 0.39 0.24708333333333332 0.07875 0.10583333333333333
0 0.763125 0.32625 0.06375 0.08583333333333333
0 0.491875 0.6375 0.08625 0.115