0 0.348125 0.1725 0.065 0.09166666666666666
0 0.1903125 0.15416666666666667 0.065625 0.085
0 0.80625 0.8495833333333334 0.08375 0.0925
0 0.7409375 0.7470833333333333 0.068125 0.09416666666666666
0 0.8109375 0.5604166666666667 0.069375 0.0975
0 0.6475 0.15791666666666668 0.06875 0.09583333333333334
0 0.341875 0.7791666666666667 0.065 0.09833333333333333
0 0.45625 0.5833333333333334 0.06875 0.09666666666666666
0 0.771875 0.27625 0.07375 0.10083333333333333
0 0.28125 0.6220833333333333 0.075 0.10583333333333333
0 0.20375 0.06166666666666667 0.07875 0.1
0 0.741875 0.48125 0.08125 0.09583333333333334
0 0.6796875 0.30375 0.069375 0.09916666666666667
0 0.514375 0.5204166666666666 0.08875 0.10583333333333333
0 0.216875 0.4658333333333333 0.07375 0.09666666666666666
0 0.41 0.7479166666666667 0.075 0.08083333333333333
0 0.5125 0.8783333333333333 0.075 0.11
0 0.251875 0.20333333333333334 0.07 0.10333333333333333
0 0.6625 0.7366666666666667 0.07125 0.08666666666666667
0 0.4440625 0.49916666666666665 0.066875 0.09166666666666666
0 0.363125 0.37166666666666665 0.07375 0.1
0 0.5184375 0.4075 0.079375 0.11666666666666667
0 0.6990625 0.07791666666666666 0.093125 0.10916666666666666
0 0.3990625 0.07666666666666666 0.059375 0.10166666666666667
0 0.5875 0.10541666666666667 0.08 0.11083333333333334
0 0.49875 0.8275 0.075 0.1
0 0.608125 0.8191666666666667 0.06875 0.08833333333333333
0 0.4321875 0.27625 0.080625 0.09083333333333334
0 0.65875 0.67375 0.0575 0.09083333333333334
0 0.8146875 0.47708333333333336 0.078125 0.0825
0 0.315 0.3416666666666667 0.0725 0.10333333333333333
0 0.1925 0.6245833333333334 0.07125 0.0775
0 0.8175 0.9079166666666667 0.06875 0.08916666666666667
0 0.305625 0.3745833333333333 0.07875 0.09583333333333334
0 0.7809375 0.8908333333333334 0.078125 0.09333333333333334
0 0.18875 0.5808333333333333 0.07875 0.095
0 0.588125 0.76 0.07125 0.09333333333333334
0 0.4475 0.3204166666666667 0.105 0.07083333333333333
0 0.6071875 0.63875 0.069375 0.06916666666666667
0 0.60875 0.7279166666666667 0.0875 0.0975