0 0.59625 0.8666666666666667 0.1 0.13333333333333333
0 0.5828125 0.6075 0.105625 0.14
0 0.7084375 0.6820833333333334 0.111875 0.14916666666666667
0 0.6578125 0.6208333333333333 0.090625 0.12
0 0.766875 0.7758333333333334 0.1075 0.14333333333333334
0 0.6334375 0.34541666666666665 0.086875 0.11583333333333333
0 0.3925 0.3358333333333333 0.105 0.14
0 0.13 0.16 0.09375 0.125
0 0.230625 0.67375 0.095 0.1275
0 0.890625 0.8225 0.08375 0.11166666666666666
0 0.321875 0.3641666666666667 0.105 0.14
0 0.7 0.7983333333333333 0.09875 0.13166666666666665
0 0.37625 0.2375 0.1075 0.14333333333333334
0 0.176875 0.6408333333333334 0.1025 0.13666666666666666
0 0.2859375 0.6145833333333334 0.105625 0.14083333333333334
0 0.5440625 0.7029166666666666 0.108125 0.14416666666666667
0 0.1909375 0.155 0.103125 0.13833333333333334
0 0.4440625 0.55625 0.110625 0.1475
0 0.359375 0.4354166666666667 0.09875 0.1325
0 0.2328125 0.08541666666666667 0.093125 0.12416666666666666
0 0.498125 0.10833333333333334 0.08375 0.11166666666666666
0 0.73875 0.5141666666666667 0.1 0.13333333333333333
0 0.79125 0.33375 0.09625 0.12916666666666668
0 0.785625 0.665 0.09375 0.125
0 0.6303125 0.74625 0.108125 0.14416666666666667
0 0.675 0.42375 0.09 0.12083333333333333
0 0.5103125 0.6183333333333333 0.104375 0.14
0 0.381875 0.5208333333333334 0.1 0.13333333333333333
0 0.3103125 0.27958333333333335 0.090625 0.12083333333333333
0 0.4275 0.10916666666666666 0.1 0.13333333333333333
0 0.243125 0.44666666666666666 0.105 0.14
0 0.5278125 0.8320833333333333 0.104375 0.13916666666666666
0 0.166875 0.23791666666666667 0.0875 0.11583333333333333
0 0.5921875 0.42291666666666666 0.108125 0.14416666666666667
0 0.230625 0.2575 0.11 0.14666666666666667
0 0.5303125 0.4791666666666667 0.093125 0.12333333333333334
0 0.699375 0.15541666666666668 0.0975 0.13083333333333333
0 0.3684375 0.07958333333333334 0.094375 0.12583333333333332
0 0.69 0.2866666666666667 0.1025 0.13666666666666666
0 0.64625 0.9166666666666666 0.08875 0.11833333333333333
0 0.4775 0.3516666666666667 0.085 0.11333333333333333
0 0.4584375 0.18041666666666667 0.090625 0.12083333333333333
0 0.0903125 0.24458333333333335 0.095625 0.1275
0 0.6453125 0.08375 0.093125 0.12416666666666666
0 0.1140625 0.5975 0.103125 0.13833333333333334
0 0.8390625 0.7604166666666666 0.095625 0.1275
0 0.555 0.09625 0.10375 0.1375
0 0.59375 0.2683333333333333 0.0975 0.13
0 0.82125 0.4041666666666667 0.08875 0.11833333333333333
0 0.7571875 0.20708333333333334 0.098125 0.13083333333333333
0 0.743125 0.58125 0.1025 0.1375
0 0.1234375 0.37958333333333333 0.104375 0.13916666666666666
0 0.786875 0.9091666666666667 0.085 0.11333333333333333
0 0.3046875 0.465 0.106875 0.14333333333333334
0 0.4375 0.40541666666666665 0.08875 0.1175
0 0.845 0.47833333333333333 0.0975 0.13
0 0.6159375 0.6870833333333334 0.114375 0.1525
0 0.6946875 0.48541666666666666 0.113125 0.15083333333333335