0 0.7340625 0.21625 0.091875 0.1225
0 0.6659375 0.3145833333333333 0.090625 0.12083333333333333
0 0.309375 0.8591666666666666 0.0775 0.10333333333333333
0 0.50375 0.6141666666666666 0.1 0.13333333333333333
0 0.4390625 0.29875 0.095625 0.1275
0 0.3015625 0.42375 0.095625 0.1275
0 0.3359375 0.7333333333333333 0.088125 0.11666666666666667
0 0.2990625 0.5395833333333333 0.086875 0.11583333333333333
0 0.8696875 0.17041666666666666 0.105625 0.14083333333333334
0 0.71625 0.12666666666666668 0.0925 0.12333333333333334
0 0.5590625 0.5508333333333333 0.088125 0.11666666666666667
0 0.748125 0.08083333333333333 0.08 0.10666666666666667
0 0.05375 0.6933333333333334 0.09625 0.12833333333333333
0 0.5828125 0.8895833333333333 0.098125 0.13083333333333333
0 0.54125 0.75 0.09 0.12
0 0.45 0.6795833333333333 0.09375 0.12583333333333332
0 0.375625 0.22916666666666666 0.0925 0.12333333333333334
0 0.475 0.44458333333333333 0.085 0.11416666666666667
0 0.2421875 0.6745833333333333 0.093125 0.12416666666666666
0 0.0809375 0.5645833333333333 0.081875 0.10916666666666666
0 0.7490625 0.43041666666666667 0.104375 0.13916666666666666
0 0.8246875 0.24708333333333332 0.075625 0.10083333333333333
0 0.2340625 0.835 0.076875 0.10166666666666667
0 0.559375 0.4625 0.09375 0.125
0 0.5575 0.8208333333333333 0.09125 0.12166666666666667
0 0.309375 0.7720833333333333 0.0975 0.12916666666666668
0 0.3471875 0.15208333333333332 0.093125 0.12416666666666666
0 0.38875 0.655 0.08125 0.10833333333333334
0 0.354375 0.5841666666666666 0.08625 0.115
0 0.1790625 0.8679166666666667 0.094375 0.12583333333333332
0 0.93875 0.4041666666666667 0.0775 0.10333333333333333
0 0.848125 0.45916666666666667 0.105 0.14
0 0.1425 0.4841666666666667 0.09375 0.125
0 0.925 0.31333333333333335 0.08875 0.11833333333333333
0 0.79875 0.4583333333333333 0.10125 0.135
0 0.673125 0.4425 0.0875 0.11666666666666667
0 0.314375 0.6466666666666666 0.09375 0.125
0 0.87875 0.24875 0.09375 0.12416666666666666
0 0.83625 0.5820833333333333 0.09125 0.1225
0 0.834375 0.4170833333333333 0.095 0.12583333333333332
0 0.875625 0.35333333333333333 0.09625 0.12833333333333333
0 0.244375 0.9016666666666666 0.09375 0.125
0 0.6925 0.7745833333333333 0.11375 0.15083333333333335
0 0.456875 0.5091666666666667 0.08875 0.11833333333333333
0 0.77875 0.5975 0.08875 0.11833333333333333
0 0.760625 0.6733333333333333 0.0975 0.13
0 0.251875 0.4875 0.0925 0.12333333333333334
1 0.749375 0.5133333333333333 0.10375 0.13833333333333334
0 0.260625 0.6066666666666667 0.085 0.11333333333333333
0 0.9034375 0.5920833333333333 0.091875 0.1225
0 0.4103125 0.60875 0.084375 0.1125
0 0.4040625 0.3854166666666667 0.090625 0.12083333333333333
0 0.634375 0.41875 0.09375 0.12583333333333332
0 0.830625 0.10833333333333334 0.09375 0.125
0 0.1878125 0.74 0.090625 0.12
0 0.174375 0.5158333333333334 0.1025 0.13666666666666666
0 0.04375 0.5958333333333333 0.08125 0.10833333333333334
1 0.4953125 0.8504166666666667 0.120625 0.16083333333333333
0 0.1290625 0.7908333333333334 0.075625 0.1
0 0.0715625 0.7854166666666667 0.099375 0.1325
0 0.1775 0.77625 0.0975 0.12916666666666668
0 0.0978125 0.44 0.103125 0.13666666666666666
0 0.4309375 0.5379166666666667 0.081875 0.10916666666666666