0 0.4003125 0.49041666666666667 0.090625 0.12083333333333333
0 0.615625 0.8525 0.1025 0.13666666666666666
0 0.333125 0.5175 0.1 0.13333333333333333
0 0.7796875 0.4725 0.109375 0.14666666666666667
0 0.8725 0.43 0.1075 0.14333333333333334
0 0.4771875 0.7583333333333333 0.109375 0.14666666666666667
0 0.235 0.5070833333333333 0.09875 0.13083333333333333
0 0.5325 0.09541666666666666 0.10125 0.13583333333333333
0 0.58125 0.7525 0.1025 0.13666666666666666
0 0.2234375 0.7120833333333333 0.095625 0.1275
0 0.5021875 0.3829166666666667 0.106875 0.1425
0 0.4675 0.1375 0.11375 0.15166666666666667
0 0.8625 0.2875 0.09875 0.13166666666666665
0 0.61125 0.075 0.1125 0.15
0 0.178125 0.52 0.095 0.12666666666666668
0 0.116875 0.5183333333333333 0.09375 0.125
0 0.8146875 0.10208333333333333 0.100625 0.13416666666666666
0 0.6375 0.66875 0.1025 0.1375
0 0.26125 0.30833333333333335 0.09875 0.13166666666666665
0 0.3009375 0.18833333333333332 0.090625 0.12
0 0.384375 0.21458333333333332 0.09375 0.12416666666666666
0 0.2321875 0.9220833333333334 0.109375 0.14583333333333334
0 0.1659375 0.8754166666666666 0.101875 0.13583333333333333
0 0.1146875 0.7245833333333334 0.104375 0.13916666666666666
0 0.7525 0.15791666666666668 0.09875 0.1325
1 0.5090625 0.9145833333333333 0.120625 0.16083333333333333
0 0.491875 0.8575 0.10375 0.13833333333333334
0 0.6446875 0.58125 0.094375 0.12583333333333332
0 0.625 0.44 0.09625 0.12833333333333333
0 0.766875 0.245 0.1025 0.13666666666666666
0 0.464375 0.5941666666666666 0.1075 0.14333333333333334
0 0.8559375 0.17166666666666666 0.096875 0.13
0 0.66125 0.7566666666666667 0.0925 0.12333333333333334
0 0.4840625 0.62625 0.103125 0.1375
0 0.0665625 0.46791666666666665 0.085625 0.11416666666666667
0 0.7396875 0.3858333333333333 0.096875 0.13
0 0.155 0.6004166666666667 0.0975 0.12916666666666668
1 0.136875 0.6666666666666666 0.13 0.17333333333333334
0 0.715 0.41541666666666666 0.105 0.14083333333333334