0 0.434375 0.5933333333333334 0.06 0.07833333333333334
0 0.314375 0.8566666666666667 0.06125 0.09
0 0.3671875 0.90125 0.063125 0.0725
0 0.3728125 0.5541666666666667 0.059375 0.07666666666666666
0 0.27 0.11583333333333333 0.05375 0.08
0 0.6571875 0.605 0.074375 0.10166666666666667
0 0.18625 0.55875 0.07125 0.09083333333333334
0 0.5775 0.9391666666666667 0.06 0.07833333333333334
0 0.3134375 0.31416666666666665 0.060625 0.07833333333333334
0 0.826875 0.295 0.065 0.08333333333333333
0 0.235625 0.90875 0.05875 0.08916666666666667
0 0.8040625 0.38458333333333333 0.073125 0.09083333333333334
0 0.69375 0.40625 0.07 0.09416666666666666
0 0.7025 0.8358333333333333 0.07 0.08833333333333333
0 0.5028125 0.4354166666666667 0.064375 0.08916666666666667
0 0.609375 0.7329166666666667 0.0675 0.08583333333333333
0 0.3209375 0.3958333333333333 0.056875 0.08166666666666667
1 0.6646875 0.22166666666666668 0.076875 0.10166666666666667
0 0.7221875 0.5283333333333333 0.069375 0.08833333333333333
0 0.765625 0.70375 0.07125 0.0675
0 0.560625 0.51375 0.06375 0.06916666666666667
0 0.8321875 0.11541666666666667 0.061875 0.08916666666666667
0 0.3025 0.17625 0.07625 0.08083333333333333
0 0.7825 0.04375 0.06 0.07583333333333334
0 0.811875 0.7604166666666666 0.0575 0.08583333333333333
0 0.7690625 0.8620833333333333 0.059375 0.08416666666666667
0 0.6396875 0.30375 0.060625 0.08416666666666667
0 0.2896875 0.9508333333333333 0.073125 0.095
1 0.509375 0.3070833333333333 0.08125 0.11083333333333334
0 0.22375 0.0675 0.065 0.09333333333333334
0 0.3515625 0.45708333333333334 0.056875 0.0775
0 0.8215625 0.475 0.063125 0.09
0 0.7271875 0.07916666666666666 0.061875 0.07833333333333334
0 0.2009375 0.43916666666666665 0.055625 0.085
0 0.481875 0.25166666666666665 0.05875 0.08166666666666667
0 0.5503125 0.7629166666666667 0.060625 0.08083333333333333
0 0.1815625 0.6770833333333334 0.061875 0.0775
0 0.52125 0.17375 0.05625 0.09583333333333334
0 0.3396875 0.7691666666666667 0.051875 0.08166666666666667
0 0.3771875 0.13291666666666666 0.065625 0.09583333333333334
0 0.3596875 0.20708333333333334 0.055625 0.07583333333333334
0 0.7825 0.4708333333333333 0.0575 0.06833333333333333
0 0.1940625 0.77625 0.056875 0.08916666666666667
0 0.8034375 0.17666666666666667 0.051875 0.06833333333333333
0 0.8215625 0.55875 0.054375 0.07583333333333334
0 0.7059375 0.7395833333333334 0.061875 0.09416666666666666
0 0.5996875 0.365 0.049375 0.07333333333333333
0 0.42125 0.2275 0.05375 0.07
0 0.375625 0.45875 0.05125 0.07583333333333334
0 0.659375 0.78875 0.05125 0.06583333333333333
1 0.41 0.09958333333333333 0.0775 0.09916666666666667
0 0.2984375 0.23375 0.069375 0.0925
0 0.64 0.9079166666666667 0.05375 0.06583333333333333
0 0.6328125 0.5058333333333334 0.055625 0.065
0 0.4796875 0.16833333333333333 0.058125 0.085
0 0.4275 0.16458333333333333 0.06125 0.0925
0 0.369375 0.09583333333333334 0.06125 0.08