0 0.688125 0.7975 0.06875 0.09333333333333334
0 0.5615625 0.18166666666666667 0.066875 0.08666666666666667
0 0.4003125 0.7191666666666666 0.074375 0.10333333333333333
0 0.249375 0.23958333333333334 0.0625 0.0875
0 0.4934375 0.6804166666666667 0.061875 0.08583333333333333
0 0.2484375 0.6 0.065625 0.09166666666666666
0 0.428125 0.22291666666666668 0.07 0.0775
0 0.39125 0.3204166666666667 0.07125 0.09916666666666667
0 0.8284375 0.21416666666666667 0.061875 0.08666666666666667
0 0.7340625 0.57375 0.083125 0.10416666666666667
0 0.7771875 0.06708333333333333 0.065625 0.09083333333333334
0 0.3471875 0.6116666666666667 0.070625 0.1
0 0.2903125 0.8570833333333333 0.066875 0.07583333333333334
0 0.31875 0.5129166666666667 0.07 0.09416666666666666
0 0.8265625 0.47708333333333336 0.069375 0.09416666666666666
0 0.3178125 0.26375 0.071875 0.09416666666666666
0 0.2315625 0.45208333333333334 0.061875 0.08083333333333333
0 0.70625 0.7041666666666667 0.0675 0.08833333333333333
0 0.541875 0.27791666666666665 0.06 0.08916666666666667
0 0.22375 0.15916666666666668 0.06125 0.08333333333333333
0 0.294375 0.14708333333333334 0.06625 0.09416666666666666
0 0.1684375 0.6283333333333333 0.060625 0.075
0 0.260625 0.7866666666666666 0.07 0.08333333333333333
0 0.4853125 0.515 0.085625 0.07166666666666667
0 0.446875 0.5083333333333333 0.06625 0.095
0 0.358125 0.4708333333333333 0.065 0.09
0 0.72375 0.26375 0.07125 0.10916666666666666
0 0.773125 0.33916666666666667 0.07625 0.08333333333333333
0 0.38375 0.9529166666666666 0.07875 0.07083333333333333
0 0.1640625 0.5608333333333333 0.064375 0.07833333333333334
0 0.840625 0.11333333333333333 0.06625 0.08666666666666667
0 0.7734375 0.28833333333333333 0.075625 0.09666666666666666