0 0.343125 0.145 0.1075 0.14333333333333334
0 0.4225 0.8920833333333333 0.1075 0.1425
0 0.3059375 0.2970833333333333 0.088125 0.1175
0 0.61625 0.5566666666666666 0.08125 0.10833333333333334
0 0.7675 0.8683333333333333 0.0925 0.12333333333333334
0 0.1665625 0.16125 0.084375 0.1125
0 0.71125 0.19208333333333333 0.0875 0.1175
1 0.7265625 0.40541666666666665 0.108125 0.14416666666666667
0 0.4540625 0.6754166666666667 0.090625 0.12083333333333333
0 0.308125 0.6625 0.075 0.1
0 0.2953125 0.5829166666666666 0.105625 0.14083333333333334
0 0.8496875 0.84875 0.100625 0.13416666666666666
0 0.5621875 0.12833333333333333 0.088125 0.11666666666666667
0 0.455 0.565 0.08875 0.11833333333333333
0 0.661875 0.62 0.10375 0.13833333333333334
0 0.8365625 0.40541666666666665 0.099375 0.1325
0 0.7671875 0.61625 0.103125 0.1375
0 0.7596875 0.6570833333333334 0.098125 0.13083333333333333
0 0.5265625 0.80375 0.080625 0.1075
1 0.2575 0.25583333333333336 0.09875 0.13166666666666665
0 0.605625 0.44916666666666666 0.09 0.12
0 0.626875 0.815 0.09375 0.125
0 0.3609375 0.425 0.099375 0.13166666666666665
0 0.4075 0.30833333333333335 0.0975 0.13
0 0.200625 0.65 0.08625 0.115
0 0.7834375 0.29375 0.106875 0.1425
0 0.2975 0.5058333333333334 0.085 0.11333333333333333
0 0.065 0.4825 0.08875 0.11833333333333333
0 0.37625 0.7316666666666667 0.08125 0.10833333333333334
0 0.6125 0.18583333333333332 0.10375 0.13833333333333334
0 0.4509375 0.7620833333333333 0.093125 0.12416666666666666
0 0.518125 0.44208333333333333 0.08375 0.1125
1 0.3484375 0.8383333333333334 0.118125 0.15666666666666668
0 0.359375 0.6554166666666666 0.08625 0.11583333333333333
0 0.555 0.6841666666666667 0.095 0.12666666666666668
0 0.396875 0.5675 0.07875 0.105
0 0.57875 0.4791666666666667 0.095 0.12666666666666668
0 0.8996875 0.5116666666666667 0.089375 0.12
0 0.0871875 0.4266666666666667 0.095625 0.12666666666666668
0 0.5765625 0.30333333333333334 0.094375 0.125
0 0.470625 0.3283333333333333 0.08875 0.11833333333333333
0 0.3515625 0.3645833333333333 0.080625 0.1075
0 0.684375 0.845 0.075 0.1
0 0.174375 0.26375 0.07375 0.09916666666666667
0 0.5859375 0.7779166666666667 0.100625 0.13416666666666666
0 0.1159375 0.22958333333333333 0.085625 0.11416666666666667
0 0.615625 0.5016666666666667 0.095 0.12666666666666668
0 0.206875 0.3275 0.0975 0.13
0 0.5265625 0.33458333333333334 0.075625 0.10083333333333333
0 0.5975 0.23875 0.08 0.10583333333333333
0 0.0853125 0.23208333333333334 0.075625 0.10083333333333333
0 0.5571875 0.22958333333333333 0.096875 0.12916666666666668
0 0.603125 0.6583333333333333 0.08 0.10666666666666667
0 0.59125 0.58125 0.08875 0.1175
0 0.4946875 0.17416666666666666 0.068125 0.09166666666666666
0 0.664375 0.20958333333333334 0.08375 0.11083333333333334
0 0.7790625 0.23208333333333334 0.084375 0.1125
0 0.505 0.3925 0.07375 0.09833333333333333
0 0.4015625 0.34291666666666665 0.084375 0.1125