0 0.4803125 0.25958333333333333 0.063125 0.08583333333333333
0 0.578125 0.6075 0.05875 0.08
0 0.59125 0.28583333333333333 0.065 0.07833333333333334
0 0.2390625 0.35375 0.074375 0.1025
0 0.668125 0.29875 0.0675 0.09083333333333334
0 0.478125 0.6029166666666667 0.06125 0.07416666666666667
0 0.2196875 0.16625 0.063125 0.0825
0 0.37125 0.6179166666666667 0.07375 0.0825
0 0.7753125 0.5979166666666667 0.061875 0.09083333333333334
0 0.5546875 0.4125 0.058125 0.08166666666666667
0 0.4171875 0.8508333333333333 0.066875 0.085
0 0.5428125 0.23458333333333334 0.063125 0.09083333333333334
0 0.2678125 0.045 0.061875 0.09
0 0.275625 0.8266666666666667 0.06 0.085
0 0.51375 0.8533333333333334 0.0625 0.08666666666666667
0 0.6878125 0.8458333333333333 0.060625 0.08333333333333333
0 0.7421875 0.28958333333333336 0.073125 0.0925
0 0.4684375 0.52625 0.073125 0.09416666666666666
0 0.8346875 0.45458333333333334 0.070625 0.09583333333333334
0 0.6634375 0.40458333333333335 0.064375 0.0725
0 0.1875 0.46708333333333335 0.06 0.10583333333333333
0 0.6540625 0.15666666666666668 0.074375 0.095
0 0.2415625 0.48125 0.065625 0.10416666666666667
0 0.5665625 0.7070833333333333 0.058125 0.08083333333333333
0 0.195 0.7520833333333333 0.06875 0.09416666666666666
0 0.801875 0.7154166666666667 0.06125 0.0775
0 0.34875 0.16291666666666665 0.06375 0.09583333333333334
0 0.3603125 0.40958333333333335 0.084375 0.08416666666666667
0 0.5240625 0.04958333333333333 0.063125 0.0875
0 0.16 0.1375 0.07 0.09166666666666666
1 0.225625 0.06041666666666667 0.07375 0.1025
0 0.7178125 0.36916666666666664 0.065625 0.08
0 0.4821875 0.8158333333333333 0.061875 0.08333333333333333
0 0.469375 0.665 0.06375 0.075
0 0.5878125 0.16541666666666666 0.075625 0.09583333333333334
0 0.681875 0.5820833333333333 0.06125 0.07583333333333334
0 0.6840625 0.6958333333333333 0.075625 0.08333333333333333
0 0.378125 0.47291666666666665 0.06375 0.0775
0 0.3140625 0.8741666666666666 0.073125 0.06666666666666667
0 0.49375 0.7275 0.0725 0.08
0 0.25875 0.6925 0.065 0.07333333333333333
0 0.3478125 0.9345833333333333 0.058125 0.07583333333333334
0 0.51125 0.12666666666666668 0.05875 0.07166666666666667
0 0.2875 0.30375 0.08 0.07416666666666667
1 0.641875 0.8833333333333333 0.0775 0.12166666666666667
0 0.32375 0.5070833333333333 0.0525 0.0825
0 0.7884375 0.25708333333333333 0.073125 0.09916666666666667
0 0.4025 0.34833333333333333 0.075 0.095
0 0.6378125 0.61875 0.053125 0.08916666666666667
0 0.2775 0.24916666666666668 0.0725 0.07
0 0.5940625 0.42833333333333334 0.045625 0.08333333333333333
0 0.4234375 0.455 0.074375 0.06833333333333333
0 0.533125 0.7625 0.07 0.10166666666666667