0 0.730625 0.3 0.075 0.09833333333333333
0 0.87625 0.3545833333333333 0.07 0.08916666666666667
0 0.1071875 0.12416666666666666 0.070625 0.10166666666666667
0 0.9046875 0.6583333333333333 0.073125 0.09333333333333334
0 0.9003125 0.92 0.078125 0.10333333333333333
0 0.380625 0.4945833333333333 0.0825 0.10416666666666667
0 0.645 0.42833333333333334 0.08 0.10333333333333333
0 0.52375 0.44 0.0725 0.11333333333333333
0 0.4840625 0.3025 0.061875 0.09
0 0.1265625 0.22416666666666665 0.078125 0.10333333333333333
0 0.69125 0.6395833333333333 0.065 0.0875
0 0.6753125 0.22125 0.078125 0.0875
0 0.2565625 0.8979166666666667 0.064375 0.0875
0 0.56125 0.235 0.05875 0.09333333333333334
0 0.241875 0.6795833333333333 0.08125 0.1075
0 0.3390625 0.21125 0.078125 0.10416666666666667
0 0.6721875 0.30333333333333334 0.075625 0.115
0 0.6553125 0.9429166666666666 0.064375 0.09416666666666666
0 0.2640625 0.33208333333333334 0.079375 0.11583333333333333
0 0.07875 0.52125 0.06875 0.0975
0 0.2675 0.09958333333333333 0.0725 0.0925
0 0.279375 0.7533333333333333 0.085 0.08
0 0.314375 0.6708333333333333 0.075 0.115
0 0.40625 0.78375 0.0775 0.09416666666666666
0 0.9578125 0.2679166666666667 0.083125 0.11083333333333334
0 0.44875 0.8120833333333334 0.08375 0.0925
0 0.4840625 0.5233333333333333 0.071875 0.09333333333333334
0 0.8546875 0.7454166666666666 0.074375 0.12416666666666666
0 0.38125 0.052083333333333336 0.07625 0.0975
0 0.8321875 0.51875 0.073125 0.0975
0 0.425 0.20791666666666667 0.07625 0.11416666666666667
0 0.8821875 0.46625 0.064375 0.1025
0 0.6340625 0.13708333333333333 0.081875 0.1075
0 0.529375 0.3475 0.07 0.09333333333333334
0 0.1421875 0.49 0.079375 0.09666666666666666
0 0.12125 0.61625 0.0775 0.1075
0 0.931875 0.7683333333333333 0.0825 0.10333333333333333
0 0.4625 0.905 0.0775 0.125
0 0.2603125 0.1975 0.068125 0.09833333333333333
0 0.193125 0.6995833333333333 0.0825 0.10916666666666666
0 0.930625 0.4825 0.07375 0.08333333333333333
0 0.205625 0.53375 0.06625 0.09916666666666667
0 0.7609375 0.37625 0.059375 0.0925
0 0.8596875 0.5791666666666667 0.071875 0.105
0 0.429375 0.4579166666666667 0.0525 0.1025
0 0.87875 0.049166666666666664 0.08375 0.08666666666666667
0 0.6059375 0.5141666666666667 0.078125 0.11
0 0.2403125 0.79125 0.056875 0.10083333333333333
0 0.595 0.08875 0.07125 0.0925
0 0.4615625 0.06875 0.069375 0.10583333333333333
1 0.4634375 0.17166666666666666 0.071875 0.11
0 0.0559375 0.7841666666666667 0.083125 0.105
0 0.57125 0.42875 0.06125 0.0925
0 0.145 0.7154166666666667 0.08125 0.1075
0 0.566875 0.8529166666666667 0.07375 0.1325
0 0.0421875 0.7158333333333333 0.049375 0.115
0 0.6496875 0.0575 0.103125 0.09333333333333334
0 0.274375 0.8495833333333334 0.07375 0.1025
0 0.096875 0.6941666666666667 0.07625 0.095
0 0.1871875 0.18583333333333332 0.080625 0.08833333333333333
0 0.9584375 0.79875 0.060625 0.09083333333333334
0 0.2809375 0.27791666666666665 0.083125 0.08083333333333333
0 0.21375 0.2733333333333333 0.0675 0.07833333333333334
0 0.03375 0.14708333333333334 0.0675 0.0925
0 0.04375 0.6070833333333333 0.08375 0.09583333333333334
0 0.6071875 0.7395833333333334 0.079375 0.1175
0 0.385625 0.9183333333333333 0.0825 0.115
0 0.49125 0.06708333333333333 0.06125 0.10416666666666667
0 0.056875 0.045 0.06875 0.09
0 0.3003125 0.8208333333333333 0.065625 0.09666666666666666
0 0.5146875 0.90125 0.058125 0.1225
0 0.6215625 0.8054166666666667 0.070625 0.13083333333333333
0 0.6190625 0.8383333333333334 0.063125 0.12
0 0.7853125 0.6391666666666667 0.058125 0.095
1 0.5271875 0.1525 0.060625 0.10166666666666667
1 0.2028125 0.14875 0.056875 0.07583333333333334