0 0.838125 0.6629166666666667 0.0725 0.1075
0 0.3 0.365 0.07125 0.09666666666666666
0 0.8309375 0.33416666666666667 0.079375 0.09166666666666666
0 0.3990625 0.31375 0.076875 0.0975
0 0.2015625 0.6979166666666666 0.081875 0.11083333333333334
0 0.8165625 0.13875 0.084375 0.0975
0 0.4884375 0.66 0.079375 0.10666666666666667
0 0.61625 0.8870833333333333 0.07625 0.11416666666666667
0 0.33625 0.6341666666666667 0.06625 0.11666666666666667
0 0.2521875 0.83 0.075625 0.10166666666666667
0 0.70625 0.43916666666666665 0.06875 0.09333333333333334
0 0.465 0.1775 0.0825 0.10166666666666667
0 0.66125 0.049166666666666664 0.0825 0.09
0 0.2953125 0.2525 0.081875 0.10833333333333334
0 0.8134375 0.82375 0.080625 0.11416666666666667
0 0.2953125 0.5745833333333333 0.074375 0.10083333333333333
0 0.475625 0.3516666666666667 0.09 0.09166666666666666
0 0.204375 0.49875 0.06625 0.12416666666666666
0 0.21875 0.25916666666666666 0.04625 0.14666666666666667
1 0.7375 0.6783333333333333 0.09875 0.14
0 0.42625 0.6870833333333334 0.06875 0.13083333333333333
0 0.63875 0.6291666666666667 0.07125 0.12833333333333333
0 0.571875 0.5420833333333334 0.055 0.2075
0 0.166875 0.27875 0.06 0.13916666666666666