0 0.9375 0.058333333333333334 0.0725 0.08666666666666667
0 0.3209375 0.12708333333333333 0.075625 0.09416666666666666
0 0.9440625 0.9495833333333333 0.074375 0.0925
0 0.41 0.575 0.075 0.10166666666666667
0 0.77875 0.8491666666666666 0.08125 0.09166666666666666
0 0.3178125 0.5745833333333333 0.081875 0.10583333333333333
0 0.0375 0.82375 0.07 0.10416666666666667
0 0.6740625 0.0575 0.079375 0.08833333333333333
0 0.530625 0.60625 0.06625 0.09416666666666666
0 0.9421875 0.7829166666666667 0.070625 0.09916666666666667
0 0.21625 0.7375 0.075 0.10166666666666667
0 0.9059375 0.59375 0.074375 0.09916666666666667
0 0.7365625 0.6945833333333333 0.071875 0.09416666666666666
0 0.4965625 0.9158333333333334 0.075625 0.10333333333333333
0 0.831875 0.6725 0.0725 0.08833333333333333
0 0.63375 0.61875 0.075 0.09416666666666666
0 0.7684375 0.40958333333333335 0.064375 0.10583333333333333
0 0.444375 0.45458333333333334 0.0775 0.09916666666666667
0 0.89625 0.24416666666666667 0.07875 0.105
0 0.0925 0.3545833333333333 0.06375 0.0825
0 0.71875 0.25708333333333333 0.0675 0.08416666666666667
0 0.6090625 0.65625 0.078125 0.10083333333333333
0 0.53375 0.7633333333333333 0.0825 0.1
0 0.7946875 0.19708333333333333 0.070625 0.0975
0 0.7140625 0.9483333333333334 0.071875 0.085
0 0.55625 0.89625 0.07625 0.10416666666666667
0 0.630625 0.295 0.0675 0.09
0 0.37625 0.6383333333333333 0.07125 0.105
0 0.61125 0.51875 0.075 0.09916666666666667
0 0.251875 0.30333333333333334 0.07625 0.10166666666666667
0 0.27625 0.44 0.0725 0.06666666666666667
0 0.0621875 0.5766666666666667 0.073125 0.09833333333333333
0 0.849375 0.5079166666666667 0.0775 0.09583333333333334
0 0.5315625 0.16583333333333333 0.066875 0.10666666666666667
0 0.096875 0.4583333333333333 0.07 0.09166666666666666
0 0.065625 0.07958333333333334 0.07 0.07416666666666667
0 0.1121875 0.17625 0.074375 0.0925
0 0.149375 0.3045833333333333 0.0725 0.09916666666666667
0 0.3175 0.3770833333333333 0.06875 0.0975
0 0.626875 0.14666666666666667 0.075 0.09333333333333334
0 0.4846875 0.30875 0.071875 0.09583333333333334
0 0.88625 0.8504166666666667 0.0775 0.09416666666666666
0 0.83125 0.7895833333333333 0.0675 0.09416666666666666
0 0.3528125 0.35791666666666666 0.071875 0.10083333333333333
0 0.865 0.46416666666666667 0.07375 0.10333333333333333
0 0.04625 0.21041666666666667 0.0675 0.10083333333333333
0 0.2959375 0.24083333333333334 0.073125 0.105
0 0.8609375 0.36625 0.074375 0.0975
0 0.688125 0.52 0.07 0.08666666666666667
0 0.0546875 0.18333333333333332 0.066875 0.09166666666666666
1 0.238125 0.8483333333333334 0.0725 0.15333333333333332
0 0.1371875 0.71125 0.051875 0.0975
0 0.27875 0.20708333333333334 0.07125 0.0875
0 0.8459375 0.4220833333333333 0.070625 0.09083333333333334
0 0.90375 0.37916666666666665 0.06625 0.115
1 0.7903125 0.6141666666666666 0.073125 0.145
0 0.10875 0.48833333333333334 0.0625 0.095
0 0.48375 0.335 0.06375 0.1