0 0.3440625 0.06458333333333334 0.068125 0.0925
0 0.270625 0.9533333333333334 0.07 0.08833333333333333
0 0.2128125 0.63375 0.076875 0.08583333333333333
0 0.6725 0.06625 0.0675 0.07916666666666666
0 0.50625 0.8245833333333333 0.0775 0.08916666666666667
0 0.635 0.44708333333333333 0.07625 0.0725
0 0.6928125 0.7170833333333333 0.063125 0.08416666666666667
0 0.3628125 0.5554166666666667 0.076875 0.08416666666666667
0 0.54875 0.7654166666666666 0.08375 0.08583333333333333
0 0.804375 0.24708333333333332 0.05625 0.0775
0 0.714375 0.4475 0.06 0.09
0 0.214375 0.7154166666666667 0.07375 0.09583333333333334
0 0.459375 0.35625 0.07 0.0975
0 0.464375 0.53625 0.07625 0.0975
0 0.2134375 0.5525 0.071875 0.095
0 0.656875 0.2966666666666667 0.07375 0.095
0 0.1728125 0.37166666666666665 0.071875 0.09
0 0.3165625 0.68 0.069375 0.09333333333333334
0 0.6609375 0.8054166666666667 0.083125 0.09083333333333334
0 0.27 0.69375 0.04875 0.10083333333333333
0 0.6234375 0.36541666666666667 0.079375 0.08083333333333333
0 0.4340625 0.8541666666666666 0.073125 0.1
0 0.6553125 0.5541666666666667 0.056875 0.11333333333333333
0 0.5865625 0.8841666666666667 0.066875 0.11
0 0.3509375 0.23916666666666667 0.064375 0.095
0 0.7075 0.8491666666666666 0.0775 0.09666666666666666
0 0.5253125 0.8845833333333334 0.069375 0.0875
0 0.538125 0.32375 0.0725 0.0925
0 0.5875 0.2125 0.08 0.10166666666666667
0 0.759375 0.13416666666666666 0.0675 0.10333333333333333
0 0.5246875 0.23708333333333334 0.065625 0.09083333333333334
0 0.3715625 0.91375 0.085625 0.07083333333333333
0 0.249375 0.195 0.0675 0.10333333333333333
0 0.769375 0.64 0.08375 0.085
0 0.7971875 0.41208333333333336 0.081875 0.10583333333333333
0 0.3575 0.6525 0.0675 0.1
0 0.7221875 0.9125 0.080625 0.105
0 0.4884375 0.38625 0.050625 0.11583333333333333
0 0.6321875 0.7829166666666667 0.070625 0.0925
0 0.5409375 0.4775 0.074375 0.09833333333333333
0 0.24625 0.7808333333333334 0.07 0.09333333333333334
0 0.7240625 0.23416666666666666 0.070625 0.105
0 0.765 0.7541666666666667 0.06875 0.10166666666666667
0 0.5721875 0.5629166666666666 0.065625 0.0725
0 0.2290625 0.42125 0.069375 0.1125
0 0.5540625 0.6533333333333333 0.076875 0.10833333333333334
0 0.8046875 0.8145833333333333 0.074375 0.07583333333333334
0 0.1559375 0.5266666666666666 0.061875 0.09166666666666666
0 0.1778125 0.19625 0.069375 0.0775
0 0.3903125 0.2683333333333333 0.063125 0.105
0 0.6971875 0.365 0.071875 0.09166666666666666
0 0.3009375 0.33125 0.061875 0.1275
0 0.7771875 0.6879166666666666 0.071875 0.08416666666666667
0 0.51875 0.56375 0.07125 0.08583333333333333
0 0.6609375 0.12666666666666668 0.075625 0.08333333333333333
0 0.801875 0.3233333333333333 0.07625 0.09166666666666666
0 0.264375 0.3825 0.065 0.105
0 0.4021875 0.6070833333333333 0.081875 0.0975
0 0.205625 0.28541666666666665 0.0475 0.1475
0 0.2615625 0.5066666666666667 0.054375 0.13833333333333334
0 0.583125 0.28041666666666665 0.0575 0.09583333333333334
0 0.3234375 0.8354166666666667 0.071875 0.10416666666666667
0 0.635 0.1825 0.07875 0.095
0 0.8225 0.56875 0.0775 0.0925
0 0.3203125 0.16208333333333333 0.054375 0.12083333333333333
0 0.8378125 0.7420833333333333 0.073125 0.09583333333333334
0 0.479375 0.7058333333333333 0.05875 0.10666666666666667
0 0.491875 0.16666666666666666 0.075 0.10166666666666667
0 0.2015625 0.08875 0.080625 0.09916666666666667
0 0.3925 0.17791666666666667 0.07625 0.09083333333333334
0 0.22125 0.8929166666666667 0.08625 0.1125
0 0.72875 0.34541666666666665 0.05125 0.08416666666666667
0 0.604375 0.09458333333333334 0.0775 0.11416666666666667
0 0.164375 0.24083333333333334 0.07125 0.095
0 0.28375 0.44 0.06375 0.11166666666666666
0 0.6521875 0.24583333333333332 0.070625 0.09666666666666666
0 0.7496875 0.17291666666666666 0.084375 0.08583333333333333
0 0.7971875 0.15625 0.065625 0.1275
0 0.7509375 0.38166666666666665 0.064375 0.095
0 0.6678125 0.7433333333333333 0.075625 0.08
0 0.8175 0.925 0.07125 0.10333333333333333
0 0.7571875 0.5458333333333333 0.074375 0.08833333333333333
0 0.7559375 0.58375 0.074375 0.08416666666666667
0 0.780625 0.88875 0.06125 0.1225
0 0.3765625 0.91125 0.044375 0.1375
0 0.5671875 0.50375 0.071875 0.08416666666666667
0 0.51 0.5125 0.0625 0.085
0 0.165625 0.8229166666666666 0.07125 0.10416666666666667
0 0.21875 0.8125 0.06 0.09833333333333333