0 0.1178125 0.45125 0.093125 0.12416666666666666
0 0.15125 0.8391666666666666 0.0925 0.12333333333333334
0 0.6703125 0.8679166666666667 0.095625 0.1275
0 0.0525 0.7320833333333333 0.09875 0.1325
0 0.1265625 0.7533333333333333 0.088125 0.11666666666666667
0 0.1846875 0.37958333333333333 0.096875 0.12916666666666668
0 0.8946875 0.5245833333333333 0.098125 0.13083333333333333
0 0.6053125 0.18041666666666667 0.099375 0.1325
0 0.6853125 0.20125 0.100625 0.13416666666666666
0 0.70125 0.41875 0.10375 0.13916666666666666
0 0.41875 0.76875 0.0925 0.1225
0 0.4521875 0.9195833333333333 0.094375 0.12583333333333332
0 0.551875 0.6533333333333333 0.11125 0.14833333333333334
0 0.381875 0.435 0.11 0.14666666666666667
0 0.4490625 0.79625 0.090625 0.12083333333333333
0 0.708125 0.30916666666666665 0.095 0.12666666666666668
0 0.43875 0.09833333333333333 0.08875 0.11833333333333333
0 0.3421875 0.31125 0.101875 0.13583333333333333
0 0.5628125 0.8625 0.100625 0.13333333333333333
0 0.5153125 0.37583333333333335 0.096875 0.13
0 0.705 0.73875 0.09 0.11916666666666667
0 0.3696875 0.13833333333333334 0.089375 0.11833333333333333
0 0.8525 0.11416666666666667 0.10125 0.135
0 0.6684375 0.26375 0.100625 0.13416666666666666
0 0.73875 0.09833333333333333 0.1025 0.13666666666666666
0 0.3578125 0.23166666666666666 0.098125 0.13166666666666665
0 0.4509375 0.18875 0.110625 0.1475
0 0.391875 0.85375 0.09875 0.1325
0 0.7584375 0.23916666666666667 0.105625 0.14166666666666666
0 0.16875 0.64125 0.09875 0.1325
0 0.300625 0.31125 0.09 0.12083333333333333
0 0.675625 0.46166666666666667 0.0975 0.13
0 0.7703125 0.47583333333333333 0.111875 0.15
0 0.5915625 0.7775 0.104375 0.14
0 0.5453125 0.47875 0.091875 0.1225
0 0.3659375 0.0725 0.106875 0.14333333333333334
0 0.7534375 0.13083333333333333 0.105625 0.14166666666666666
0 0.1875 0.7241666666666666 0.105 0.14
0 0.339375 0.71 0.09875 0.13166666666666665
0 0.6428125 0.5995833333333334 0.104375 0.13916666666666666
0 0.9440625 0.5033333333333333 0.096875 0.13
0 0.31375 0.5483333333333333 0.10125 0.135
0 0.799375 0.19833333333333333 0.10125 0.135
0 0.1634375 0.8991666666666667 0.095625 0.12666666666666668
0 0.6228125 0.6854166666666667 0.115625 0.15416666666666667
0 0.4525 0.31 0.10625 0.14166666666666666
0 0.401875 0.8766666666666667 0.10875 0.145
0 0.2278125 0.9204166666666667 0.111875 0.14916666666666667
0 0.5290625 0.80375 0.103125 0.1375
0 0.4015625 0.5325 0.098125 0.13166666666666665
0 0.2703125 0.36375 0.096875 0.12916666666666668
0 0.771875 0.5758333333333333 0.105 0.14
0 0.8909375 0.6129166666666667 0.105625 0.14083333333333334
0 0.6190625 0.51875 0.089375 0.11916666666666667
0 0.7346875 0.83625 0.094375 0.12583333333333332
0 0.621875 0.23666666666666666 0.0975 0.13
0 0.7521875 0.7195833333333334 0.105625 0.14083333333333334
0 0.8621875 0.22416666666666665 0.105625 0.14
0 0.3934375 0.07375 0.094375 0.12583333333333332
0 0.07875 0.5708333333333333 0.12125 0.16166666666666665
0 0.0909375 0.6341666666666667 0.103125 0.13833333333333334
0 0.736875 0.5991666666666666 0.1075 0.14333333333333334
0 0.4815625 0.27958333333333335 0.099375 0.1325
0 0.4240625 0.46791666666666665 0.108125 0.14416666666666667
0 0.1209375 0.6004166666666667 0.090625 0.12083333333333333
0 0.9128125 0.2708333333333333 0.113125 0.15
1 0.605 0.46625 0.1125 0.14916666666666667
1 0.695625 0.5625 0.10875 0.145
0 0.5290625 0.45958333333333334 0.088125 0.1175
0 0.644375 0.7604166666666666 0.1075 0.14416666666666667