0 0.279375 0.7754166666666666 0.0775 0.1025
0 0.690625 0.058333333333333334 0.07625 0.10666666666666667
0 0.694375 0.44333333333333336 0.075 0.10833333333333334
0 0.50125 0.8695833333333334 0.0675 0.1175
0 0.78875 0.7645833333333333 0.08 0.10416666666666667
0 0.355625 0.8183333333333334 0.0725 0.09333333333333334
0 0.7628125 0.18416666666666667 0.078125 0.10166666666666667
0 0.3146875 0.4075 0.078125 0.11
0 0.686875 0.6125 0.07375 0.09833333333333333
0 0.2225 0.30333333333333334 0.08375 0.11
0 0.1728125 0.7133333333333334 0.075625 0.11
0 0.3815625 0.23875 0.064375 0.09583333333333334
0 0.8025 0.29 0.06625 0.12166666666666667
0 0.816875 0.6116666666666667 0.07625 0.09666666666666666
0 0.2965625 0.14 0.081875 0.11833333333333333
0 0.4825 0.22708333333333333 0.075 0.11416666666666667
0 0.1825 0.07875 0.07625 0.10916666666666666
0 0.6371875 0.4504166666666667 0.071875 0.09916666666666667
0 0.43125 0.6304166666666666 0.07375 0.1075
0 0.4090625 0.07833333333333334 0.098125 0.07833333333333334
0 0.41875 0.5758333333333333 0.075 0.095
0 0.734375 0.30541666666666667 0.07375 0.12083333333333333
1 0.580625 0.8408333333333333 0.10125 0.15166666666666667
0 0.4978125 0.58625 0.068125 0.0925