0 0.3621875 0.09625 0.090625 0.12083333333333333
0 0.40875 0.2941666666666667 0.09125 0.12166666666666667
0 0.29875 0.32666666666666666 0.10375 0.13833333333333334
1 0.8378125 0.51375 0.105625 0.14083333333333334
0 0.1853125 0.7104166666666667 0.094375 0.12583333333333332
0 0.3940625 0.6791666666666667 0.094375 0.125
0 0.208125 0.8958333333333334 0.095 0.12666666666666668
0 0.660625 0.63625 0.095 0.1275
0 0.363125 0.79375 0.09 0.12083333333333333
0 0.5659375 0.28958333333333336 0.084375 0.1125
0 0.6940625 0.7225 0.100625 0.135
0 0.930625 0.4325 0.09 0.12
0 0.4403125 0.21125 0.098125 0.13083333333333333
0 0.6903125 0.44 0.103125 0.13666666666666666
0 0.493125 0.6683333333333333 0.08375 0.11166666666666666
0 0.5621875 0.19958333333333333 0.089375 0.11916666666666667
0 0.5521875 0.8979166666666667 0.089375 0.11916666666666667
0 0.1390625 0.8645833333333334 0.090625 0.12083333333333333
0 0.698125 0.33458333333333334 0.07875 0.10583333333333333
0 0.37 0.595 0.08375 0.11166666666666666
0 0.8228125 0.6279166666666667 0.084375 0.1125
0 0.4465625 0.3670833333333333 0.095625 0.1275
0 0.3659375 0.3804166666666667 0.078125 0.10416666666666667
0 0.8990625 0.17958333333333334 0.086875 0.11583333333333333
0 0.7596875 0.67875 0.085625 0.11416666666666667
0 0.878125 0.24791666666666667 0.0825 0.11083333333333334
0 0.0903125 0.81625 0.083125 0.11083333333333334
0 0.6184375 0.3279166666666667 0.083125 0.11083333333333334
0 0.49875 0.7433333333333333 0.08375 0.11166666666666666
0 0.4228125 0.7620833333333333 0.089375 0.11916666666666667
0 0.1575 0.7891666666666667 0.07625 0.10166666666666667
0 0.949375 0.24375 0.0825 0.11083333333333334
0 0.6915625 0.5654166666666667 0.076875 0.1025
0 0.0971875 0.44875 0.091875 0.1225
0 0.195625 0.5475 0.09625 0.12833333333333333
0 0.8125 0.25125 0.09 0.11916666666666667
0 0.184375 0.40125 0.07625 0.10083333333333333
0 0.6128125 0.2554166666666667 0.083125 0.11083333333333334
0 0.4775 0.065 0.0775 0.10333333333333333
0 0.4965625 0.4558333333333333 0.091875 0.12166666666666667
0 0.51125 0.6016666666666667 0.08625 0.115
0 0.51625 0.285 0.08875 0.11833333333333333
0 0.50625 0.13083333333333333 0.0775 0.10333333333333333
0 0.7571875 0.17833333333333334 0.084375 0.11333333333333333
0 0.73875 0.8266666666666667 0.09625 0.12833333333333333
0 0.6228125 0.7295833333333334 0.076875 0.1025
0 0.9384375 0.30791666666666667 0.073125 0.0975
0 0.135625 0.33666666666666667 0.08875 0.11833333333333333
0 0.889375 0.36333333333333334 0.09625 0.12833333333333333
0 0.1996875 0.32208333333333333 0.079375 0.10583333333333333
0 0.77125 0.45958333333333334 0.08 0.10583333333333333
0 0.8653125 0.3775 0.078125 0.105
0 0.821875 0.20916666666666667 0.09625 0.12833333333333333
0 0.3278125 0.46375 0.075625 0.10083333333333333
0 0.4321875 0.60375 0.088125 0.1175
0 0.1496875 0.47375 0.079375 0.10583333333333333
0 0.718125 0.11416666666666667 0.085 0.11333333333333333
0 0.7659375 0.6054166666666667 0.085625 0.11416666666666667
0 0.3803125 0.47041666666666665 0.080625 0.1075
0 0.3575 0.9025 0.0725 0.09666666666666666
0 0.0546875 0.6220833333333333 0.094375 0.12583333333333332
0 0.486875 0.3179166666666667 0.08875 0.1175
0 0.54875 0.6975 0.07875 0.105
0 0.52875 0.5195833333333333 0.0775 0.1025
0 0.325 0.9491666666666667 0.0725 0.09666666666666666
0 0.7946875 0.08875 0.079375 0.10583333333333333
0 0.9071875 0.5204166666666666 0.090625 0.12083333333333333
0 0.6184375 0.08625 0.079375 0.10583333333333333
0 0.5575 0.45208333333333334 0.08125 0.1075
1 0.643125 0.175 0.125 0.16666666666666666
1 0.58125 0.13375 0.08125 0.1075
0 0.55125 0.085 0.0775 0.10333333333333333
0 0.404375 0.5316666666666666 0.07375 0.09833333333333333
0 0.353125 0.5225 0.07125 0.095
0 0.2640625 0.4975 0.076875 0.10333333333333333
0 0.2253125 0.5320833333333334 0.071875 0.09583333333333334
0 0.5565625 0.49333333333333335 0.088125 0.11833333333333333
0 0.546875 0.4091666666666667 0.07 0.09333333333333334
0 0.58875 0.3779166666666667 0.075 0.09916666666666667
0 0.758125 0.29833333333333334 0.075 0.1
0 0.2975 0.18875 0.07625 0.10083333333333333
0 0.2190625 0.25 0.076875 0.10166666666666667
0 0.2153125 0.21166666666666667 0.068125 0.09166666666666666
0 0.2790625 0.9079166666666667 0.074375 0.09916666666666667
0 0.501875 0.92 0.0875 0.11666666666666667
0 0.7353125 0.5254166666666666 0.070625 0.09416666666666666
0 0.769375 0.1525 0.0925 0.12333333333333334
0 0.668125 0.12041666666666667 0.10625 0.1425