0 0.4103125 0.7229166666666667 0.083125 0.11083333333333334
0 0.7165625 0.8141666666666667 0.081875 0.10833333333333334
0 0.3575 0.335 0.08625 0.115
0 0.506875 0.35083333333333333 0.09 0.12
0 0.639375 0.4891666666666667 0.09 0.12
0 0.76375 0.65 0.09875 0.13166666666666665
0 0.6953125 0.14041666666666666 0.098125 0.13083333333333333
0 0.57125 0.2945833333333333 0.0875 0.11583333333333333
0 0.6975 0.72375 0.0875 0.1175
0 0.1671875 0.34291666666666665 0.108125 0.14416666666666667
0 0.8659375 0.8454166666666667 0.104375 0.13916666666666666
0 0.7746875 0.30041666666666667 0.094375 0.12583333333333332
0 0.77125 0.8583333333333333 0.09375 0.125
0 0.428125 0.2783333333333333 0.09 0.12
0 0.941875 0.5720833333333334 0.0825 0.10916666666666666
0 0.2571875 0.4920833333333333 0.081875 0.10916666666666666
0 0.51875 0.23333333333333334 0.09875 0.13166666666666665
0 0.094375 0.5366666666666666 0.1075 0.14333333333333334
0 0.165625 0.615 0.09125 0.12166666666666667
0 0.1696875 0.4529166666666667 0.090625 0.12083333333333333
0 0.85 0.5066666666666667 0.09875 0.13166666666666665
0 0.8175 0.34 0.08 0.10666666666666667
0 0.3815625 0.45375 0.091875 0.1225
0 0.910625 0.77 0.09625 0.12833333333333333
0 0.348125 0.7983333333333333 0.10375 0.13833333333333334
0 0.6703125 0.4225 0.100625 0.135
0 0.4578125 0.08625 0.088125 0.1175
0 0.6228125 0.9320833333333334 0.083125 0.11083333333333334
0 0.2903125 0.28791666666666665 0.104375 0.13916666666666666
0 0.046875 0.24875 0.06875 0.0925
0 0.4971875 0.5554166666666667 0.084375 0.1125
0 0.5990625 0.72375 0.078125 0.10416666666666667
0 0.2009375 0.53125 0.089375 0.11916666666666667
0 0.47625 0.7679166666666667 0.0925 0.12416666666666666
0 0.6959375 0.6154166666666666 0.083125 0.11083333333333334
0 0.1796875 0.19833333333333333 0.083125 0.11166666666666666
0 0.710625 0.9166666666666666 0.0925 0.12333333333333334
0 0.4803125 0.44916666666666666 0.096875 0.13
0 0.5325 0.9283333333333333 0.08875 0.11833333333333333
0 0.6965625 0.51 0.088125 0.11666666666666667
0 0.256875 0.7891666666666667 0.105 0.14
0 0.649375 0.6154166666666666 0.0875 0.1175
0 0.888125 0.6725 0.095 0.12666666666666668
0 0.895625 0.43916666666666665 0.0875 0.11666666666666667
0 0.6 0.57 0.08375 0.11166666666666666
0 0.1096875 0.21375 0.089375 0.11916666666666667
0 0.639375 0.6904166666666667 0.095 0.12583333333333332
0 0.2578125 0.355 0.083125 0.11166666666666666
0 0.2790625 0.19166666666666668 0.110625 0.14666666666666667
0 0.459375 0.17375 0.09375 0.12583333333333332
0 0.9146875 0.5104166666666666 0.080625 0.1075
0 0.5165625 0.46458333333333335 0.078125 0.10416666666666667
0 0.4246875 0.7995833333333333 0.105625 0.14083333333333334
0 0.9353125 0.64875 0.084375 0.1125
0 0.8428125 0.7033333333333334 0.078125 0.105
0 0.248125 0.07 0.08125 0.10833333333333334
0 0.2625 0.4266666666666667 0.0775 0.10333333333333333
0 0.511875 0.7308333333333333 0.0775 0.10333333333333333
0 0.605 0.05583333333333333 0.07625 0.10166666666666667