0 0.2665625 0.9333333333333333 0.081875 0.09833333333333333
0 0.3796875 0.7045833333333333 0.078125 0.0825
0 0.515625 0.12333333333333334 0.0625 0.09166666666666666
0 0.3334375 0.5795833333333333 0.063125 0.09583333333333334
0 0.2840625 0.315 0.053125 0.10333333333333333
0 0.63125 0.1575 0.0625 0.10166666666666667
0 0.168125 0.3566666666666667 0.07625 0.095
0 0.06625 0.6675 0.06875 0.07333333333333333
0 0.3959375 0.4816666666666667 0.076875 0.10333333333333333
0 0.55125 0.2125 0.07 0.09166666666666666
0 0.27125 0.475 0.08375 0.10333333333333333
0 0.11875 0.12958333333333333 0.07125 0.10583333333333333
0 0.2315625 0.21958333333333332 0.073125 0.11083333333333334
0 0.304375 0.12416666666666666 0.06875 0.11
0 0.475 0.19958333333333333 0.07625 0.1025
0 0.2559375 0.5633333333333334 0.085625 0.08
0 0.064375 0.7416666666666667 0.0825 0.08333333333333333
0 0.6696875 0.3425 0.075625 0.085
0 0.913125 0.4325 0.07625 0.09166666666666666
0 0.93125 0.3475 0.075 0.1
0 0.0453125 0.32 0.056875 0.09333333333333334
0 0.8134375 0.18875 0.065625 0.0925
0 0.8615625 0.3425 0.058125 0.1
0 0.1203125 0.23833333333333334 0.070625 0.115
0 0.2396875 0.6470833333333333 0.078125 0.09083333333333334
0 0.09375 0.9533333333333334 0.08625 0.07166666666666667
0 0.5034375 0.5645833333333333 0.069375 0.09583333333333334
0 0.6478125 0.0725 0.070625 0.10666666666666667
0 0.1659375 0.7595833333333334 0.079375 0.0975
0 0.8421875 0.7670833333333333 0.076875 0.1025
0 0.6825 0.42541666666666667 0.0725 0.1075
0 0.335 0.3883333333333333 0.04875 0.10833333333333334
0 0.809375 0.5795833333333333 0.075 0.10083333333333333
0 0.23125 0.33958333333333335 0.06 0.12583333333333332
0 0.185625 0.13583333333333333 0.0725 0.12833333333333333
0 0.823125 0.36833333333333335 0.06625 0.085
0 0.4534375 0.055 0.068125 0.10666666666666667
0 0.7175 0.065 0.0675 0.115
0 0.8290625 0.44916666666666666 0.071875 0.09
0 0.5078125 0.35583333333333333 0.078125 0.105
0 0.560625 0.08541666666666667 0.065 0.15583333333333332
0 0.415 0.815 0.07625 0.09166666666666666
0 0.6878125 0.23666666666666666 0.080625 0.09833333333333333
0 0.723125 0.5154166666666666 0.0725 0.09083333333333334
0 0.3703125 0.32958333333333334 0.056875 0.12416666666666666
0 0.6803125 0.6566666666666666 0.076875 0.105
0 0.4446875 0.6033333333333334 0.069375 0.09833333333333333
0 0.881875 0.2704166666666667 0.0775 0.10083333333333333
0 0.67625 0.9429166666666666 0.08375 0.1075
0 0.54375 0.8629166666666667 0.0775 0.0925
0 0.8490625 0.9170833333333334 0.068125 0.09583333333333334
0 0.6175 0.8229166666666666 0.06875 0.1025
0 0.66625 0.7520833333333333 0.08 0.09583333333333334
0 0.724375 0.8783333333333333 0.0725 0.09833333333333333
0 0.7559375 0.39125 0.073125 0.09583333333333334
0 0.8846875 0.7066666666666667 0.073125 0.1
0 0.9028125 0.8895833333333333 0.074375 0.1025
0 0.0809375 0.44958333333333333 0.091875 0.11583333333333333
0 0.930625 0.77375 0.07875 0.0975
0 0.4453125 0.38875 0.061875 0.12083333333333333