0 0.1 0.7708333333333334 0.10375 0.13833333333333334
0 0.5290625 0.7945833333333333 0.100625 0.13416666666666666
0 0.5196875 0.17375 0.111875 0.14916666666666667
0 0.6403125 0.36833333333333335 0.090625 0.12
0 0.41 0.2708333333333333 0.09375 0.125
0 0.6153125 0.5633333333333334 0.089375 0.11833333333333333
0 0.64 0.6483333333333333 0.095 0.12666666666666668
0 0.429375 0.35208333333333336 0.1025 0.13583333333333333
0 0.3103125 0.48625 0.103125 0.1375
0 0.6509375 0.45208333333333334 0.090625 0.12083333333333333
0 0.7053125 0.56875 0.090625 0.12083333333333333
0 0.511875 0.4666666666666667 0.09875 0.13166666666666665
0 0.298125 0.24458333333333335 0.085 0.1125
0 0.6996875 0.6708333333333333 0.106875 0.14166666666666666
0 0.763125 0.5258333333333334 0.10625 0.14166666666666666
0 0.215 0.69125 0.09 0.12083333333333333
0 0.5353125 0.5654166666666667 0.091875 0.1225
0 0.8596875 0.5529166666666666 0.080625 0.1075
0 0.355625 0.8116666666666666 0.10125 0.135
0 0.7625 0.745 0.09375 0.125
0 0.316875 0.7325 0.09875 0.13166666666666665
0 0.915 0.42333333333333334 0.0875 0.11666666666666667
0 0.591875 0.6966666666666667 0.08625 0.115
0 0.1540625 0.7104166666666667 0.089375 0.11916666666666667
0 0.9225 0.31666666666666665 0.1 0.13333333333333333
0 0.634375 0.1675 0.09 0.12
0 0.3903125 0.13291666666666666 0.095625 0.1275
0 0.200625 0.57375 0.08625 0.11416666666666667
0 0.54625 0.6458333333333334 0.08125 0.10833333333333334
0 0.75875 0.15541666666666668 0.08875 0.11916666666666667
0 0.4640625 0.91 0.081875 0.11
0 0.154375 0.6270833333333333 0.09875 0.1325
0 0.805625 0.7116666666666667 0.09625 0.12833333333333333
0 0.3971875 0.52375 0.085625 0.11416666666666667
0 0.356875 0.52875 0.11125 0.1475
0 0.7240625 0.08541666666666667 0.091875 0.1225
0 0.6715625 0.15375 0.080625 0.1075
0 0.4771875 0.40166666666666667 0.084375 0.11333333333333333
0 0.7553125 0.08541666666666667 0.101875 0.13583333333333333
0 0.8484375 0.6670833333333334 0.075625 0.10083333333333333