0 0.1171875 0.92625 0.079375 0.10083333333333333
0 0.3675 0.5575 0.0825 0.09833333333333333
0 0.5471875 0.715 0.078125 0.095
0 0.6925 0.7845833333333333 0.085 0.0925
0 0.471875 0.66 0.085 0.09333333333333334
0 0.6696875 0.9191666666666667 0.075625 0.11166666666666666
0 0.7046875 0.5541666666666667 0.085625 0.105
0 0.8775 0.31416666666666665 0.0775 0.11
0 0.6171875 0.8270833333333333 0.075625 0.11083333333333334
0 0.3128125 0.8395833333333333 0.081875 0.1075
0 0.956875 0.0975 0.075 0.11
0 0.0865625 0.08083333333333333 0.088125 0.11166666666666666
0 0.554375 0.12958333333333333 0.07875 0.1125
0 0.66125 0.11125 0.07875 0.10916666666666666
0 0.4421875 0.08625 0.090625 0.09583333333333334
0 0.929375 0.89625 0.10125 0.08416666666666667
0 0.23375 0.6716666666666666 0.085 0.10333333333333333
1 0.4625 0.31083333333333335 0.10125 0.13833333333333334
0 0.205625 0.555 0.09 0.08666666666666667
0 0.8 0.28583333333333333 0.07125 0.125
1 0.1621875 0.36583333333333334 0.113125 0.12
0 0.623125 0.695 0.07 0.11
0 0.68375 0.7020833333333333 0.0775 0.10583333333333333
0 0.768125 0.8008333333333333 0.09125 0.09333333333333334
0 0.1984375 0.47791666666666666 0.099375 0.08083333333333333