0 0.2278125 0.5220833333333333 0.100625 0.13416666666666666
0 0.24625 0.25666666666666665 0.1 0.13333333333333333
0 0.4934375 0.675 0.098125 0.13
0 0.1553125 0.4795833333333333 0.094375 0.12583333333333332
0 0.3309375 0.9241666666666667 0.096875 0.13
0 0.3790625 0.5375 0.085625 0.115
0 0.6065625 0.4691666666666667 0.089375 0.11833333333333333
0 0.8865625 0.18208333333333335 0.095625 0.1275
0 0.678125 0.6566666666666666 0.11125 0.14833333333333334
0 0.38375 0.425 0.08875 0.11833333333333333
0 0.210625 0.3958333333333333 0.105 0.14
0 0.596875 0.7591666666666667 0.1025 0.13666666666666666
0 0.4796875 0.3145833333333333 0.088125 0.1175
0 0.754375 0.37666666666666665 0.08875 0.11833333333333333
0 0.179375 0.75 0.09125 0.12166666666666667
0 0.518125 0.44708333333333333 0.0975 0.13083333333333333
0 0.810625 0.3104166666666667 0.10375 0.1375
0 0.680625 0.77375 0.10625 0.14083333333333334
0 0.3209375 0.19791666666666666 0.106875 0.1425
0 0.37 0.27708333333333335 0.0925 0.12416666666666666
0 0.0940625 0.6183333333333333 0.120625 0.16
0 0.626875 0.9233333333333333 0.085 0.11333333333333333
0 0.1009375 0.41541666666666666 0.099375 0.1325
0 0.4446875 0.2325 0.083125 0.11166666666666666
0 0.601875 0.6454166666666666 0.08 0.10583333333333333
0 0.3625 0.655 0.1 0.13333333333333333
0 0.451875 0.3725 0.1025 0.13666666666666666
0 0.7175 0.8166666666666667 0.09875 0.13166666666666665
0 0.3925 0.32375 0.09 0.11916666666666667
0 0.68 0.4066666666666667 0.10375 0.13833333333333334
0 0.8003125 0.17208333333333334 0.099375 0.1325
0 0.7121875 0.24333333333333335 0.104375 0.14
0 0.68875 0.0775 0.1 0.13333333333333333
0 0.68625 0.31833333333333336 0.09875 0.13166666666666665
0 0.7684375 0.60625 0.114375 0.1525
0 0.77625 0.53 0.12375 0.165
0 0.49375 0.39416666666666667 0.10625 0.14166666666666666
0 0.67625 0.195 0.0975 0.13
1 0.551875 0.5454166666666667 0.1375 0.1825
0 0.316875 0.7783333333333333 0.095 0.12666666666666668