0 0.3603125 0.8729166666666667 0.070625 0.1075
0 0.419375 0.3145833333333333 0.07125 0.09083333333333334
0 0.25875 0.5991666666666666 0.07375 0.09166666666666666
0 0.2484375 0.8304166666666667 0.069375 0.10583333333333333
0 0.203125 0.47791666666666666 0.07125 0.10083333333333333
0 0.689375 0.4608333333333333 0.0675 0.09666666666666666
0 0.5046875 0.5904166666666667 0.073125 0.10083333333333333
0 0.18625 0.8520833333333333 0.06375 0.08083333333333333
0 0.3678125 0.16041666666666668 0.078125 0.08916666666666667
0 0.3778125 0.70625 0.064375 0.08916666666666667
0 0.621875 0.32208333333333333 0.07125 0.10583333333333333
0 0.82375 0.5583333333333333 0.06875 0.1
0 0.76 0.5691666666666667 0.065 0.1
0 0.5934375 0.08875 0.074375 0.09916666666666667
0 0.3490625 0.6079166666666667 0.069375 0.09416666666666666
0 0.1896875 0.22666666666666666 0.081875 0.09833333333333333
0 0.371875 0.4583333333333333 0.07625 0.09666666666666666
0 0.8075 0.30416666666666664 0.06375 0.10166666666666667
0 0.5503125 0.28791666666666665 0.063125 0.08583333333333333
0 0.708125 0.7129166666666666 0.07875 0.09416666666666666
0 0.35125 0.05375 0.0625 0.09583333333333334
0 0.608125 0.9125 0.07875 0.09333333333333334
0 0.795 0.7166666666666667 0.0675 0.09833333333333333
0 0.6759375 0.8054166666666667 0.083125 0.0925
0 0.6375 0.505 0.05625 0.09333333333333334
0 0.804375 0.14208333333333334 0.07375 0.08916666666666667
0 0.19875 0.9179166666666667 0.08 0.0975
0 0.1528125 0.7983333333333333 0.056875 0.08
0 0.6984375 0.8525 0.069375 0.105
0 0.5496875 0.3620833333333333 0.060625 0.08916666666666667
0 0.7465625 0.885 0.076875 0.095
0 0.83875 0.7870833333333334 0.07 0.08583333333333333
0 0.805 0.06166666666666667 0.07375 0.08333333333333333
0 0.6040625 0.5291666666666667 0.058125 0.1