0 0.4 0.4345833333333333 0.095 0.12583333333333332
0 0.761875 0.7933333333333333 0.0825 0.11
0 0.8078125 0.6979166666666666 0.090625 0.12083333333333333
0 0.58 0.6854166666666667 0.1 0.1325
0 0.330625 0.115 0.09375 0.125
0 0.74625 0.26375 0.1025 0.13583333333333333
0 0.5275 0.6108333333333333 0.10125 0.135
0 0.795625 0.4 0.0925 0.12333333333333334
0 0.23375 0.29875 0.10125 0.13583333333333333
0 0.859375 0.6 0.095 0.12666666666666668
0 0.254375 0.5454166666666667 0.1 0.13416666666666666
0 0.1078125 0.47208333333333335 0.080625 0.1075
0 0.1465625 0.3516666666666667 0.100625 0.13333333333333333
0 0.728125 0.46375 0.0975 0.12916666666666668
0 0.70125 0.7316666666666667 0.1025 0.13666666666666666
0 0.5578125 0.48333333333333334 0.094375 0.12666666666666668
0 0.365 0.5475 0.1025 0.13666666666666666
0 0.300625 0.5045833333333334 0.09875 0.1325
0 0.708125 0.5 0.09125 0.12166666666666667
0 0.608125 0.88125 0.1075 0.1425
0 0.56125 0.20625 0.095 0.1275
0 0.91 0.31833333333333336 0.1025 0.13666666666666666
0 0.2446875 0.62375 0.104375 0.13916666666666666
0 0.5153125 0.21875 0.101875 0.13583333333333333
0 0.39625 0.7516666666666667 0.11375 0.15166666666666667
0 0.60375 0.22541666666666665 0.09125 0.1225
0 0.3046875 0.8104166666666667 0.103125 0.1375
0 0.661875 0.2625 0.10625 0.14166666666666666
0 0.54 0.3229166666666667 0.105 0.14083333333333334
0 0.5384375 0.13791666666666666 0.094375 0.12583333333333332
0 0.0565625 0.5004166666666666 0.090625 0.12083333333333333
0 0.3925 0.8754166666666666 0.12125 0.1625
0 0.3946875 0.58875 0.105625 0.14083333333333334
0 0.0853125 0.6320833333333333 0.106875 0.1425
0 0.16 0.6295833333333334 0.1075 0.14416666666666667
0 0.5515625 0.8425 0.114375 0.15333333333333332
0 0.730625 0.5475 0.09375 0.125
0 0.0721875 0.5766666666666667 0.104375 0.14
0 0.13875 0.8125 0.10125 0.135
0 0.871875 0.5183333333333333 0.095 0.12666666666666668
0 0.8040625 0.29375 0.104375 0.13916666666666666
0 0.8721875 0.4216666666666667 0.106875 0.14333333333333334
0 0.2590625 0.32375 0.086875 0.11583333333333333
0 0.56375 0.7816666666666666 0.10375 0.13833333333333334
0 0.1028125 0.5129166666666667 0.098125 0.13083333333333333