0 0.8775 0.3408333333333333 0.08375 0.11166666666666666
0 0.5271875 0.7579166666666667 0.091875 0.1225
0 0.7021875 0.595 0.090625 0.12
1 0.190625 0.5445833333333333 0.10875 0.14583333333333334
0 0.603125 0.6795833333333333 0.105 0.14083333333333334
0 0.42 0.38916666666666666 0.11375 0.15166666666666667
0 0.6640625 0.46291666666666664 0.091875 0.1225
0 0.2465625 0.4395833333333333 0.098125 0.13083333333333333
0 0.7746875 0.18625 0.096875 0.12916666666666668
0 0.2671875 0.2625 0.093125 0.125
0 0.715625 0.2529166666666667 0.09 0.12083333333333333
0 0.1090625 0.4825 0.081875 0.11
0 0.74125 0.3875 0.0875 0.11666666666666667
0 0.3821875 0.5745833333333333 0.103125 0.1375
0 0.1440625 0.78625 0.096875 0.12916666666666668
0 0.714375 0.07458333333333333 0.09125 0.1225
0 0.4809375 0.13416666666666666 0.095625 0.12833333333333333
0 0.7403125 0.5220833333333333 0.089375 0.11916666666666667
0 0.2940625 0.9179166666666667 0.099375 0.1325
0 0.674375 0.16958333333333334 0.095 0.1275
0 0.49375 0.67125 0.0975 0.12916666666666668
0 0.196875 0.7266666666666667 0.09125 0.12166666666666667
0 0.385625 0.8766666666666667 0.10875 0.145
0 0.6509375 0.10875 0.096875 0.12916666666666668
0 0.2 0.6391666666666667 0.1025 0.13666666666666666
0 0.788125 0.4579166666666667 0.0975 0.12916666666666668
0 0.81 0.4708333333333333 0.10125 0.135
0 0.0871875 0.8325 0.100625 0.13333333333333333