0 0.605625 0.115 0.095 0.12666666666666668
0 0.3984375 0.6570833333333334 0.088125 0.1175
0 0.2284375 0.25666666666666665 0.093125 0.125
0 0.2425 0.5145833333333333 0.105 0.14083333333333334
0 0.693125 0.42083333333333334 0.085 0.11333333333333333
0 0.1615625 0.5979166666666667 0.104375 0.13916666666666666
0 0.816875 0.8070833333333334 0.09375 0.12583333333333332
0 0.2903125 0.8054166666666667 0.089375 0.11916666666666667
0 0.093125 0.4825 0.1 0.13333333333333333
0 0.231875 0.6775 0.105 0.14
0 0.295625 0.30916666666666665 0.09625 0.12833333333333333
0 0.866875 0.8583333333333333 0.1 0.13333333333333333
0 0.888125 0.6991666666666667 0.08625 0.115
0 0.77375 0.5320833333333334 0.09125 0.12083333333333333
0 0.6184375 0.83875 0.091875 0.1225
0 0.1590625 0.45875 0.101875 0.13583333333333333
0 0.300625 0.62375 0.1 0.13416666666666666
1 0.14875 0.29125 0.09875 0.1325
0 0.3584375 0.43291666666666667 0.104375 0.13916666666666666
0 0.7084375 0.7625 0.093125 0.125
0 0.550625 0.7683333333333333 0.09 0.12
0 0.491875 0.6925 0.08625 0.115
0 0.3903125 0.58625 0.095625 0.1275
0 0.1721875 0.21208333333333335 0.089375 0.11916666666666667
0 0.33875 0.92375 0.09625 0.12916666666666668
0 0.2375 0.17125 0.10875 0.14583333333333334
0 0.794375 0.3675 0.1 0.13333333333333333
0 0.3734375 0.8554166666666667 0.085625 0.11416666666666667
0 0.734375 0.31 0.09875 0.13166666666666665
0 0.418125 0.19291666666666665 0.0825 0.10916666666666666
0 0.354375 0.34833333333333333 0.0925 0.12333333333333334
0 0.5484375 0.37833333333333335 0.085625 0.115
0 0.8321875 0.5570833333333334 0.078125 0.10416666666666667
0 0.3 0.7225 0.0975 0.13
0 0.695 0.27166666666666667 0.10125 0.135
0 0.509375 0.5320833333333334 0.075 0.10083333333333333
0 0.225625 0.40166666666666667 0.0875 0.11666666666666667
0 0.4215625 0.07541666666666667 0.096875 0.12916666666666668
0 0.5546875 0.9358333333333333 0.088125 0.11833333333333333
0 0.4340625 0.8779166666666667 0.089375 0.11916666666666667
0 0.385625 0.255 0.0725 0.09666666666666666
0 0.1978125 0.13958333333333334 0.094375 0.12583333333333332
0 0.529375 0.8291666666666667 0.08875 0.11833333333333333
0 0.3115625 0.14625 0.096875 0.12916666666666668
0 0.1078125 0.3954166666666667 0.081875 0.10916666666666666
0 0.6075 0.74 0.08375 0.11166666666666666
0 0.555625 0.06875 0.08875 0.11916666666666667
0 0.469375 0.4820833333333333 0.07875 0.10416666666666667
0 0.2253125 0.3329166666666667 0.080625 0.1075
0 0.7884375 0.24875 0.090625 0.12083333333333333
0 0.8303125 0.9183333333333333 0.075625 0.10166666666666667
0 0.7628125 0.7933333333333333 0.090625 0.12
0 0.33875 0.24916666666666668 0.09375 0.125
0 0.715 0.14083333333333334 0.08625 0.115
0 0.635625 0.49416666666666664 0.09375 0.125
0 0.901875 0.5116666666666667 0.07875 0.105
0 0.7828125 0.9416666666666667 0.076875 0.10166666666666667
0 0.2971875 0.57625 0.100625 0.13416666666666666
0 0.7525 0.3954166666666667 0.085 0.1125
0 0.7340625 0.21916666666666668 0.079375 0.10666666666666667
0 0.5078125 0.8970833333333333 0.081875 0.10916666666666666
0 0.4128125 0.5095833333333334 0.075625 0.10083333333333333
0 0.584375 0.29375 0.0775 0.1025
0 0.36125 0.7841666666666667 0.07375 0.09833333333333333
0 0.4528125 0.37875 0.089375 0.11916666666666667
0 0.6071875 0.34875 0.075625 0.10083333333333333
0 0.93 0.6470833333333333 0.07875 0.10416666666666667
0 0.8496875 0.7483333333333333 0.080625 0.10666666666666667
1 0.401875 0.31916666666666665 0.10375 0.13833333333333334
0 0.649375 0.3675 0.08625 0.115
0 0.204375 0.7525 0.07875 0.105
0 0.0434375 0.5270833333333333 0.076875 0.1025
0 0.3565625 0.7166666666666667 0.093125 0.12333333333333334
0 0.5203125 0.4533333333333333 0.073125 0.09833333333333333
0 0.4640625 0.9454166666666667 0.078125 0.10416666666666667
0 0.45375 0.5608333333333333 0.08125 0.10833333333333334
0 0.6596875 0.7066666666666667 0.075625 0.10166666666666667
0 0.2509375 0.08958333333333333 0.075625 0.10083333333333333
0 0.3053125 0.06291666666666666 0.068125 0.09083333333333334
0 0.9190625 0.7979166666666667 0.083125 0.11083333333333334
0 0.68625 0.9495833333333333 0.07 0.09416666666666666
0 0.7490625 0.9079166666666667 0.074375 0.09916666666666667
0 0.1034375 0.32125 0.076875 0.1025
0 0.939375 0.76 0.09375 0.125
0 0.9484375 0.72125 0.091875 0.1225
0 0.494375 0.3279166666666667 0.0725 0.0975
0 0.7803125 0.45708333333333334 0.076875 0.1025
0 0.89375 0.6025 0.06625 0.08833333333333333
0 0.84875 0.6391666666666667 0.0775 0.10333333333333333
0 0.6403125 0.4320833333333333 0.070625 0.09416666666666666
0 0.9434375 0.43916666666666665 0.070625 0.09333333333333334
0 0.1628125 0.69875 0.076875 0.1025
0 0.498125 0.39791666666666664 0.0675 0.08916666666666667
0 0.69625 0.8525 0.06375 0.085