0 0.7625 0.2425 0.075 0.095
0 0.32125 0.4741666666666667 0.08375 0.085
0 0.7940625 0.14791666666666667 0.081875 0.09583333333333334
0 0.3596875 0.23708333333333334 0.063125 0.08416666666666667
0 0.25375 0.695 0.06875 0.09833333333333333
0 0.7365625 0.3541666666666667 0.066875 0.1
0 0.6696875 0.7333333333333333 0.071875 0.09
0 0.41 0.38916666666666666 0.06875 0.09333333333333334
0 0.395625 0.11458333333333333 0.06625 0.09583333333333334
1 0.38 0.8525 0.0825 0.10833333333333334
0 0.473125 0.46458333333333335 0.055 0.09583333333333334
0 0.4696875 0.2 0.070625 0.10333333333333333
0 0.2728125 0.17666666666666667 0.066875 0.1
0 0.3265625 0.11541666666666667 0.070625 0.08916666666666667
0 0.360625 0.5645833333333333 0.07 0.0925
0 0.6278125 0.4870833333333333 0.074375 0.09416666666666666
0 0.5675 0.605 0.06625 0.08666666666666667
0 0.5590625 0.4170833333333333 0.079375 0.09083333333333334
0 0.2065625 0.19333333333333333 0.066875 0.09333333333333334
0 0.1621875 0.24708333333333332 0.063125 0.08083333333333333
0 0.61 0.2925 0.07125 0.08166666666666667
0 0.3028125 0.8033333333333333 0.078125 0.08833333333333333
0 0.2446875 0.9 0.049375 0.11333333333333333
0 0.784375 0.6275 0.06125 0.1
0 0.269375 0.08708333333333333 0.05625 0.07916666666666666
0 0.1971875 0.7629166666666667 0.080625 0.1075
0 0.6953125 0.6666666666666666 0.090625 0.085
0 0.44375 0.8366666666666667 0.05375 0.09166666666666666
0 0.184375 0.88375 0.0625 0.12083333333333333
0 0.62875 0.6366666666666667 0.05 0.1
0 0.3059375 0.9016666666666666 0.090625 0.09833333333333333
0 0.483125 0.38125 0.07875 0.09083333333333334
1 0.55625 0.7116666666666667 0.08875 0.11
0 0.4325 0.58625 0.07125 0.0925
0 0.5725 0.8595833333333334 0.05375 0.1075
1 0.5325 0.15625 0.0925 0.10583333333333333
0 0.463125 0.5691666666666667 0.06375 0.09666666666666666
0 0.8134375 0.34791666666666665 0.073125 0.09583333333333334
0 0.6696875 0.09208333333333334 0.104375 0.0875
0 0.5978125 0.21291666666666667 0.086875 0.07916666666666666
0 0.7496875 0.61125 0.056875 0.09416666666666666
0 0.6821875 0.25625 0.053125 0.07083333333333333
1 0.73625 0.5075 0.08375 0.125
0 0.54 0.3491666666666667 0.07375 0.08333333333333333
1 0.23625 0.2608333333333333 0.10625 0.1
0 0.5371875 0.8945833333333333 0.059375 0.12083333333333333
0 0.4184375 0.9170833333333334 0.056875 0.09083333333333334
0 0.576875 0.785 0.11375 0.056666666666666664
0 0.486875 0.8920833333333333 0.055 0.0925