0 0.158125 0.6016666666666667 0.095 0.12666666666666668
0 0.390625 0.7445833333333334 0.08625 0.11416666666666667
0 0.125 0.75 0.0775 0.10333333333333333
0 0.1996875 0.7254166666666667 0.099375 0.1325
0 0.6434375 0.2575 0.093125 0.125
0 0.3234375 0.8279166666666666 0.099375 0.1325
0 0.7353125 0.2679166666666667 0.076875 0.1025
0 0.430625 0.45 0.0875 0.11666666666666667
0 0.66375 0.16333333333333333 0.095 0.12666666666666668
0 0.75875 0.07375 0.08625 0.11583333333333333
0 0.1440625 0.33958333333333335 0.090625 0.12083333333333333
0 0.8046875 0.11375 0.081875 0.10916666666666666
0 0.3765625 0.55375 0.079375 0.10583333333333333
0 0.9290625 0.21458333333333332 0.075625 0.10083333333333333
0 0.535625 0.38416666666666666 0.1025 0.13666666666666666
0 0.5059375 0.67375 0.086875 0.11583333333333333
0 0.693125 0.325 0.0875 0.11666666666666667
0 0.6125 0.3883333333333333 0.0975 0.13
0 0.2515625 0.8545833333333334 0.091875 0.1225
0 0.8221875 0.6158333333333333 0.089375 0.11833333333333333
0 0.13 0.6845833333333333 0.09625 0.1275
0 0.8465625 0.22166666666666668 0.098125 0.13
0 0.87125 0.13125 0.09125 0.1225
0 0.3365625 0.6395833333333333 0.098125 0.13083333333333333
0 0.441875 0.6554166666666666 0.08625 0.11416666666666667
0 0.6521875 0.3616666666666667 0.088125 0.11666666666666667
0 0.8490625 0.39791666666666664 0.083125 0.11083333333333334
1 0.7465625 0.77875 0.121875 0.1625
0 0.2646875 0.20875 0.093125 0.12416666666666666
0 0.759375 0.6408333333333334 0.0875 0.11666666666666667
0 0.3334375 0.9033333333333333 0.094375 0.12666666666666668
0 0.475 0.5141666666666667 0.10375 0.13833333333333334
0 0.8121875 0.23625 0.089375 0.11916666666666667
0 0.226875 0.31416666666666665 0.0925 0.12333333333333334
0 0.226875 0.61 0.09 0.12
0 0.556875 0.6345833333333334 0.0825 0.10916666666666666
0 0.891875 0.305 0.1025 0.13666666666666666
0 0.63125 0.7875 0.1175 0.15666666666666668
0 0.3175 0.5991666666666666 0.08375 0.11166666666666666
0 0.6709375 0.7195833333333334 0.093125 0.12416666666666666
0 0.4221875 0.5916666666666667 0.093125 0.12333333333333334
0 0.3265625 0.18458333333333332 0.110625 0.1475
0 0.2896875 0.5645833333333333 0.103125 0.1375
0 0.3509375 0.40791666666666665 0.096875 0.12916666666666668
0 0.345625 0.31666666666666665 0.08875 0.11833333333333333
0 0.3996875 0.19375 0.098125 0.13083333333333333
0 0.3921875 0.30083333333333334 0.091875 0.12166666666666667
0 0.1871875 0.41291666666666665 0.083125 0.11083333333333334
0 0.313125 0.3883333333333333 0.09375 0.125
0 0.936875 0.34 0.08 0.10666666666666667
0 0.5521875 0.5954166666666667 0.090625 0.12083333333333333
0 0.1953125 0.47541666666666665 0.095625 0.1275
1 0.90875 0.39791666666666664 0.10625 0.14083333333333334
1 0.5653125 0.7520833333333333 0.113125 0.15083333333333335
1 0.2828125 0.3525 0.081875 0.10833333333333334
0 0.204375 0.28291666666666665 0.085 0.1125
0 0.194375 0.5433333333333333 0.0875 0.11666666666666667
0 0.1671875 0.47625 0.088125 0.1175
0 0.756875 0.2 0.0875 0.11666666666666667
0 0.601875 0.6825 0.08375 0.11166666666666666
0 0.6496875 0.6804166666666667 0.083125 0.11083333333333334
0 0.4746875 0.32083333333333336 0.126875 0.16833333333333333
0 0.35625 0.6808333333333333 0.09875 0.13166666666666665
0 0.4325 0.14875 0.09125 0.1225
0 0.4134375 0.23125 0.098125 0.13083333333333333